hugo_symbol	n.x	status	n.y	perc
ANKRD24	1	AfrAmr	2	50
APCDD1	1	AfrAmr	1	100
ARHGEF10	1	AfrAmr	1	100
C18orf8	1	AfrAmr	1	100
CDKN2A	1	AfrAmr	2	50
DDHD2	1	AfrAmr	1	100
DDX60	1	AfrAmr	1	100
DENND2A	1	AfrAmr	1	100
GPR156	1	AfrAmr	2	50
HDLBP	1	AfrAmr	1	100
KRAS	1	AfrAmr	3	33.33333333333333
NAPSA	1	AfrAmr	1	100
NELFE	1	AfrAmr	1	100
OXSM	1	AfrAmr	1	100
PTHLH	1	AfrAmr	1	100
RADIL	1	AfrAmr	1	100
RPTOR	1	AfrAmr	1	100
RYR1	1	AfrAmr	2	50
SLC27A6	1	AfrAmr	1	100
KAT6B	1	AfrAmr	1	100
ACHE	1	AfrAmr	1	100
ACTN3	1	AfrAmr	1	100
ADGRG5	1	AfrAmr	1	100
AMPH	1	AfrAmr	1	100
AP5B1	1	AfrAmr	1	100
APBA1	1	AfrAmr	1	100
APBA2	1	AfrAmr	1	100
ARHGEF18	1	AfrAmr	1	100
BIN2	1	AfrAmr	1	100
CAMK4	1	AfrAmr	1	100
CDH22	1	AfrAmr	2	50
COL25A1	1	AfrAmr	1	100
CRB2	1	AfrAmr	1	100
CYP4F11	1	AfrAmr	1	100
DLC1	1	AfrAmr	1	100
DNAH2	1	AfrAmr	1	100
DNAH7	1	AfrAmr	1	100
DST	1	AfrAmr	1	100
FANCC	1	AfrAmr	1	100
FASTK	1	AfrAmr	1	100
FBXO16	1	AfrAmr	1	100
HAND2	1	AfrAmr	1	100
HEATR5B	1	AfrAmr	1	100
HHIPL2	1	AfrAmr	1	100
HIST1H4B	1	AfrAmr	1	100
HOXC11	1	AfrAmr	1	100
HSPA8	1	AfrAmr	1	100
IL27	1	AfrAmr	1	100
KRAS	1	AfrAmr	3	33.33333333333333
KRTAP26-1	1	AfrAmr	1	100
LAP3	1	AfrAmr	1	100
MAPK10	1	AfrAmr	1	100
MTMR12	1	AfrAmr	1	100
NLGN3	1	AfrAmr	1	100
NPAP1	1	AfrAmr	1	100
OR6F1	1	AfrAmr	1	100
OR8H2	1	AfrAmr	1	100
QRICH2	1	AfrAmr	1	100
RBM5	1	AfrAmr	1	100
RYR1	1	AfrAmr	2	50
SAMD7	1	AfrAmr	2	50
SPATA20	1	AfrAmr	1	100
SRMS	1	AfrAmr	1	100
SZT2	1	AfrAmr	1	100
TBX20	1	AfrAmr	1	100
TMEM130	1	AfrAmr	1	100
TP53	1	AfrAmr	2	50
TUSC3	1	AfrAmr	1	100
WBSCR27	1	AfrAmr	1	100
ZBED9	1	AfrAmr	1	100
ZEB2	2	AfrAmr	1	200
ZNF202	1	AfrAmr	1	100
ZNF536	1	AfrAmr	1	100
ZNF799	1	AfrAmr	1	100
ZRANB3	1	AfrAmr	1	100
ATP8A1	1	AfrAmr	1	100
CABP5	1	AfrAmr	1	100
CCT3	1	AfrAmr	1	100
CDH10	1	AfrAmr	1	100
CDKN2A	1	AfrAmr	2	50
CEP170B	1	AfrAmr	1	100
CHST11	1	AfrAmr	1	100
CLEC4M	1	AfrAmr	1	100
CSK	1	AfrAmr	1	100
CUL9	1	AfrAmr	1	100
DDR2	1	AfrAmr	1	100
ERBB4	1	AfrAmr	1	100
ERCC5	1	AfrAmr	1	100
FLT3	1	AfrAmr	1	100
FOXS1	1	AfrAmr	1	100
GIF	1	AfrAmr	1	100
HELQ	1	AfrAmr	1	100
HIST1H4E	1	AfrAmr	1	100
IP6K2	1	AfrAmr	1	100
KRAS	1	AfrAmr	3	33.33333333333333
MAP2	1	AfrAmr	1	100
MATN4	1	AfrAmr	1	100
MED1	1	AfrAmr	2	50
MTTP	1	AfrAmr	1	100
MUC1	1	AfrAmr	1	100
MYO3A	1	AfrAmr	1	100
NKAPL	1	AfrAmr	1	100
NLRP3	1	AfrAmr	1	100
OBSL1	1	AfrAmr	1	100
OR10K1	1	AfrAmr	1	100
PCDHB3	1	AfrAmr	1	100
PRDM13	1	AfrAmr	1	100
RBM28	1	AfrAmr	1	100
RREB1	1	AfrAmr	1	100
SHROOM2	1	AfrAmr	1	100
SLCO6A1	1	AfrAmr	1	100
STAG2	1	AfrAmr	2	50
TP53	1	AfrAmr	2	50
TRMT1	1	AfrAmr	1	100
UBQLN3	1	AfrAmr	1	100
UGP2	1	AfrAmr	1	100
VCAN	1	AfrAmr	1	100
ZNF486	1	AfrAmr	1	100
ZNF75A	1	AfrAmr	1	100
ZNF84	1	AfrAmr	1	100
ZSCAN1	1	AfrAmr	1	100
ALDH1A3	1	AfrAmr	1	100
ASB15	1	AfrAmr	1	100
ASTN2	1	AfrAmr	1	100
AXL	1	AfrAmr	1	100
BDP1	1	AfrAmr	1	100
CD33	1	AfrAmr	1	100
CFAP58	1	AfrAmr	1	100
CHST1	1	AfrAmr	1	100
CILP2	1	AfrAmr	1	100
COL5A1	1	AfrAmr	1	100
CSMD1	1	AfrAmr	1	100
CSMD2	1	AfrAmr	1	100
DDO	1	AfrAmr	1	100
DNAH9	1	AfrAmr	1	100
DOCK8	1	AfrAmr	1	100
FRG2B	1	AfrAmr	1	100
GRIK3	1	AfrAmr	1	100
INCENP	1	AfrAmr	1	100
KCNB1	1	AfrAmr	1	100
KDR	1	AfrAmr	1	100
KMT2D	1	AfrAmr	1	100
LAMP2	1	AfrAmr	1	100
MEGF8	1	AfrAmr	1	100
MELK	1	AfrAmr	1	100
NPHS1	1	AfrAmr	1	100
NXPH1	1	AfrAmr	1	100
OR8K5	1	AfrAmr	1	100
PCDHGA8	1	AfrAmr	1	100
POLK	1	AfrAmr	1	100
PTBP2	1	AfrAmr	1	100
PTK2B	1	AfrAmr	1	100
PYGO1	1	AfrAmr	1	100
RALGAPA2	1	AfrAmr	1	100
RCBTB2	1	AfrAmr	1	100
RET	1	AfrAmr	1	100
SLC12A3	1	AfrAmr	1	100
SLC1A3	1	AfrAmr	1	100
SRF	1	AfrAmr	1	100
TGM7	1	AfrAmr	1	100
TYROBP	1	AfrAmr	1	100
WDR59	1	AfrAmr	1	100
ZBTB3	1	AfrAmr	1	100
ZC2HC1A	1	AfrAmr	1	100
ZGRF1	1	AfrAmr	1	100
ZNF480	1	AfrAmr	1	100
ZNF70	1	AfrAmr	1	100
ADAMTS16	1	AfrAmr	1	100
ADAMTS3	1	AfrAmr	1	100
ADCY5	1	AfrAmr	1	100
ADGRE5	1	AfrAmr	1	100
AFF3	1	AfrAmr	1	100
ALOXE3	1	AfrAmr	1	100
AOC2	1	AfrAmr	1	100
ARHGAP32	1	AfrAmr	1	100
ARMC9	1	AfrAmr	1	100
ASRGL1	1	AfrAmr	1	100
ATP12A	1	AfrAmr	1	100
ATP2B2	1	AfrAmr	1	100
B3GALT5	1	AfrAmr	1	100
C10orf71	1	AfrAmr	1	100
C7orf43	1	AfrAmr	1	100
CADM4	1	AfrAmr	1	100
CASP2	1	AfrAmr	1	100
CD96	1	AfrAmr	1	100
CDH22	1	AfrAmr	2	50
CERK	1	AfrAmr	1	100
CLK2	1	AfrAmr	1	100
CNTNAP4	1	AfrAmr	1	100
COG3	1	AfrAmr	1	100
COL24A1	1	AfrAmr	1	100
COL3A1	1	AfrAmr	1	100
CTAGE1	1	AfrAmr	1	100
CTNNB1	1	AfrAmr	1	100
CUBN	1	AfrAmr	1	100
CYP2R1	1	AfrAmr	1	100
DACH1	1	AfrAmr	1	100
DBT	1	AfrAmr	1	100
DMBT1	1	AfrAmr	1	100
ECT2	1	AfrAmr	1	100
EEF2KMT	1	AfrAmr	1	100
EFCAB1	1	AfrAmr	1	100
EIF2AK2	1	AfrAmr	1	100
EIF3D	1	AfrAmr	1	100
FAM184A	1	AfrAmr	1	100
FBXO45	1	AfrAmr	1	100
FBXW7	1	AfrAmr	1	100
FFAR2	1	AfrAmr	1	100
GDI2	1	AfrAmr	1	100
GNB1	1	AfrAmr	1	100
GPR156	1	AfrAmr	2	50
GRINA	1	AfrAmr	1	100
GRM1	1	AfrAmr	1	100
H2AFY2	1	AfrAmr	1	100
HADH	1	AfrAmr	1	100
HCAR1	1	AfrAmr	1	100
HDAC9	1	AfrAmr	1	100
HIST1H2AL	1	AfrAmr	1	100
HTR5A	1	AfrAmr	1	100
IFIH1	1	AfrAmr	1	100
INPP4A	1	AfrAmr	1	100
ITPRIPL2	1	AfrAmr	1	100
JAK1	1	AfrAmr	1	100
KIAA1429	1	AfrAmr	1	100
KIF5B	1	AfrAmr	1	100
KMT2C	1	AfrAmr	1	100
LOXL1	1	AfrAmr	1	100
LRCH1	1	AfrAmr	1	100
MCM3AP	1	AfrAmr	1	100
MED1	1	AfrAmr	2	50
MEGF11	1	AfrAmr	1	100
MUC16	1	AfrAmr	1	100
NCKAP5	1	AfrAmr	1	100
NDC1	1	AfrAmr	1	100
NEGR1	1	AfrAmr	1	100
NID2	1	AfrAmr	1	100
OR2M7	1	AfrAmr	1	100
OR4Q3	1	AfrAmr	1	100
OR51B2	1	AfrAmr	1	100
OR52N5	1	AfrAmr	1	100
OR6X1	1	AfrAmr	1	100
OR8B12	1	AfrAmr	1	100
OTUD4	1	AfrAmr	1	100
OTUD7B	1	AfrAmr	1	100
PAPSS1	1	AfrAmr	1	100
PCDH15	1	AfrAmr	1	100
PCDH9	1	AfrAmr	1	100
PCLO	1	AfrAmr	1	100
PDGFC	1	AfrAmr	1	100
PIEZO2	1	AfrAmr	1	100
PIGQ	1	AfrAmr	1	100
PNKD	1	AfrAmr	1	100
POPDC3	1	AfrAmr	1	100
PREX1	1	AfrAmr	1	100
PRKDC	1	AfrAmr	1	100
PRL	1	AfrAmr	1	100
PRPF6	1	AfrAmr	1	100
PRSS57	1	AfrAmr	1	100
PSG7	1	AfrAmr	1	100
R3HCC1L	1	AfrAmr	1	100
RASA1	1	AfrAmr	1	100
RGAG1	1	AfrAmr	1	100
RHCE	1	AfrAmr	1	100
RINT1	1	AfrAmr	1	100
RNF26	1	AfrAmr	1	100
SC5D	1	AfrAmr	1	100
SCAP	1	AfrAmr	1	100
SECISBP2L	1	AfrAmr	1	100
SH2B1	1	AfrAmr	1	100
SH3BP4	1	AfrAmr	1	100
SHROOM4	1	AfrAmr	1	100
SLC7A10	1	AfrAmr	1	100
SMYD5	1	AfrAmr	1	100
SRGAP1	1	AfrAmr	1	100
SRSF4	1	AfrAmr	1	100
STK10	1	AfrAmr	1	100
STXBP5L	1	AfrAmr	1	100
SUGT1	1	AfrAmr	1	100
TACR3	1	AfrAmr	1	100
TMPRSS15	1	AfrAmr	1	100
TRAF3	1	AfrAmr	1	100
TRO	1	AfrAmr	1	100
WIF1	1	AfrAmr	1	100
XYLT1	1	AfrAmr	1	100
ZFP28	1	AfrAmr	1	100
ZNF217	1	AfrAmr	1	100
ZNF521	1	AfrAmr	1	100
ZNF645	1	AfrAmr	2	50
ACIN1	1	AfrAmr	1	100
ACTBL2	1	AfrAmr	1	100
ACTL9	1	AfrAmr	1	100
ADAM2	1	AfrAmr	1	100
ADGRV1	1	AfrAmr	1	100
ALX4	1	AfrAmr	1	100
AMFR	1	AfrAmr	1	100
ANAPC2	1	AfrAmr	1	100
ANKRD24	1	AfrAmr	2	50
ATE1	1	AfrAmr	1	100
BRINP2	1	AfrAmr	1	100
CACNA1C	1	AfrAmr	1	100
CALCA	1	AfrAmr	1	100
CCSER2	1	AfrAmr	1	100
DOCK9	1	AfrAmr	1	100
FAM171B	1	AfrAmr	1	100
HELB	1	AfrAmr	1	100
KCNA6	1	AfrAmr	1	100
KIF4A	1	AfrAmr	1	100
LRRN3	1	AfrAmr	1	100
LZTS2	1	AfrAmr	1	100
MFSD8	1	AfrAmr	1	100
MYO10	1	AfrAmr	1	100
MYO1B	1	AfrAmr	1	100
NLRC5	1	AfrAmr	1	100
OGFR	1	AfrAmr	1	100
OR2A7	1	AfrAmr	1	100
OR8K1	1	AfrAmr	1	100
PCDH19	1	AfrAmr	1	100
SAMD7	1	AfrAmr	2	50
SH3TC1	1	AfrAmr	1	100
SLC1A4	1	AfrAmr	1	100
SLC6A19	1	AfrAmr	1	100
SP4	1	AfrAmr	1	100
STAG2	1	AfrAmr	2	50
TEAD2	1	AfrAmr	1	100
TMEM104	1	AfrAmr	1	100
TSPAN11	1	AfrAmr	1	100
TYW1B	1	AfrAmr	1	100
WBSCR28	1	AfrAmr	1	100
WDFY3	1	AfrAmr	1	100
ZNF645	1	AfrAmr	2	50
ABCA4	0	AfrAmr	0	0
ALOX15	0	AfrAmr	0	0
ANKRD26	0	AfrAmr	0	0
APC	0	AfrAmr	0	0
BRWD1	0	AfrAmr	0	0
C19orf57	0	AfrAmr	0	0
C9orf173	0	AfrAmr	0	0
CACNA1H	0	AfrAmr	0	0
CES3	0	AfrAmr	0	0
CHD6	0	AfrAmr	0	0
CRNN	0	AfrAmr	0	0
CUL4B	0	AfrAmr	0	0
DAW1	0	AfrAmr	0	0
DCLRE1B	0	AfrAmr	0	0
DHX35	0	AfrAmr	0	0
DIO3	0	AfrAmr	0	0
DNPEP	0	AfrAmr	0	0
DPYD	0	AfrAmr	0	0
EEF1A1	0	AfrAmr	0	0
EIF2B5	0	AfrAmr	0	0
EPC2	0	AfrAmr	0	0
EXPH5	0	AfrAmr	0	0
GABRA4	0	AfrAmr	0	0
GBX1	0	AfrAmr	0	0
GLI2	0	AfrAmr	0	0
GLRA1	0	AfrAmr	0	0
HNRNPLL	0	AfrAmr	0	0
IGHV1-58	0	AfrAmr	0	0
IGKC	0	AfrAmr	0	0
KIF24	0	AfrAmr	0	0
KLHL1	0	AfrAmr	0	0
KLHL40	0	AfrAmr	0	0
KRT38	0	AfrAmr	0	0
LAMA1	0	AfrAmr	0	0
LHX8	0	AfrAmr	0	0
MBD6	0	AfrAmr	0	0
MOV10L1	0	AfrAmr	0	0
MUC5AC	0	AfrAmr	0	0
NEBL	0	AfrAmr	0	0
NOC4L	0	AfrAmr	0	0
OGT	0	AfrAmr	0	0
OLFML2B	0	AfrAmr	0	0
OR4M1	0	AfrAmr	0	0
OR51I2	0	AfrAmr	0	0
OR8J3	0	AfrAmr	0	0
PDE11A	0	AfrAmr	0	0
PLEK	0	AfrAmr	0	0
RANGAP1	0	AfrAmr	0	0
RNF207	0	AfrAmr	0	0
RPL28	0	AfrAmr	0	0
RTN4RL1	0	AfrAmr	0	0
SEMA5A	0	AfrAmr	0	0
SEZ6L	0	AfrAmr	0	0
SF3B1	0	AfrAmr	0	0
SLC6A15	0	AfrAmr	0	0
SPAG17	0	AfrAmr	0	0
TANC1	0	AfrAmr	0	0
TGFBR2	0	AfrAmr	0	0
TMEM116	0	AfrAmr	0	0
TOP2A	0	AfrAmr	0	0
TPCN1	0	AfrAmr	0	0
UBASH3B	0	AfrAmr	0	0
USP44	0	AfrAmr	0	0
WDR37	0	AfrAmr	0	0
ZNF114	0	AfrAmr	0	0
ABCC10	0	AfrAmr	0	0
ABCG1	0	AfrAmr	0	0
ADAMTS15	0	AfrAmr	0	0
ADAMTS9	0	AfrAmr	0	0
ATG2B	0	AfrAmr	0	0
CASKIN1	0	AfrAmr	0	0
CXCL12	0	AfrAmr	0	0
DNAH11	0	AfrAmr	0	0
DNAH3	0	AfrAmr	0	0
DNER	0	AfrAmr	0	0
FBLN2	0	AfrAmr	0	0
GABBR1	0	AfrAmr	0	0
GANAB	0	AfrAmr	0	0
GK	0	AfrAmr	0	0
HECW1	0	AfrAmr	0	0
KCNV2	0	AfrAmr	0	0
MARCH5	0	AfrAmr	0	0
MEFV	0	AfrAmr	0	0
NTNG1	0	AfrAmr	0	0
PPP4R2	0	AfrAmr	0	0
PSG1	0	AfrAmr	0	0
RASGEF1A	0	AfrAmr	0	0
SEC61B	0	AfrAmr	0	0
SMAD4	0	AfrAmr	0	0
SYNE1	0	AfrAmr	0	0
SYT4	0	AfrAmr	0	0
TGM3	0	AfrAmr	0	0
TMEM257	0	AfrAmr	0	0
URI1	0	AfrAmr	0	0
USP34	0	AfrAmr	0	0
VSTM4	0	AfrAmr	0	0
WDR48	0	AfrAmr	0	0
ZNF345	0	AfrAmr	0	0
ZNF506	0	AfrAmr	0	0
ZP3	0	AfrAmr	0	0
ADAD2	0	AfrAmr	0	0
AJAP1	0	AfrAmr	0	0
AQP4	0	AfrAmr	0	0
ASPM	0	AfrAmr	0	0
C5	0	AfrAmr	0	0
CACNA1F	0	AfrAmr	0	0
CENPJ	0	AfrAmr	0	0
CFAP47	0	AfrAmr	0	0
DHRS2	0	AfrAmr	0	0
DNM1L	0	AfrAmr	0	0
DUOXA2	0	AfrAmr	0	0
EFCAB6	0	AfrAmr	0	0
EIF4ENIF1	0	AfrAmr	0	0
ETS1	0	AfrAmr	0	0
FPR1	0	AfrAmr	0	0
FSHR	0	AfrAmr	0	0
GGCX	0	AfrAmr	0	0
GPR26	0	AfrAmr	0	0
GRIK4	0	AfrAmr	0	0
HYDIN	0	AfrAmr	0	0
IGF2R	0	AfrAmr	0	0
ITGB2	0	AfrAmr	0	0
KCNG3	0	AfrAmr	0	0
KIF1A	0	AfrAmr	0	0
KSR2	0	AfrAmr	0	0
KY	0	AfrAmr	0	0
LCE2C	0	AfrAmr	0	0
LMF2	0	AfrAmr	0	0
MYL9	0	AfrAmr	0	0
MYT1L	0	AfrAmr	0	0
NPHS2	0	AfrAmr	0	0
OR14A16	0	AfrAmr	0	0
OR2L8	0	AfrAmr	0	0
OR4F6	0	AfrAmr	0	0
PCNX	0	AfrAmr	0	0
PITPNM1	0	AfrAmr	0	0
PLEKHA4	0	AfrAmr	0	0
POTEE	0	AfrAmr	0	0
PTPN13	0	AfrAmr	0	0
PXK	0	AfrAmr	0	0
RSPH10B	0	AfrAmr	0	0
RSPH6A	0	AfrAmr	0	0
SALL2	0	AfrAmr	0	0
SCN5A	0	AfrAmr	0	0
SEMA3A	0	AfrAmr	0	0
SESTD1	0	AfrAmr	0	0
SGSM1	0	AfrAmr	0	0
SH3TC2	0	AfrAmr	0	0
SIGLEC6	0	AfrAmr	0	0
SP140	0	AfrAmr	0	0
STXBP4	0	AfrAmr	0	0
TENM4	0	AfrAmr	0	0
TMEM198	0	AfrAmr	0	0
TNR	0	AfrAmr	0	0
TPTE	0	AfrAmr	0	0
TRH	0	AfrAmr	0	0
TTN	0	AfrAmr	0	0
UTS2R	0	AfrAmr	0	0
ZNF365	0	AfrAmr	0	0
ZNF500	0	AfrAmr	0	0
ZNF99	0	AfrAmr	0	0
ADCY3	0	AfrAmr	0	0
ALK	0	AfrAmr	0	0
ARHGAP5	0	AfrAmr	0	0
ATP8B4	0	AfrAmr	0	0
CRKL	0	AfrAmr	0	0
CSMD3	0	AfrAmr	0	0
DLG4	0	AfrAmr	0	0
EPOR	0	AfrAmr	0	0
EVPL	0	AfrAmr	0	0
F5	0	AfrAmr	0	0
FASTKD1	0	AfrAmr	0	0
GMDS	0	AfrAmr	0	0
GSDMD	0	AfrAmr	0	0
GSG1	0	AfrAmr	0	0
HAPLN1	0	AfrAmr	0	0
HMX2	0	AfrAmr	0	0
HNRNPA1	0	AfrAmr	0	0
IKZF2	0	AfrAmr	0	0
IL23R	0	AfrAmr	0	0
ITGA7	0	AfrAmr	0	0
KCNA4	0	AfrAmr	0	0
LATS2	0	AfrAmr	0	0
MAPT	0	AfrAmr	0	0
MST1R	0	AfrAmr	0	0
MUC17	0	AfrAmr	0	0
NRROS	0	AfrAmr	0	0
NUP50	0	AfrAmr	0	0
NWD1	0	AfrAmr	0	0
OGDHL	0	AfrAmr	0	0
OR2M4	0	AfrAmr	0	0
PHB	0	AfrAmr	0	0
PHEX	0	AfrAmr	0	0
PIAS3	0	AfrAmr	0	0
PTCHD2	0	AfrAmr	0	0
RTN4	0	AfrAmr	0	0
SDK1	0	AfrAmr	0	0
SLC4A2	0	AfrAmr	0	0
SPTLC1	0	AfrAmr	0	0
SRCAP	0	AfrAmr	0	0
STOX2	0	AfrAmr	0	0
THBS4	0	AfrAmr	0	0
UMOD	0	AfrAmr	0	0
ZFHX4	0	AfrAmr	0	0
ZFPM2	0	AfrAmr	0	0
ABCB1	0	AfrAmr	0	0
ABCF3	0	AfrAmr	0	0
ATP8B2	0	AfrAmr	0	0
C1orf94	0	AfrAmr	0	0
C1QTNF7	0	AfrAmr	0	0
CARD6	0	AfrAmr	0	0
CCDC50	0	AfrAmr	0	0
CLIC5	0	AfrAmr	0	0
CSE1L	0	AfrAmr	0	0
DMD	0	AfrAmr	0	0
EPB41L5	0	AfrAmr	0	0
EVI2A	0	AfrAmr	0	0
FARSB	0	AfrAmr	0	0
FHOD3	0	AfrAmr	0	0
GAREM	0	AfrAmr	0	0
GRIP2	0	AfrAmr	0	0
LONP1	0	AfrAmr	0	0
MED12L	0	AfrAmr	0	0
MYLK	0	AfrAmr	0	0
PCDHA3	0	AfrAmr	0	0
PHF21B	0	AfrAmr	0	0
TRIP6	0	AfrAmr	0	0
USP24	0	AfrAmr	0	0
VPS13B	0	AfrAmr	0	0
WDR36	0	AfrAmr	0	0
ACCS	0	AfrAmr	0	0
BLVRA	0	AfrAmr	0	0
CMYA5	0	AfrAmr	0	0
DMP1	0	AfrAmr	0	0
DNMT3A	0	AfrAmr	0	0
EPHA7	0	AfrAmr	0	0
GTF3C3	0	AfrAmr	0	0
HOXA4	0	AfrAmr	0	0
INTS1	0	AfrAmr	0	0
IQCF2	0	AfrAmr	0	0
JAKMIP1	0	AfrAmr	0	0
KIDINS220	0	AfrAmr	0	0
KIF21B	0	AfrAmr	0	0
MLLT4	0	AfrAmr	0	0
MOGS	0	AfrAmr	0	0
NCAPH	0	AfrAmr	0	0
PARP6	0	AfrAmr	0	0
PAWR	0	AfrAmr	0	0
PMEPA1	0	AfrAmr	0	0
QRFPR	0	AfrAmr	0	0
RIMS2	0	AfrAmr	0	0
SQSTM1	0	AfrAmr	0	0
STRIP2	0	AfrAmr	0	0
TMEM37	0	AfrAmr	0	0
WRN	0	AfrAmr	0	0
ZNF28	0	AfrAmr	0	0
ABCC6	0	AfrAmr	0	0
AKT3	0	AfrAmr	0	0
CD1D	0	AfrAmr	0	0
CENPF	0	AfrAmr	0	0
CISH	0	AfrAmr	0	0
DNAH1	0	AfrAmr	0	0
DYNC1I1	0	AfrAmr	0	0
EWSR1	0	AfrAmr	0	0
GNL3	0	AfrAmr	0	0
HLCS	0	AfrAmr	0	0
HVCN1	0	AfrAmr	0	0
KCNA5	0	AfrAmr	0	0
KIAA1211	0	AfrAmr	0	0
LCT	0	AfrAmr	0	0
LRFN1	0	AfrAmr	0	0
MARCH8	0	AfrAmr	0	0
MED18	0	AfrAmr	0	0
NEK4	0	AfrAmr	0	0
PHIP	0	AfrAmr	0	0
PHYKPL	0	AfrAmr	0	0
PRX	0	AfrAmr	0	0
RARS2	0	AfrAmr	0	0
RUNX1	0	AfrAmr	0	0
SCAF1	0	AfrAmr	0	0
SEMA4C	0	AfrAmr	0	0
SNX6	0	AfrAmr	0	0
SPATA31A7	0	AfrAmr	0	0
SPINK2	0	AfrAmr	0	0
TBC1D19	0	AfrAmr	0	0
UTRN	0	AfrAmr	0	0
ZNF582	0	AfrAmr	0	0
ZNF585B	0	AfrAmr	0	0
ZNF823	0	AfrAmr	0	0
ZSCAN25	0	AfrAmr	0	0
ABTB2	0	AfrAmr	0	0
ASGR2	0	AfrAmr	0	0
CADPS2	0	AfrAmr	0	0
CDC25B	0	AfrAmr	0	0
CEP290	0	AfrAmr	0	0
CHRNA2	0	AfrAmr	0	0
CNBD1	0	AfrAmr	0	0
CRMP1	0	AfrAmr	0	0
CTNNA2	0	AfrAmr	0	0
DIDO1	0	AfrAmr	0	0
DNAAF5	0	AfrAmr	0	0
DRD3	0	AfrAmr	0	0
FAH	0	AfrAmr	0	0
FAHD2B	0	AfrAmr	0	0
FTSJ3	0	AfrAmr	0	0
GABRB1	0	AfrAmr	0	0
GRHL2	0	AfrAmr	0	0
HSPG2	0	AfrAmr	0	0
KCNB2	0	AfrAmr	0	0
KIAA1755	0	AfrAmr	0	0
MAP6	0	AfrAmr	0	0
MLXIPL	0	AfrAmr	0	0
NAA60	0	AfrAmr	0	0
NFS1	0	AfrAmr	0	0
NTSR1	0	AfrAmr	0	0
PDE3A	0	AfrAmr	0	0
PEG10	0	AfrAmr	0	0
PLEKHA5	0	AfrAmr	0	0
RARG	0	AfrAmr	0	0
RFPL1	0	AfrAmr	0	0
RYR2	0	AfrAmr	0	0
SCN9A	0	AfrAmr	0	0
SIGLEC8	0	AfrAmr	0	0
SLC25A38	0	AfrAmr	0	0
SLC41A3	0	AfrAmr	0	0
SPEG	0	AfrAmr	0	0
TARSL2	0	AfrAmr	0	0
TBC1D2B	0	AfrAmr	0	0
TBC1D32	0	AfrAmr	0	0
TIMM44	0	AfrAmr	0	0
TPO	0	AfrAmr	0	0
TRDN	0	AfrAmr	0	0
UBR4	0	AfrAmr	0	0
USP5	0	AfrAmr	0	0
VAX1	0	AfrAmr	0	0
ZNF182	0	AfrAmr	0	0
ZNF470	0	AfrAmr	0	0
ADAM17	0	AfrAmr	0	0
AGER	0	AfrAmr	0	0
ANK3	0	AfrAmr	0	0
ARHGAP36	0	AfrAmr	0	0
B3GAT3	0	AfrAmr	0	0
BCL11A	0	AfrAmr	0	0
C19orf26	0	AfrAmr	0	0
C1S	0	AfrAmr	0	0
CCAR1	0	AfrAmr	0	0
CNIH3	0	AfrAmr	0	0
ENC1	0	AfrAmr	0	0
FOXD4L4	0	AfrAmr	0	0
FUZ	0	AfrAmr	0	0
GRIN3B	0	AfrAmr	0	0
IFNLR1	0	AfrAmr	0	0
IRS1	0	AfrAmr	0	0
KRTAP9-3	0	AfrAmr	0	0
LRP2	0	AfrAmr	0	0
MAN2B2	0	AfrAmr	0	0
MAPK8IP3	0	AfrAmr	0	0
MPHOSPH9	0	AfrAmr	0	0
MYH7	0	AfrAmr	0	0
NAA25	0	AfrAmr	0	0
NOS1	0	AfrAmr	0	0
OR14K1	0	AfrAmr	0	0
OR4E2	0	AfrAmr	0	0
PCDHA7	0	AfrAmr	0	0
POLR2G	0	AfrAmr	0	0
PPP1R1B	0	AfrAmr	0	0
PPP6R1	0	AfrAmr	0	0
PRPS1L1	0	AfrAmr	0	0
PRRT2	0	AfrAmr	0	0
PRSS23	0	AfrAmr	0	0
SCN1A	0	AfrAmr	0	0
SORCS2	0	AfrAmr	0	0
SP100	0	AfrAmr	0	0
SYT16	0	AfrAmr	0	0
TREX2	0	AfrAmr	0	0
TUBA4A	0	AfrAmr	0	0
VEPH1	0	AfrAmr	0	0
ZWILCH	0	AfrAmr	0	0
ABL1	0	AfrAmr	0	0
AGAP1	0	AfrAmr	0	0
COL1A2	0	AfrAmr	0	0
COL28A1	0	AfrAmr	0	0
IGDCC3	0	AfrAmr	0	0
LRP4	0	AfrAmr	0	0
MAGEA12	0	AfrAmr	0	0
MCF2	0	AfrAmr	0	0
MPV17L2	0	AfrAmr	0	0
MYO18B	0	AfrAmr	0	0
NEO1	0	AfrAmr	0	0
NOX1	0	AfrAmr	0	0
NPTX1	0	AfrAmr	0	0
OR11L1	0	AfrAmr	0	0
PCDHA12	0	AfrAmr	0	0
PCDHA6	0	AfrAmr	0	0
PPP1R3D	0	AfrAmr	0	0
PSMD1	0	AfrAmr	0	0
RP11-49K24.9	0	AfrAmr	0	0
SCN4A	0	AfrAmr	0	0
SI	0	AfrAmr	0	0
SIAH2	0	AfrAmr	0	0
SLC8A3	0	AfrAmr	0	0
TTC21A	0	AfrAmr	0	0
VPS13C	0	AfrAmr	0	0
WDR17	0	AfrAmr	0	0
ZMYND12	0	AfrAmr	0	0
ZNF106	0	AfrAmr	0	0
ZNF283	0	AfrAmr	0	0
ADGRG4	0	AfrAmr	0	0
AHNAK	0	AfrAmr	0	0
BIRC6	0	AfrAmr	0	0
BRAF	0	AfrAmr	0	0
C12orf66	0	AfrAmr	0	0
CACNA1B	0	AfrAmr	0	0
CACNA1S	0	AfrAmr	0	0
CCDC114	0	AfrAmr	0	0
CD163L1	0	AfrAmr	0	0
CEBPZ	0	AfrAmr	0	0
CLU	0	AfrAmr	0	0
COL18A1	0	AfrAmr	0	0
COL6A6	0	AfrAmr	0	0
CPSF1	0	AfrAmr	0	0
CTNND1	0	AfrAmr	0	0
DCHS1	0	AfrAmr	0	0
DENND1A	0	AfrAmr	0	0
DNAAF1	0	AfrAmr	0	0
DOPEY1	0	AfrAmr	0	0
DSCR4	0	AfrAmr	0	0
EIF2B2	0	AfrAmr	0	0
EPHB2	0	AfrAmr	0	0
FAM129C	0	AfrAmr	0	0
HMCN1	0	AfrAmr	0	0
IQGAP1	0	AfrAmr	0	0
KDM5A	0	AfrAmr	0	0
MLLT11	0	AfrAmr	0	0
MYH4	0	AfrAmr	0	0
NBEAL2	0	AfrAmr	0	0
NLRP13	0	AfrAmr	0	0
PNMAL2	0	AfrAmr	0	0
PROP1	0	AfrAmr	0	0
RNF213	0	AfrAmr	0	0
SOHLH2	0	AfrAmr	0	0
SORCS1	0	AfrAmr	0	0
TIAM1	0	AfrAmr	0	0
TUBA1C	0	AfrAmr	0	0
USP39	0	AfrAmr	0	0
WDR6	0	AfrAmr	0	0
ZC3H12A	0	AfrAmr	0	0
ZSCAN5B	0	AfrAmr	0	0
ABCG4	0	AfrAmr	0	0
ADGRF3	0	AfrAmr	0	0
ANK2	0	AfrAmr	0	0
APOL5	0	AfrAmr	0	0
CBL	0	AfrAmr	0	0
CBLB	0	AfrAmr	0	0
CRIM1	0	AfrAmr	0	0
CSNK1G3	0	AfrAmr	0	0
DACT1	0	AfrAmr	0	0
DGKH	0	AfrAmr	0	0
DSCAM	0	AfrAmr	0	0
EGF	0	AfrAmr	0	0
EP300	0	AfrAmr	0	0
EPHA4	0	AfrAmr	0	0
FAM107A	0	AfrAmr	0	0
FAM193A	0	AfrAmr	0	0
FAM208A	0	AfrAmr	0	0
FAT3	0	AfrAmr	0	0
FOXD4L3	0	AfrAmr	0	0
FSTL4	0	AfrAmr	0	0
GABBR2	0	AfrAmr	0	0
GPATCH8	0	AfrAmr	0	0
HOXB7	0	AfrAmr	0	0
HRASLS5	0	AfrAmr	0	0
IL1RAPL1	0	AfrAmr	0	0
IL21	0	AfrAmr	0	0
IRF7	0	AfrAmr	0	0
KCND3	0	AfrAmr	0	0
KCNH5	0	AfrAmr	0	0
KNG1	0	AfrAmr	0	0
KRT83	0	AfrAmr	0	0
LIN54	0	AfrAmr	0	0
LTBP4	0	AfrAmr	0	0
MAL	0	AfrAmr	0	0
MAP3K14	0	AfrAmr	0	0
MAP7D3	0	AfrAmr	0	0
MCTP1	0	AfrAmr	0	0
MOS	0	AfrAmr	0	0
NOS3	0	AfrAmr	0	0
OLFM1	0	AfrAmr	0	0
OR5M1	0	AfrAmr	0	0
OR6C6	0	AfrAmr	0	0
PCDH11X	0	AfrAmr	0	0
POLR2B	0	AfrAmr	0	0
PUSL1	0	AfrAmr	0	0
QPCT	0	AfrAmr	0	0
RAG1	0	AfrAmr	0	0
RAX2	0	AfrAmr	0	0
RIMS4	0	AfrAmr	0	0
RPTN	0	AfrAmr	0	0
SAFB	0	AfrAmr	0	0
SEMA4G	0	AfrAmr	0	0
SIGLEC1	0	AfrAmr	0	0
SLC35G2	0	AfrAmr	0	0
SLC8A2	0	AfrAmr	0	0
SYCP1	0	AfrAmr	0	0
TAF4	0	AfrAmr	0	0
TBC1D9	0	AfrAmr	0	0
TENM1	0	AfrAmr	0	0
TINF2	0	AfrAmr	0	0
TLR8	0	AfrAmr	0	0
TMEM248	0	AfrAmr	0	0
TMEM87A	0	AfrAmr	0	0
TNKS1BP1	0	AfrAmr	0	0
TRIM33	0	AfrAmr	0	0
USP8	0	AfrAmr	0	0
ZNF256	0	AfrAmr	0	0
ZNF646	0	AfrAmr	0	0
ABCA12	0	AfrAmr	0	0
ABHD3	0	AfrAmr	0	0
ACE2	0	AfrAmr	0	0
ACTL7B	0	AfrAmr	0	0
ACVR1C	0	AfrAmr	0	0
ADAR	0	AfrAmr	0	0
ADCY2	0	AfrAmr	0	0
ARFIP2	0	AfrAmr	0	0
ARRB2	0	AfrAmr	0	0
ARSA	0	AfrAmr	0	0
ATP4A	0	AfrAmr	0	0
ATP9A	0	AfrAmr	0	0
CCDC170	0	AfrAmr	0	0
CD5L	0	AfrAmr	0	0
CFAP61	0	AfrAmr	0	0
CHN1	0	AfrAmr	0	0
CLEC12B	0	AfrAmr	0	0
CMTM8	0	AfrAmr	0	0
COL4A4	0	AfrAmr	0	0
CTAG2	0	AfrAmr	0	0
CYP11B2	0	AfrAmr	0	0
DCAF4L1	0	AfrAmr	0	0
DRD1	0	AfrAmr	0	0
DYNC1I2	0	AfrAmr	0	0
ECSIT	0	AfrAmr	0	0
EXOC6B	0	AfrAmr	0	0
FAM13B	0	AfrAmr	0	0
FDXR	0	AfrAmr	0	0
FIG4	0	AfrAmr	0	0
FLG2	0	AfrAmr	0	0
GAS2	0	AfrAmr	0	0
GLIS3	0	AfrAmr	0	0
HIVEP1	0	AfrAmr	0	0
HOXA10	0	AfrAmr	0	0
HSPA12B	0	AfrAmr	0	0
IGSF21	0	AfrAmr	0	0
IL27RA	0	AfrAmr	0	0
IL36G	0	AfrAmr	0	0
ITCH	0	AfrAmr	0	0
KLHL14	0	AfrAmr	0	0
LILRB4	0	AfrAmr	0	0
LRP1B	0	AfrAmr	0	0
MNS1	0	AfrAmr	0	0
MROH1	0	AfrAmr	0	0
MTNR1B	0	AfrAmr	0	0
MYH14	0	AfrAmr	0	0
MYL3	0	AfrAmr	0	0
MYO1E	0	AfrAmr	0	0
NEK11	0	AfrAmr	0	0
NFATC2	0	AfrAmr	0	0
NKG7	0	AfrAmr	0	0
NNT	0	AfrAmr	0	0
NRCAM	0	AfrAmr	0	0
NRXN1	0	AfrAmr	0	0
OR10H2	0	AfrAmr	0	0
OR10R2	0	AfrAmr	0	0
OR4N5	0	AfrAmr	0	0
OR51B5	0	AfrAmr	0	0
OR8H3	0	AfrAmr	0	0
PDE1B	0	AfrAmr	0	0
PDLIM5	0	AfrAmr	0	0
PEG3	0	AfrAmr	0	0
PPIF	0	AfrAmr	0	0
PPP1R13B	0	AfrAmr	0	0
PRDM9	0	AfrAmr	0	0
PRPF38B	0	AfrAmr	0	0
PTPRT	0	AfrAmr	0	0
RABGGTB	0	AfrAmr	0	0
RANBP3	0	AfrAmr	0	0
RNF44	0	AfrAmr	0	0
RRP8	0	AfrAmr	0	0
SCN2A	0	AfrAmr	0	0
SDE2	0	AfrAmr	0	0
SIGIRR	0	AfrAmr	0	0
SLC17A7	0	AfrAmr	0	0
SLC26A9	0	AfrAmr	0	0
SLC35G5	0	AfrAmr	0	0
SLC44A4	0	AfrAmr	0	0
SOX6	0	AfrAmr	0	0
SPRR2E	0	AfrAmr	0	0
STAP1	0	AfrAmr	0	0
STAT2	0	AfrAmr	0	0
STXBP6	0	AfrAmr	0	0
TBC1D9B	0	AfrAmr	0	0
TIGD5	0	AfrAmr	0	0
TIGD6	0	AfrAmr	0	0
TINAG	0	AfrAmr	0	0
TLN2	0	AfrAmr	0	0
TOR4A	0	AfrAmr	0	0
TRPV4	0	AfrAmr	0	0
TSPAN5	0	AfrAmr	0	0
TTLL10	0	AfrAmr	0	0
UBE3C	0	AfrAmr	0	0
UBQLNL	0	AfrAmr	0	0
VAV1	0	AfrAmr	0	0
ZC3H7B	0	AfrAmr	0	0
ZNF17	0	AfrAmr	0	0
ZNF777	0	AfrAmr	0	0
AKR1A1	0	AfrAmr	0	0
CRYBB1	0	AfrAmr	0	0
HIVEP3	0	AfrAmr	0	0
KLHDC2	0	AfrAmr	0	0
MMP2	0	AfrAmr	0	0
NLRP9	0	AfrAmr	0	0
NUP155	0	AfrAmr	0	0
TPR	0	AfrAmr	0	0
TUBG2	0	AfrAmr	0	0
ADAM23	0	AfrAmr	0	0
AKAP6	0	AfrAmr	0	0
ARHGAP10	0	AfrAmr	0	0
FCAR	0	AfrAmr	0	0
FOXI2	0	AfrAmr	0	0
HECW2	0	AfrAmr	0	0
IKZF4	0	AfrAmr	0	0
ITPR3	0	AfrAmr	0	0
KCNK2	0	AfrAmr	0	0
LTA4H	0	AfrAmr	0	0
LYSMD3	0	AfrAmr	0	0
OR6T1	0	AfrAmr	0	0
PLEC	0	AfrAmr	0	0
RIMBP2	0	AfrAmr	0	0
RPP14	0	AfrAmr	0	0
SNAPC2	0	AfrAmr	0	0
TMEM132E	0	AfrAmr	0	0
TUBGCP2	0	AfrAmr	0	0
WDR78	0	AfrAmr	0	0
ALS2	0	AfrAmr	0	0
ANKRD50	0	AfrAmr	0	0
ATM	0	AfrAmr	0	0
FAM167A	0	AfrAmr	0	0
HERC2	0	AfrAmr	0	0
KIAA0408	0	AfrAmr	0	0
LRRK1	0	AfrAmr	0	0
METTL3	0	AfrAmr	0	0
PCDHA1	0	AfrAmr	0	0
RICTOR	0	AfrAmr	0	0
TYK2	0	AfrAmr	0	0
ZNRF4	0	AfrAmr	0	0
AGL	0	AfrAmr	0	0
ALPK2	0	AfrAmr	0	0
AP4B1	0	AfrAmr	0	0
ASTN1	0	AfrAmr	0	0
BTBD11	0	AfrAmr	0	0
CBLL1	0	AfrAmr	0	0
CDH2	0	AfrAmr	0	0
CPNE8	0	AfrAmr	0	0
CRTAC1	0	AfrAmr	0	0
CTNND2	0	AfrAmr	0	0
DCHS2	0	AfrAmr	0	0
DND1	0	AfrAmr	0	0
EXOC7	0	AfrAmr	0	0
FAM178A	0	AfrAmr	0	0
FANCD2	0	AfrAmr	0	0
FAT2	0	AfrAmr	0	0
FOXD3	0	AfrAmr	0	0
GPSM1	0	AfrAmr	0	0
HIPK3	0	AfrAmr	0	0
HK3	0	AfrAmr	0	0
INHBB	0	AfrAmr	0	0
INPP5B	0	AfrAmr	0	0
ISLR2	0	AfrAmr	0	0
ITGA6	0	AfrAmr	0	0
ITPR1	0	AfrAmr	0	0
MAGEL2	0	AfrAmr	0	0
MUC6	0	AfrAmr	0	0
MYO1F	0	AfrAmr	0	0
NCKAP5L	0	AfrAmr	0	0
OR5D13	0	AfrAmr	0	0
PCDHGA5	0	AfrAmr	0	0
PCNA	0	AfrAmr	0	0
PDCD2L	0	AfrAmr	0	0
PEX16	0	AfrAmr	0	0
PHF1	0	AfrAmr	0	0
PIK3CA	0	AfrAmr	0	0
PPM1G	0	AfrAmr	0	0
PPWD1	0	AfrAmr	0	0
PRADC1	0	AfrAmr	0	0
PRTN3	0	AfrAmr	0	0
RAB40B	0	AfrAmr	0	0
RASAL3	0	AfrAmr	0	0
RNF43	0	AfrAmr	0	0
SBK2	0	AfrAmr	0	0
SGCD	0	AfrAmr	0	0
SKOR1	0	AfrAmr	0	0
SPDYE1	0	AfrAmr	0	0
SRFBP1	0	AfrAmr	0	0
TRIB2	0	AfrAmr	0	0
TRIOBP	0	AfrAmr	0	0
TSHZ2	0	AfrAmr	0	0
UXS1	0	AfrAmr	0	0
ZNF3	0	AfrAmr	0	0
ZNF787	0	AfrAmr	0	0
ABCC1	0	AfrAmr	0	0
ABRA	0	AfrAmr	0	0
ANK1	0	AfrAmr	0	0
ANKS1B	0	AfrAmr	0	0
ANO3	0	AfrAmr	0	0
BCAT2	0	AfrAmr	0	0
COL22A1	0	AfrAmr	0	0
DAND5	0	AfrAmr	0	0
DMKN	0	AfrAmr	0	0
DOPEY2	0	AfrAmr	0	0
ELP4	0	AfrAmr	0	0
FBN3	0	AfrAmr	0	0
FLG	0	AfrAmr	0	0
GLYATL1	0	AfrAmr	0	0
GTF3C5	0	AfrAmr	0	0
HIF3A	0	AfrAmr	0	0
IMPDH2	0	AfrAmr	0	0
ITGAX	0	AfrAmr	0	0
KDM6A	0	AfrAmr	0	0
LTB4R	0	AfrAmr	0	0
MAGEB2	0	AfrAmr	0	0
MAGEE2	0	AfrAmr	0	0
OR5M11	0	AfrAmr	0	0
PLSCR2	0	AfrAmr	0	0
POU4F3	0	AfrAmr	0	0
PTK6	0	AfrAmr	0	0
RND1	0	AfrAmr	0	0
SNRPN	0	AfrAmr	0	0
SPOCK1	0	AfrAmr	0	0
SRRM4	0	AfrAmr	0	0
TEX14	0	AfrAmr	0	0
TUBB2A	0	AfrAmr	0	0
UGT3A2	0	AfrAmr	0	0
ZNF280A	0	AfrAmr	0	0
ZNF780B	0	AfrAmr	0	0
ADGRD1	0	AfrAmr	0	0
CACNA2D3	0	AfrAmr	0	0
CCDC8	0	AfrAmr	0	0
CDH4	0	AfrAmr	0	0
CDK5RAP1	0	AfrAmr	0	0
CNGA4	0	AfrAmr	0	0
CNTN1	0	AfrAmr	0	0
DGKI	0	AfrAmr	0	0
DIAPH1	0	AfrAmr	0	0
DIXDC1	0	AfrAmr	0	0
DLK1	0	AfrAmr	0	0
DNMT3B	0	AfrAmr	0	0
KDM1B	0	AfrAmr	0	0
KHDRBS2	0	AfrAmr	0	0
KRT6C	0	AfrAmr	0	0
LGALS3BP	0	AfrAmr	0	0
LILRB1	0	AfrAmr	0	0
MAST1	0	AfrAmr	0	0
NHLH1	0	AfrAmr	0	0
OPLAH	0	AfrAmr	0	0
OR2M2	0	AfrAmr	0	0
PAXBP1	0	AfrAmr	0	0
RP1L1	0	AfrAmr	0	0
SIRPB1	0	AfrAmr	0	0
TEX2	0	AfrAmr	0	0
TMEM186	0	AfrAmr	0	0
TRGV5	0	AfrAmr	0	0
ADAMTSL3	0	AfrAmr	0	0
ADARB1	0	AfrAmr	0	0
AMZ2	0	AfrAmr	0	0
BAHCC1	0	AfrAmr	0	0
BCAN	0	AfrAmr	0	0
CACNA1D	0	AfrAmr	0	0
CAND1	0	AfrAmr	0	0
CECR2	0	AfrAmr	0	0
CLIP1	0	AfrAmr	0	0
COL14A1	0	AfrAmr	0	0
DLGAP1	0	AfrAmr	0	0
DNASE1	0	AfrAmr	0	0
DOCK4	0	AfrAmr	0	0
DOCK5	0	AfrAmr	0	0
ENTPD2	0	AfrAmr	0	0
ENTPD4	0	AfrAmr	0	0
FAM47A	0	AfrAmr	0	0
FAM71B	0	AfrAmr	0	0
FPR2	0	AfrAmr	0	0
FREM2	0	AfrAmr	0	0
FSCN1	0	AfrAmr	0	0
GAS7	0	AfrAmr	0	0
GLB1L	0	AfrAmr	0	0
GLI3	0	AfrAmr	0	0
GPI	0	AfrAmr	0	0
GPR142	0	AfrAmr	0	0
GUCD1	0	AfrAmr	0	0
HDX	0	AfrAmr	0	0
IRAK3	0	AfrAmr	0	0
ITSN2	0	AfrAmr	0	0
KCND1	0	AfrAmr	0	0
KIAA1462	0	AfrAmr	0	0
KIF26A	0	AfrAmr	0	0
LDB2	0	AfrAmr	0	0
LPCAT3	0	AfrAmr	0	0
LRRC8A	0	AfrAmr	0	0
MAGI2	0	AfrAmr	0	0
MED14	0	AfrAmr	0	0
MLK4	0	AfrAmr	0	0
NAA11	0	AfrAmr	0	0
NR0B1	0	AfrAmr	0	0
OGDH	0	AfrAmr	0	0
OR51I1	0	AfrAmr	0	0
OXTR	0	AfrAmr	0	0
PAG1	0	AfrAmr	0	0
PDE2A	0	AfrAmr	0	0
PDHA2	0	AfrAmr	0	0
PGC	0	AfrAmr	0	0
PIK3R5	0	AfrAmr	0	0
PLCE1	0	AfrAmr	0	0
PLEKHH1	0	AfrAmr	0	0
PM20D1	0	AfrAmr	0	0
PRIMPOL	0	AfrAmr	0	0
PSG6	0	AfrAmr	0	0
PTPRN2	0	AfrAmr	0	0
PTPRS	0	AfrAmr	0	0
RBM12	0	AfrAmr	0	0
SACS	0	AfrAmr	0	0
SETBP1	0	AfrAmr	0	0
SETD1A	0	AfrAmr	0	0
SH2D3C	0	AfrAmr	0	0
SIAH3	0	AfrAmr	0	0
TCERG1	0	AfrAmr	0	0
TENM2	0	AfrAmr	0	0
TGM5	0	AfrAmr	0	0
TIAF1	0	AfrAmr	0	0
TNN	0	AfrAmr	0	0
TRERF1	0	AfrAmr	0	0
USP35	0	AfrAmr	0	0
VSIG1	0	AfrAmr	0	0
VWF	0	AfrAmr	0	0
WIPI2	0	AfrAmr	0	0
ZNF141	0	AfrAmr	0	0
ZNF423	0	AfrAmr	0	0
ZNF835	0	AfrAmr	0	0
ADAMTS4	0	AfrAmr	0	0
AMY2A	0	AfrAmr	0	0
ANKRD11	0	AfrAmr	0	0
AP000304.12	0	AfrAmr	0	0
ASNSD1	0	AfrAmr	0	0
ATP6V1H	0	AfrAmr	0	0
ATP8B3	0	AfrAmr	0	0
BCORL1	0	AfrAmr	0	0
C3	0	AfrAmr	0	0
CFAP54	0	AfrAmr	0	0
CHD8	0	AfrAmr	0	0
CLCN6	0	AfrAmr	0	0
CTDSP1	0	AfrAmr	0	0
DDX46	0	AfrAmr	0	0
DMRT2	0	AfrAmr	0	0
FBXL7	0	AfrAmr	0	0
FLNC	0	AfrAmr	0	0
FOXF1	0	AfrAmr	0	0
GRM8	0	AfrAmr	0	0
KEL	0	AfrAmr	0	0
KNDC1	0	AfrAmr	0	0
LEPR	0	AfrAmr	0	0
LGI3	0	AfrAmr	0	0
LIN28B	0	AfrAmr	0	0
NBPF11	0	AfrAmr	0	0
NOTUM	0	AfrAmr	0	0
NPHP3	0	AfrAmr	0	0
NYAP2	0	AfrAmr	0	0
OPCML	0	AfrAmr	0	0
OR1C1	0	AfrAmr	0	0
OR2T1	0	AfrAmr	0	0
PCDHGB3	0	AfrAmr	0	0
PKHD1	0	AfrAmr	0	0
PLXNB2	0	AfrAmr	0	0
PTPN12	0	AfrAmr	0	0
PUM2	0	AfrAmr	0	0
RNF114	0	AfrAmr	0	0
S1PR1	0	AfrAmr	0	0
SGIP1	0	AfrAmr	0	0
SLC12A7	0	AfrAmr	0	0
SLC2A7	0	AfrAmr	0	0
SLC9C1	0	AfrAmr	0	0
ST8SIA5	0	AfrAmr	0	0
STYXL1	0	AfrAmr	0	0
SYNE2	0	AfrAmr	0	0
TMC5	0	AfrAmr	0	0
ZNF790	0	AfrAmr	0	0
AMPD1	0	AfrAmr	0	0
APOL4	0	AfrAmr	0	0
C1QTNF1	0	AfrAmr	0	0
CA5A	0	AfrAmr	0	0
CDC42BPG	0	AfrAmr	0	0
COL5A3	0	AfrAmr	0	0
CORIN	0	AfrAmr	0	0
CRNKL1	0	AfrAmr	0	0
DACH2	0	AfrAmr	0	0
DNAH8	0	AfrAmr	0	0
EIF3A	0	AfrAmr	0	0
EPC1	0	AfrAmr	0	0
ERBB2IP	0	AfrAmr	0	0
ESRRB	0	AfrAmr	0	0
FRYL	0	AfrAmr	0	0
FUT6	0	AfrAmr	0	0
HSD17B7	0	AfrAmr	0	0
IKBIP	0	AfrAmr	0	0
KLHL38	0	AfrAmr	0	0
KLK10	0	AfrAmr	0	0
LAMA2	0	AfrAmr	0	0
LRRC42	0	AfrAmr	0	0
LRRC7	0	AfrAmr	0	0
NRG3	0	AfrAmr	0	0
PBRM1	0	AfrAmr	0	0
PHLDB2	0	AfrAmr	0	0
PITPNM2	0	AfrAmr	0	0
PVRL1	0	AfrAmr	0	0
RIN2	0	AfrAmr	0	0
SPEN	0	AfrAmr	0	0
SRP9	0	AfrAmr	0	0
TLL1	0	AfrAmr	0	0
TMEM26	0	AfrAmr	0	0
USP28	0	AfrAmr	0	0
ZSCAN16	0	AfrAmr	0	0
CACNA1I	0	AfrAmr	0	0
COG6	0	AfrAmr	0	0
FAM129A	0	AfrAmr	0	0
FOXC2	0	AfrAmr	0	0
GJA5	0	AfrAmr	0	0
IFT88	0	AfrAmr	0	0
IRF2	0	AfrAmr	0	0
KBTBD2	0	AfrAmr	0	0
KCNH4	0	AfrAmr	0	0
KLK15	0	AfrAmr	0	0
LATS1	0	AfrAmr	0	0
MRC1	0	AfrAmr	0	0
PTX4	0	AfrAmr	0	0
ROBO2	0	AfrAmr	0	0
SCUBE1	0	AfrAmr	0	0
SNX27	0	AfrAmr	0	0
TDP2	0	AfrAmr	0	0
VGLL2	0	AfrAmr	0	0
ZEB1	0	AfrAmr	0	0
ZNF274	0	AfrAmr	0	0
ZNF45	0	AfrAmr	0	0
ABCC11	0	AfrAmr	0	0
ALB	0	AfrAmr	0	0
ARHGAP21	0	AfrAmr	0	0
ARHGAP31	0	AfrAmr	0	0
ATAD2	0	AfrAmr	0	0
BLCAP	0	AfrAmr	0	0
C16orf70	0	AfrAmr	0	0
C1RL	0	AfrAmr	0	0
CACNG2	0	AfrAmr	0	0
CAMSAP3	0	AfrAmr	0	0
CAPN5	0	AfrAmr	0	0
CDC27	0	AfrAmr	0	0
CDH23	0	AfrAmr	0	0
CDYL2	0	AfrAmr	0	0
CFH	0	AfrAmr	0	0
CLCC1	0	AfrAmr	0	0
DAGLA	0	AfrAmr	0	0
DAPP1	0	AfrAmr	0	0
DHX36	0	AfrAmr	0	0
DHX38	0	AfrAmr	0	0
DPP10	0	AfrAmr	0	0
EML1	0	AfrAmr	0	0
ENTPD8	0	AfrAmr	0	0
EPHB4	0	AfrAmr	0	0
ETV5	0	AfrAmr	0	0
FAM65A	0	AfrAmr	0	0
FAT1	0	AfrAmr	0	0
FBXL12	0	AfrAmr	0	0
FGF6	0	AfrAmr	0	0
GPR50	0	AfrAmr	0	0
GRAMD1C	0	AfrAmr	0	0
ITFG3	0	AfrAmr	0	0
ITGA4	0	AfrAmr	0	0
KCNK15	0	AfrAmr	0	0
KIAA0100	0	AfrAmr	0	0
KMT2B	0	AfrAmr	0	0
KRTAP10-9	0	AfrAmr	0	0
LAMB3	0	AfrAmr	0	0
MAGED2	0	AfrAmr	0	0
MATN2	0	AfrAmr	0	0
MBTD1	0	AfrAmr	0	0
MFSD7	0	AfrAmr	0	0
MKI67	0	AfrAmr	0	0
MYH10	0	AfrAmr	0	0
NCAPG	0	AfrAmr	0	0
NCOA2	0	AfrAmr	0	0
OBSCN	0	AfrAmr	0	0
OR2B11	0	AfrAmr	0	0
OR4B1	0	AfrAmr	0	0
PCDHB2	0	AfrAmr	0	0
PCDHGC5	0	AfrAmr	0	0
PCYT2	0	AfrAmr	0	0
PDCD11	0	AfrAmr	0	0
PDE8B	0	AfrAmr	0	0
PHOSPHO1	0	AfrAmr	0	0
PKD1L1	0	AfrAmr	0	0
PPP2R1A	0	AfrAmr	0	0
PUM1	0	AfrAmr	0	0
RBSN	0	AfrAmr	0	0
RELN	0	AfrAmr	0	0
RP11-407N17.3	0	AfrAmr	0	0
SCRN2	0	AfrAmr	0	0
SIDT1	0	AfrAmr	0	0
SLC11A1	0	AfrAmr	0	0
SLC25A53	0	AfrAmr	0	0
SMEK2	0	AfrAmr	0	0
SMTNL1	0	AfrAmr	0	0
SOCS5	0	AfrAmr	0	0
SYNPO2L	0	AfrAmr	0	0
TCTE1	0	AfrAmr	0	0
TECTA	0	AfrAmr	0	0
THAP4	0	AfrAmr	0	0
THBS1	0	AfrAmr	0	0
THRAP3	0	AfrAmr	0	0
TLN1	0	AfrAmr	0	0
TMEM214	0	AfrAmr	0	0
TPP2	0	AfrAmr	0	0
UNC80	0	AfrAmr	0	0
VTI1B	0	AfrAmr	0	0
WDR3	0	AfrAmr	0	0
WFIKKN2	0	AfrAmr	0	0
ZNF157	0	AfrAmr	0	0
ZNF619	0	AfrAmr	0	0
ZNF746	0	AfrAmr	0	0
ACAP2	0	AfrAmr	0	0
AMPD2	0	AfrAmr	0	0
BUB1	0	AfrAmr	0	0
CDHR2	0	AfrAmr	0	0
CNGA3	0	AfrAmr	0	0
DDX43	0	AfrAmr	0	0
DLD	0	AfrAmr	0	0
DOCK2	0	AfrAmr	0	0
EPHX1	0	AfrAmr	0	0
FANCA	0	AfrAmr	0	0
FBN1	0	AfrAmr	0	0
FNDC1	0	AfrAmr	0	0
GPAT2	0	AfrAmr	0	0
GPR161	0	AfrAmr	0	0
KRT85	0	AfrAmr	0	0
KRTAP10-2	0	AfrAmr	0	0
LRCH3	0	AfrAmr	0	0
LRP1	0	AfrAmr	0	0
LTBP1	0	AfrAmr	0	0
LY75	0	AfrAmr	0	0
MYO16	0	AfrAmr	0	0
NKD1	0	AfrAmr	0	0
NUP153	0	AfrAmr	0	0
PCDHB7	0	AfrAmr	0	0
PMFBP1	0	AfrAmr	0	0
PRAMEF11	0	AfrAmr	0	0
RTN3	0	AfrAmr	0	0
SCN3A	0	AfrAmr	0	0
SLC32A1	0	AfrAmr	0	0
SLC5A12	0	AfrAmr	0	0
TAOK1	0	AfrAmr	0	0
TNFRSF10A	0	AfrAmr	0	0
TTK	0	AfrAmr	0	0
ZNF175	0	AfrAmr	0	0
ZNF528	0	AfrAmr	0	0
ADCY8	0	AfrAmr	0	0
ALAS2	0	AfrAmr	0	0
ANKAR	0	AfrAmr	0	0
ARSF	0	AfrAmr	0	0
ATP10A	0	AfrAmr	0	0
CDC14A	0	AfrAmr	0	0
CTTN	0	AfrAmr	0	0
CXorf56	0	AfrAmr	0	0
DNAJC30	0	AfrAmr	0	0
DPP6	0	AfrAmr	0	0
IFI44L	0	AfrAmr	0	0
KCNH6	0	AfrAmr	0	0
LPAR6	0	AfrAmr	0	0
OR7D4	0	AfrAmr	0	0
PCDHB12	0	AfrAmr	0	0
PMS1	0	AfrAmr	0	0
PRAMEF6	0	AfrAmr	0	0
PRDM11	0	AfrAmr	0	0
PTPRM	0	AfrAmr	0	0
REV3L	0	AfrAmr	0	0
SLC22A11	0	AfrAmr	0	0
SLC6A2	0	AfrAmr	0	0
SNTG2	0	AfrAmr	0	0
TCEAL2	0	AfrAmr	0	0
TRIM51	0	AfrAmr	0	0
VAV3	0	AfrAmr	0	0
ZKSCAN3	0	AfrAmr	0	0
ZNF302	0	AfrAmr	0	0
ZNF814	0	AfrAmr	0	0
ABCC8	0	AfrAmr	0	0
ABCC9	0	AfrAmr	0	0
ASH1L	0	AfrAmr	0	0
BEND2	0	AfrAmr	0	0
BPTF	0	AfrAmr	0	0
CTSS	0	AfrAmr	0	0
DCC	0	AfrAmr	0	0
EPB41	0	AfrAmr	0	0
FBXO47	0	AfrAmr	0	0
FRY	0	AfrAmr	0	0
GABRB3	0	AfrAmr	0	0
GAS2L2	0	AfrAmr	0	0
GHRL	0	AfrAmr	0	0
GOLGA1	0	AfrAmr	0	0
HERC1	0	AfrAmr	0	0
HMGB2	0	AfrAmr	0	0
IGF2BP3	0	AfrAmr	0	0
IGKV2D-30	0	AfrAmr	0	0
LRRC27	0	AfrAmr	0	0
LRRC36	0	AfrAmr	0	0
METTL15	0	AfrAmr	0	0
MIB1	0	AfrAmr	0	0
MYH1	0	AfrAmr	0	0
NELFB	0	AfrAmr	0	0
NOTCH4	0	AfrAmr	0	0
OR2G2	0	AfrAmr	0	0
OR51T1	0	AfrAmr	0	0
PPIP5K1	0	AfrAmr	0	0
PRKCA	0	AfrAmr	0	0
RETSAT	0	AfrAmr	0	0
SGOL2	0	AfrAmr	0	0
SLC38A8	0	AfrAmr	0	0
SLC4A3	0	AfrAmr	0	0
SPOCK3	0	AfrAmr	0	0
ST18	0	AfrAmr	0	0
STK11	0	AfrAmr	0	0
TBC1D3F	0	AfrAmr	0	0
TUBGCP3	0	AfrAmr	0	0
XRRA1	0	AfrAmr	0	0
ZNF280D	0	AfrAmr	0	0
ZNF569	0	AfrAmr	0	0
ZXDB	0	AfrAmr	0	0
ABCC2	0	AfrAmr	0	0
BANK1	0	AfrAmr	0	0
COX16	0	AfrAmr	0	0
CYP1A1	0	AfrAmr	0	0
DCLK3	0	AfrAmr	0	0
GRIN2B	0	AfrAmr	0	0
HIST1H1E	0	AfrAmr	0	0
HSF4	0	AfrAmr	0	0
INTS6	0	AfrAmr	0	0
KLHL36	0	AfrAmr	0	0
LRCH2	0	AfrAmr	0	0
PRPF8	0	AfrAmr	0	0
SOX10	0	AfrAmr	0	0
SPECC1	0	AfrAmr	0	0
TMC7	0	AfrAmr	0	0
YWHAE	0	AfrAmr	0	0
EGR4	0	AfrAmr	0	0
ERICH3	0	AfrAmr	0	0
FMOD	0	AfrAmr	0	0
HIC1	0	AfrAmr	0	0
UBAP2	0	AfrAmr	0	0
ZNF567	0	AfrAmr	0	0
ARL4C	0	AfrAmr	0	0
ATP5A1	0	AfrAmr	0	0
CSTF3	0	AfrAmr	0	0
CTSV	0	AfrAmr	0	0
DAXX	0	AfrAmr	0	0
H3F3C	0	AfrAmr	0	0
MEN1	0	AfrAmr	0	0
MRPL14	0	AfrAmr	0	0
MYOM2	0	AfrAmr	0	0
NSUN7	0	AfrAmr	0	0
OR3A3	0	AfrAmr	0	0
PNPLA6	0	AfrAmr	0	0
PRR25	0	AfrAmr	0	0
PXDN	0	AfrAmr	0	0
SLC4A7	0	AfrAmr	0	0
SLC6A8	0	AfrAmr	0	0
SNAI3	0	AfrAmr	0	0
STOML3	0	AfrAmr	0	0
TDRD10	0	AfrAmr	0	0
TNFRSF11A	0	AfrAmr	0	0
TSHZ1	0	AfrAmr	0	0
WDR33	0	AfrAmr	0	0
ZNF331	0	AfrAmr	0	0
ZNF681	0	AfrAmr	0	0
ACOX2	0	AfrAmr	0	0
CNTLN	0	AfrAmr	0	0
EDEM2	0	AfrAmr	0	0
NPRL2	0	AfrAmr	0	0
OR2G3	0	AfrAmr	0	0
RUNX1T1	0	AfrAmr	0	0
TSC2	0	AfrAmr	0	0
VCL	0	AfrAmr	0	0
AC004381.6	0	AfrAmr	0	0
ACSS1	0	AfrAmr	0	0
CHRNB1	0	AfrAmr	0	0
DGKK	0	AfrAmr	0	0
GPR27	0	AfrAmr	0	0
L3HYPDH	0	AfrAmr	0	0
NRP1	0	AfrAmr	0	0
PRDM15	0	AfrAmr	0	0
RGPD3	0	AfrAmr	0	0
RGPD4	0	AfrAmr	0	0
SLMAP	0	AfrAmr	0	0
SPTB	0	AfrAmr	0	0
THBS3	0	AfrAmr	0	0
TLR5	0	AfrAmr	0	0
TMC4	0	AfrAmr	0	0
TUBGCP4	0	AfrAmr	0	0
ZMYM3	0	AfrAmr	0	0
ACAD10	0	AfrAmr	0	0
ATRX	0	AfrAmr	0	0
BDKRB1	0	AfrAmr	0	0
BPIFB2	0	AfrAmr	0	0
CCDC138	0	AfrAmr	0	0
DAZAP1	0	AfrAmr	0	0
DKC1	0	AfrAmr	0	0
ESPL1	0	AfrAmr	0	0
FBN2	0	AfrAmr	0	0
FN1	0	AfrAmr	0	0
GALNT18	0	AfrAmr	0	0
GCG	0	AfrAmr	0	0
HELZ2	0	AfrAmr	0	0
HRH3	0	AfrAmr	0	0
KCNT1	0	AfrAmr	0	0
KIF16B	0	AfrAmr	0	0
KMT2E	0	AfrAmr	0	0
NAA16	0	AfrAmr	0	0
NF1	0	AfrAmr	0	0
PAX9	0	AfrAmr	0	0
PGGT1B	0	AfrAmr	0	0
RNF181	0	AfrAmr	0	0
SNAP47	0	AfrAmr	0	0
UBN2	0	AfrAmr	0	0
ZFYVE28	0	AfrAmr	0	0
ZNF334	0	AfrAmr	0	0
ZNF577	0	AfrAmr	0	0
ZNF692	0	AfrAmr	0	0
A1BG	0	AfrAmr	0	0
ABCA13	0	AfrAmr	0	0
ABHD8	0	AfrAmr	0	0
ACOT12	0	AfrAmr	0	0
ADCY9	0	AfrAmr	0	0
ARAP1	0	AfrAmr	0	0
C1orf43	0	AfrAmr	0	0
DSEL	0	AfrAmr	0	0
ELOVL2	0	AfrAmr	0	0
FLVCR1	0	AfrAmr	0	0
FOSL2	0	AfrAmr	0	0
ILDR1	0	AfrAmr	0	0
KDM4C	0	AfrAmr	0	0
LMAN2L	0	AfrAmr	0	0
LNPEP	0	AfrAmr	0	0
MEX3C	0	AfrAmr	0	0
MICU1	0	AfrAmr	0	0
MTCL1	0	AfrAmr	0	0
NELL2	0	AfrAmr	0	0
NMS	0	AfrAmr	0	0
PKD1	0	AfrAmr	0	0
RALYL	0	AfrAmr	0	0
RORB	0	AfrAmr	0	0
STAB1	0	AfrAmr	0	0
TNIK	0	AfrAmr	0	0
TYR	0	AfrAmr	0	0
ZBED4	0	AfrAmr	0	0
AKAP13	0	AfrAmr	0	0
BPIFB4	0	AfrAmr	0	0
CAB39L	0	AfrAmr	0	0
CCDC130	0	AfrAmr	0	0
CHERP	0	AfrAmr	0	0
CYP2C8	0	AfrAmr	0	0
DTNB	0	AfrAmr	0	0
FOXG1	0	AfrAmr	0	0
HMGCR	0	AfrAmr	0	0
HTR3D	0	AfrAmr	0	0
KDM3B	0	AfrAmr	0	0
KLF12	0	AfrAmr	0	0
KLRC4	0	AfrAmr	0	0
MACF1	0	AfrAmr	0	0
MYO5A	0	AfrAmr	0	0
NSUN5	0	AfrAmr	0	0
NTRK1	0	AfrAmr	0	0
OTOP3	0	AfrAmr	0	0
PAPL	0	AfrAmr	0	0
RILPL1	0	AfrAmr	0	0
RRAD	0	AfrAmr	0	0
SIGLEC15	0	AfrAmr	0	0
SMARCAL1	0	AfrAmr	0	0
SPATA22	0	AfrAmr	0	0
SRSF6	0	AfrAmr	0	0
TRIM47	0	AfrAmr	0	0
ZNF714	0	AfrAmr	0	0
ZNF85	0	AfrAmr	0	0
CARD9	0	AfrAmr	0	0
CNTN6	0	AfrAmr	0	0
GREB1	0	AfrAmr	0	0
HERPUD1	0	AfrAmr	0	0
KCNJ6	0	AfrAmr	0	0
MBNL2	0	AfrAmr	0	0
PID1	0	AfrAmr	0	0
RHBDF1	0	AfrAmr	0	0
SEPHS2	0	AfrAmr	0	0
SLC27A3	0	AfrAmr	0	0
WDR82	0	AfrAmr	0	0
WWC3	0	AfrAmr	0	0
ZNF496	0	AfrAmr	0	0
ADAMTS2	0	AfrAmr	0	0
ARHGAP19	0	AfrAmr	0	0
ATAD2B	0	AfrAmr	0	0
ATRNL1	0	AfrAmr	0	0
C10orf76	0	AfrAmr	0	0
C16orf45	0	AfrAmr	0	0
CDR2	0	AfrAmr	0	0
COL1A1	0	AfrAmr	0	0
CREB5	0	AfrAmr	0	0
DENND2D	0	AfrAmr	0	0
DSG2	0	AfrAmr	0	0
EPS8	0	AfrAmr	0	0
ERI1	0	AfrAmr	0	0
FER1L5	0	AfrAmr	0	0
FNDC3B	0	AfrAmr	0	0
GALNT5	0	AfrAmr	0	0
HAGH	0	AfrAmr	0	0
HCN1	0	AfrAmr	0	0
KMT2A	0	AfrAmr	0	0
MYH15	0	AfrAmr	0	0
NGF	0	AfrAmr	0	0
NOTCH1	0	AfrAmr	0	0
OR51A7	0	AfrAmr	0	0
OR9Q2	0	AfrAmr	0	0
OXR1	0	AfrAmr	0	0
PANX1	0	AfrAmr	0	0
PCDHGB7	0	AfrAmr	0	0
PFAS	0	AfrAmr	0	0
PKD1L2	0	AfrAmr	0	0
PLEKHB1	0	AfrAmr	0	0
PNMA5	0	AfrAmr	0	0
PPP1R3A	0	AfrAmr	0	0
PPP3R2	0	AfrAmr	0	0
PRMT8	0	AfrAmr	0	0
PRPS2	0	AfrAmr	0	0
PRUNE2	0	AfrAmr	0	0
PTDSS1	0	AfrAmr	0	0
SDK2	0	AfrAmr	0	0
SESN1	0	AfrAmr	0	0
SLC12A2	0	AfrAmr	0	0
SLC15A1	0	AfrAmr	0	0
SLC4A1	0	AfrAmr	0	0
SLC6A3	0	AfrAmr	0	0
SPATA31E1	0	AfrAmr	0	0
ST6GALNAC5	0	AfrAmr	0	0
STON1	0	AfrAmr	0	0
WSB2	0	AfrAmr	0	0
XPC	0	AfrAmr	0	0
ZNF215	0	AfrAmr	0	0
ZSCAN20	0	AfrAmr	0	0
AASDH	0	AfrAmr	0	0
ABCB6	0	AfrAmr	0	0
ADCY1	0	AfrAmr	0	0
ALS2CL	0	AfrAmr	0	0
ANKRD36B	0	AfrAmr	0	0
APLP2	0	AfrAmr	0	0
ARSK	0	AfrAmr	0	0
ATXN2L	0	AfrAmr	0	0
C9orf89	0	AfrAmr	0	0
CDC42BPA	0	AfrAmr	0	0
CKAP2L	0	AfrAmr	0	0
COL6A2	0	AfrAmr	0	0
CPXM2	0	AfrAmr	0	0
DCLK2	0	AfrAmr	0	0
DISP1	0	AfrAmr	0	0
FAR1	0	AfrAmr	0	0
FASTKD5	0	AfrAmr	0	0
FERMT2	0	AfrAmr	0	0
FGD4	0	AfrAmr	0	0
GCC2	0	AfrAmr	0	0
GPR39	0	AfrAmr	0	0
HSD17B13	0	AfrAmr	0	0
IFNGR1	0	AfrAmr	0	0
IL2RA	0	AfrAmr	0	0
ITK	0	AfrAmr	0	0
KIAA1468	0	AfrAmr	0	0
KL	0	AfrAmr	0	0
LAMA4	0	AfrAmr	0	0
LPA	0	AfrAmr	0	0
LZTS1	0	AfrAmr	0	0
MAP1B	0	AfrAmr	0	0
MISP	0	AfrAmr	0	0
MUC21	0	AfrAmr	0	0
MYH7B	0	AfrAmr	0	0
NLRP7	0	AfrAmr	0	0
NUF2	0	AfrAmr	0	0
OR7G1	0	AfrAmr	0	0
PASK	0	AfrAmr	0	0
PCDH11Y	0	AfrAmr	0	0
PCDH17	0	AfrAmr	0	0
PCDH8	0	AfrAmr	0	0
PHLPP1	0	AfrAmr	0	0
PKNOX2	0	AfrAmr	0	0
PPM1F	0	AfrAmr	0	0
PPP1R16B	0	AfrAmr	0	0
PRSS35	0	AfrAmr	0	0
RFC4	0	AfrAmr	0	0
RGMA	0	AfrAmr	0	0
RNF17	0	AfrAmr	0	0
S100A3	0	AfrAmr	0	0
SCARF1	0	AfrAmr	0	0
SEPT1	0	AfrAmr	0	0
SLAIN1	0	AfrAmr	0	0
SPATA2L	0	AfrAmr	0	0
SSX2IP	0	AfrAmr	0	0
STAC	0	AfrAmr	0	0
SYT5	0	AfrAmr	0	0
TBC1D10A	0	AfrAmr	0	0
TBCCD1	0	AfrAmr	0	0
TCF4	0	AfrAmr	0	0
TNXB	0	AfrAmr	0	0
TRPM6	0	AfrAmr	0	0
UBQLN4	0	AfrAmr	0	0
ULK1	0	AfrAmr	0	0
UNC13C	0	AfrAmr	0	0
USP31	0	AfrAmr	0	0
UVRAG	0	AfrAmr	0	0
WDR89	0	AfrAmr	0	0
WDR90	0	AfrAmr	0	0
WNT3A	0	AfrAmr	0	0
ZKSCAN2	0	AfrAmr	0	0
ZNF605	0	AfrAmr	0	0
BAZ1B	0	AfrAmr	0	0
C9orf24	0	AfrAmr	0	0
DEFB119	0	AfrAmr	0	0
FBXL5	0	AfrAmr	0	0
HP1BP3	0	AfrAmr	0	0
IGF2	0	AfrAmr	0	0
INS-IGF2	0	AfrAmr	0	0
IPO5	0	AfrAmr	0	0
KCNH3	0	AfrAmr	0	0
MAZ	0	AfrAmr	0	0
METTL21C	0	AfrAmr	0	0
NLRP2	0	AfrAmr	0	0
OR7G2	0	AfrAmr	0	0
POM121C	0	AfrAmr	0	0
RASGEF1C	0	AfrAmr	0	0
REEP2	0	AfrAmr	0	0
RETN	0	AfrAmr	0	0
ROBO3	0	AfrAmr	0	0
RTKN2	0	AfrAmr	0	0
SAG	0	AfrAmr	0	0
SIGLEC7	0	AfrAmr	0	0
SRPX2	0	AfrAmr	0	0
TAL1	0	AfrAmr	0	0
TGFBR1	0	AfrAmr	0	0
ZNF613	0	AfrAmr	0	0
ZPLD1	0	AfrAmr	0	0
ANAPC7	0	AfrAmr	0	0
AVPR1A	0	AfrAmr	0	0
BAALC	0	AfrAmr	0	0
BACH1	0	AfrAmr	0	0
BAHD1	0	AfrAmr	0	0
C17orf53	0	AfrAmr	0	0
C9orf3	0	AfrAmr	0	0
CDC73	0	AfrAmr	0	0
CHL1	0	AfrAmr	0	0
CHMP1A	0	AfrAmr	0	0
COASY	0	AfrAmr	0	0
DLEC1	0	AfrAmr	0	0
DNAH10	0	AfrAmr	0	0
DTYMK	0	AfrAmr	0	0
GPRC6A	0	AfrAmr	0	0
HTR2C	0	AfrAmr	0	0
IGSF22	0	AfrAmr	0	0
IMPG2	0	AfrAmr	0	0
LHX5	0	AfrAmr	0	0
LINGO1	0	AfrAmr	0	0
MEGF6	0	AfrAmr	0	0
NUAK2	0	AfrAmr	0	0
NUDT19	0	AfrAmr	0	0
OR5M3	0	AfrAmr	0	0
PCDHA2	0	AfrAmr	0	0
PDYN	0	AfrAmr	0	0
PES1	0	AfrAmr	0	0
PRKRIR	0	AfrAmr	0	0
SAMD15	0	AfrAmr	0	0
SEL1L2	0	AfrAmr	0	0
SPATA9	0	AfrAmr	0	0
TULP4	0	AfrAmr	0	0
ZNF382	0	AfrAmr	0	0
ZNF688	0	AfrAmr	0	0
ACTC1	0	AfrAmr	0	0
AFF2	0	AfrAmr	0	0
ARSI	0	AfrAmr	0	0
B3GALT2	0	AfrAmr	0	0
CPN2	0	AfrAmr	0	0
EGFLAM	0	AfrAmr	0	0
FAT4	0	AfrAmr	0	0
FLT4	0	AfrAmr	0	0
FPGT-TNNI3K	0	AfrAmr	0	0
GRIN2D	0	AfrAmr	0	0
HLX	0	AfrAmr	0	0
HTR2A	0	AfrAmr	0	0
IGSF10	0	AfrAmr	0	0
MSR1	0	AfrAmr	0	0
MYBBP1A	0	AfrAmr	0	0
MYT1	0	AfrAmr	0	0
NELFA	0	AfrAmr	0	0
NPAS4	0	AfrAmr	0	0
NRXN3	0	AfrAmr	0	0
OSBPL6	0	AfrAmr	0	0
PLCD3	0	AfrAmr	0	0
RIMS1	0	AfrAmr	0	0
TRHR	0	AfrAmr	0	0
ZDBF2	0	AfrAmr	0	0
ZFR	0	AfrAmr	0	0
ZIM2	0	AfrAmr	0	0
ZNF662	0	AfrAmr	0	0
ANKRD20A4	0	AfrAmr	0	0
ANKH	0	AfrAmr	0	0
APOBEC3B	0	AfrAmr	0	0
AQR	0	AfrAmr	0	0
ATG9B	0	AfrAmr	0	0
ATP6V0A4	0	AfrAmr	0	0
CCNF	0	AfrAmr	0	0
CDK20	0	AfrAmr	0	0
CSTF2	0	AfrAmr	0	0
CYP27A1	0	AfrAmr	0	0
DDX60L	0	AfrAmr	0	0
DHDH	0	AfrAmr	0	0
DLGAP2	0	AfrAmr	0	0
GRIN2A	0	AfrAmr	0	0
HEXB	0	AfrAmr	0	0
JAK3	0	AfrAmr	0	0
LMX1A	0	AfrAmr	0	0
MALL	0	AfrAmr	0	0
METTL14	0	AfrAmr	0	0
MYH2	0	AfrAmr	0	0
PCDHB11	0	AfrAmr	0	0
TEX13A	0	AfrAmr	0	0
TRPC7	0	AfrAmr	0	0
ZFYVE26	0	AfrAmr	0	0
ZNF667	0	AfrAmr	0	0
ZNF716	0	AfrAmr	0	0
AGGF1	0	AfrAmr	0	0
APLF	0	AfrAmr	0	0
ASH2L	0	AfrAmr	0	0
BST2	0	AfrAmr	0	0
C2orf71	0	AfrAmr	0	0
CATSPERD	0	AfrAmr	0	0
ELMO1	0	AfrAmr	0	0
LILRA6	0	AfrAmr	0	0
MLF2	0	AfrAmr	0	0
POTEM	0	AfrAmr	0	0
PXDNL	0	AfrAmr	0	0
RHBDL3	0	AfrAmr	0	0
SLC6A5	0	AfrAmr	0	0
SORT1	0	AfrAmr	0	0
TRIM37	0	AfrAmr	0	0
ZNF484	0	AfrAmr	0	0
ABLIM1	0	AfrAmr	0	0
CAMK1D	0	AfrAmr	0	0
CMIP	0	AfrAmr	0	0
CYB5R1	0	AfrAmr	0	0
DDX59	0	AfrAmr	0	0
DLL4	0	AfrAmr	0	0
DNAH5	0	AfrAmr	0	0
FAM135B	0	AfrAmr	0	0
FBXO44	0	AfrAmr	0	0
HOXB3	0	AfrAmr	0	0
IQCD	0	AfrAmr	0	0
KCNK3	0	AfrAmr	0	0
KLHDC8A	0	AfrAmr	0	0
LTBP2	0	AfrAmr	0	0
MANEAL	0	AfrAmr	0	0
MYO9B	0	AfrAmr	0	0
NPAT	0	AfrAmr	0	0
NUDT6	0	AfrAmr	0	0
OR13C2	0	AfrAmr	0	0
PCDHGA2	0	AfrAmr	0	0
RP11-240B13.2	0	AfrAmr	0	0
RXRA	0	AfrAmr	0	0
SSTR1	0	AfrAmr	0	0
TIE1	0	AfrAmr	0	0
TMEM132D	0	AfrAmr	0	0
TXK	0	AfrAmr	0	0
UBR2	0	AfrAmr	0	0
VWA8	0	AfrAmr	0	0
AGBL4	0	AfrAmr	0	0
ALDH1L2	0	AfrAmr	0	0
C9	0	AfrAmr	0	0
CD164	0	AfrAmr	0	0
CPAMD8	0	AfrAmr	0	0
CPED1	0	AfrAmr	0	0
CSRNP1	0	AfrAmr	0	0
CYP2A7	0	AfrAmr	0	0
FUT9	0	AfrAmr	0	0
HCLS1	0	AfrAmr	0	0
HOXA9	0	AfrAmr	0	0
ITPR2	0	AfrAmr	0	0
KCTD19	0	AfrAmr	0	0
KIAA0556	0	AfrAmr	0	0
LINS	0	AfrAmr	0	0
MAP7D1	0	AfrAmr	0	0
MYH13	0	AfrAmr	0	0
OLIG3	0	AfrAmr	0	0
ONECUT1	0	AfrAmr	0	0
OR11H12	0	AfrAmr	0	0
PCDHB6	0	AfrAmr	0	0
PCDHGA10	0	AfrAmr	0	0
PTCH1	0	AfrAmr	0	0
RBBP6	0	AfrAmr	0	0
RMND5B	0	AfrAmr	0	0
ROBO1	0	AfrAmr	0	0
SAMD14	0	AfrAmr	0	0
SLMO2	0	AfrAmr	0	0
SST	0	AfrAmr	0	0
STEAP3	0	AfrAmr	0	0
STX11	0	AfrAmr	0	0
SUSD1	0	AfrAmr	0	0
SYT9	0	AfrAmr	0	0
TAS1R2	0	AfrAmr	0	0
THADA	0	AfrAmr	0	0
TMEM45B	0	AfrAmr	0	0
TRPC4	0	AfrAmr	0	0
UNC79	0	AfrAmr	0	0
USP37	0	AfrAmr	0	0
WDR63	0	AfrAmr	0	0
APOB	0	AfrAmr	0	0
CCDC87	0	AfrAmr	0	0
FRMD7	0	AfrAmr	0	0
ITGB4	0	AfrAmr	0	0
KCTD11	0	AfrAmr	0	0
PRG4	0	AfrAmr	0	0
TRAPPC9	0	AfrAmr	0	0
ZNF561	0	AfrAmr	0	0
ZNF616	0	AfrAmr	0	0
CSPP1	0	AfrAmr	0	0
ADAMTS7	0	AfrAmr	0	0
ADGRB2	0	AfrAmr	0	0
ARMC12	0	AfrAmr	0	0
C1orf87	0	AfrAmr	0	0
CARKD	0	AfrAmr	0	0
CD44	0	AfrAmr	0	0
COL4A5	0	AfrAmr	0	0
CYB5R4	0	AfrAmr	0	0
IFT122	0	AfrAmr	0	0
IGKV2D-24	0	AfrAmr	0	0
KLF4	0	AfrAmr	0	0
LAGE3	0	AfrAmr	0	0
NTRK3	0	AfrAmr	0	0
QSER1	0	AfrAmr	0	0
SATB1	0	AfrAmr	0	0
SPANXD	0	AfrAmr	0	0
SPATA17	0	AfrAmr	0	0
TAS2R1	0	AfrAmr	0	0
TOX2	0	AfrAmr	0	0
UNC50	0	AfrAmr	0	0
USH2A	0	AfrAmr	0	0
ZNF354A	0	AfrAmr	0	0
ZNF74	0	AfrAmr	0	0
ABCA10	0	AfrAmr	0	0
ACOXL	0	AfrAmr	0	0
ANO5	0	AfrAmr	0	0
ATP2B3	0	AfrAmr	0	0
BRWD3	0	AfrAmr	0	0
BTN3A1	0	AfrAmr	0	0
CASS4	0	AfrAmr	0	0
CIC	0	AfrAmr	0	0
COMMD5	0	AfrAmr	0	0
CTTNBP2	0	AfrAmr	0	0
DUPD1	0	AfrAmr	0	0
EVC	0	AfrAmr	0	0
FAM105A	0	AfrAmr	0	0
FBXO3	0	AfrAmr	0	0
GALNT1	0	AfrAmr	0	0
GJC3	0	AfrAmr	0	0
GPD2	0	AfrAmr	0	0
IBSP	0	AfrAmr	0	0
INTS3	0	AfrAmr	0	0
KCNN4	0	AfrAmr	0	0
KCNQ3	0	AfrAmr	0	0
KIAA0922	0	AfrAmr	0	0
KIFC1	0	AfrAmr	0	0
KLHL3	0	AfrAmr	0	0
LAIR1	0	AfrAmr	0	0
LRRC40	0	AfrAmr	0	0
MAP3K19	0	AfrAmr	0	0
MDN1	0	AfrAmr	0	0
OR5K3	0	AfrAmr	0	0
PACS2	0	AfrAmr	0	0
PHKB	0	AfrAmr	0	0
PLA2G4A	0	AfrAmr	0	0
RAB25	0	AfrAmr	0	0
SLC12A9	0	AfrAmr	0	0
SLC16A10	0	AfrAmr	0	0
SPATA16	0	AfrAmr	0	0
SUMO3	0	AfrAmr	0	0
TNRC6B	0	AfrAmr	0	0
TRIM42	0	AfrAmr	0	0
ZBP1	0	AfrAmr	0	0
ADAMTSL4	0	AfrAmr	0	0
CLSTN2	0	AfrAmr	0	0
CR2	0	AfrAmr	0	0
FOXJ1	0	AfrAmr	0	0
GLI1	0	AfrAmr	0	0
KIAA0355	0	AfrAmr	0	0
LMAN1L	0	AfrAmr	0	0
LNX2	0	AfrAmr	0	0
MAGEB6	0	AfrAmr	0	0
MAS1L	0	AfrAmr	0	0
MBIP	0	AfrAmr	0	0
MYRF	0	AfrAmr	0	0
PARP9	0	AfrAmr	0	0
PIK3CG	0	AfrAmr	0	0
PLIN4	0	AfrAmr	0	0
PSMA1	0	AfrAmr	0	0
RIC1	0	AfrAmr	0	0
SLC5A2	0	AfrAmr	0	0
SRR	0	AfrAmr	0	0
TMEM131	0	AfrAmr	0	0
TRHDE	0	AfrAmr	0	0
VSNL1	0	AfrAmr	0	0
ZC3H6	0	AfrAmr	0	0
ZFHX3	0	AfrAmr	0	0
ZNF385D	0	AfrAmr	0	0
ZNF546	0	AfrAmr	0	0
ZNF585A	0	AfrAmr	0	0
ACTL7A	0	AfrAmr	0	0
ADAM29	0	AfrAmr	0	0
ADGRG7	0	AfrAmr	0	0
ADGRL2	0	AfrAmr	0	0
ADRA2C	0	AfrAmr	0	0
AGFG2	0	AfrAmr	0	0
ALDH5A1	0	AfrAmr	0	0
ARHGEF37	0	AfrAmr	0	0
ATP2A1	0	AfrAmr	0	0
BMP5	0	AfrAmr	0	0
C6orf118	0	AfrAmr	0	0
CASR	0	AfrAmr	0	0
CCDC33	0	AfrAmr	0	0
CCNT1	0	AfrAmr	0	0
CDH9	0	AfrAmr	0	0
CEACAM8	0	AfrAmr	0	0
CEMIP	0	AfrAmr	0	0
CLEC14A	0	AfrAmr	0	0
CLSTN1	0	AfrAmr	0	0
CPNE3	0	AfrAmr	0	0
CSPG5	0	AfrAmr	0	0
CUL7	0	AfrAmr	0	0
CYLC1	0	AfrAmr	0	0
DEFB126	0	AfrAmr	0	0
DHX37	0	AfrAmr	0	0
DSCAML1	0	AfrAmr	0	0
EDA2R	0	AfrAmr	0	0
ELFN1	0	AfrAmr	0	0
EML4	0	AfrAmr	0	0
EPHB3	0	AfrAmr	0	0
ERG	0	AfrAmr	0	0
ESR1	0	AfrAmr	0	0
FAM110B	0	AfrAmr	0	0
FMN2	0	AfrAmr	0	0
FSIP2	0	AfrAmr	0	0
GNAS	0	AfrAmr	0	0
GOLPH3	0	AfrAmr	0	0
GPR12	0	AfrAmr	0	0
HEPACAM	0	AfrAmr	0	0
IAPP	0	AfrAmr	0	0
IL1RN	0	AfrAmr	0	0
IPO9	0	AfrAmr	0	0
IRF8	0	AfrAmr	0	0
ITGB6	0	AfrAmr	0	0
JAG1	0	AfrAmr	0	0
JMJD7-PLA2G4B	0	AfrAmr	0	0
KCND2	0	AfrAmr	0	0
KIAA1549L	0	AfrAmr	0	0
KIR3DX1	0	AfrAmr	0	0
KLKB1	0	AfrAmr	0	0
LPPR5	0	AfrAmr	0	0
MAML1	0	AfrAmr	0	0
MAP3K5	0	AfrAmr	0	0
MCM6	0	AfrAmr	0	0
METAP2	0	AfrAmr	0	0
MGA	0	AfrAmr	0	0
MMEL1	0	AfrAmr	0	0
MTOR	0	AfrAmr	0	0
NCAPD3	0	AfrAmr	0	0
OR2A4	0	AfrAmr	0	0
OR6K3	0	AfrAmr	0	0
OSBPL7	0	AfrAmr	0	0
P2RX7	0	AfrAmr	0	0
PABPC5	0	AfrAmr	0	0
PDPN	0	AfrAmr	0	0
PFKP	0	AfrAmr	0	0
PLCH1	0	AfrAmr	0	0
PLEKHG4B	0	AfrAmr	0	0
POP4	0	AfrAmr	0	0
PSMG3	0	AfrAmr	0	0
PYROXD2	0	AfrAmr	0	0
REG1A	0	AfrAmr	0	0
RRM1	0	AfrAmr	0	0
RXFP3	0	AfrAmr	0	0
SALL1	0	AfrAmr	0	0
SALL3	0	AfrAmr	0	0
SCG2	0	AfrAmr	0	0
SCRIB	0	AfrAmr	0	0
SERPINI1	0	AfrAmr	0	0
SF3B6	0	AfrAmr	0	0
SHOX	0	AfrAmr	0	0
SLC1A5	0	AfrAmr	0	0
SLC25A36	0	AfrAmr	0	0
SLC3A1	0	AfrAmr	0	0
SLC9A3	0	AfrAmr	0	0
SNPH	0	AfrAmr	0	0
SPTBN1	0	AfrAmr	0	0
SPTBN5	0	AfrAmr	0	0
SRGAP3	0	AfrAmr	0	0
SSPO	0	AfrAmr	0	0
SSTR3	0	AfrAmr	0	0
ST6GALNAC3	0	AfrAmr	0	0
TAAR6	0	AfrAmr	0	0
TCF20	0	AfrAmr	0	0
TCP10	0	AfrAmr	0	0
TMEM199	0	AfrAmr	0	0
TRIM67	0	AfrAmr	0	0
TRPC6	0	AfrAmr	0	0
TRPM2	0	AfrAmr	0	0
TSHZ3	0	AfrAmr	0	0
UBAP2L	0	AfrAmr	0	0
UFSP2	0	AfrAmr	0	0
VCAM1	0	AfrAmr	0	0
VLDLR	0	AfrAmr	0	0
ZCCHC4	0	AfrAmr	0	0
ZMYND8	0	AfrAmr	0	0
ZNF454	0	AfrAmr	0	0
ZNF462	0	AfrAmr	0	0
ZNFX1	0	AfrAmr	0	0
ADAMTS18	0	AfrAmr	0	0
ANKK1	0	AfrAmr	0	0
BMP7	0	AfrAmr	0	0
CCDC69	0	AfrAmr	0	0
CHML	0	AfrAmr	0	0
CMSS1	0	AfrAmr	0	0
CPB1	0	AfrAmr	0	0
DEDD	0	AfrAmr	0	0
DOCK3	0	AfrAmr	0	0
DUSP27	0	AfrAmr	0	0
DYNC2H1	0	AfrAmr	0	0
FAM129B	0	AfrAmr	0	0
GYLTL1B	0	AfrAmr	0	0
HAUS8	0	AfrAmr	0	0
HSP90B1	0	AfrAmr	0	0
IFITM3	0	AfrAmr	0	0
IL18RAP	0	AfrAmr	0	0
INPP5J	0	AfrAmr	0	0
KIR3DL3	0	AfrAmr	0	0
LILRA2	0	AfrAmr	0	0
NEU4	0	AfrAmr	0	0
NOD2	0	AfrAmr	0	0
NRXN2	0	AfrAmr	0	0
PROKR1	0	AfrAmr	0	0
PRRC2A	0	AfrAmr	0	0
PTPRE	0	AfrAmr	0	0
REV1	0	AfrAmr	0	0
SRCIN1	0	AfrAmr	0	0
SYBU	0	AfrAmr	0	0
ZNF804A	0	AfrAmr	0	0
ACSL4	0	AfrAmr	0	0
AOC3	0	AfrAmr	0	0
ATP2C2	0	AfrAmr	0	0
AXIN1	0	AfrAmr	0	0
CATSPERG	0	AfrAmr	0	0
CERCAM	0	AfrAmr	0	0
CXorf21	0	AfrAmr	0	0
DGCR2	0	AfrAmr	0	0
FLT1	0	AfrAmr	0	0
FSD2	0	AfrAmr	0	0
FTMT	0	AfrAmr	0	0
LGR4	0	AfrAmr	0	0
LHCGR	0	AfrAmr	0	0
MTUS2	0	AfrAmr	0	0
NAPG	0	AfrAmr	0	0
NXNL1	0	AfrAmr	0	0
PTGER2	0	AfrAmr	0	0
RNF220	0	AfrAmr	0	0
SGK223	0	AfrAmr	0	0
SLC39A12	0	AfrAmr	0	0
SPTA1	0	AfrAmr	0	0
SYNPO2	0	AfrAmr	0	0
TMEM215	0	AfrAmr	0	0
WDR62	0	AfrAmr	0	0
ADSS	0	AfrAmr	0	0
AGBL2	0	AfrAmr	0	0
ATP13A4	0	AfrAmr	0	0
C11orf40	0	AfrAmr	0	0
C1orf127	0	AfrAmr	0	0
CCDC102A	0	AfrAmr	0	0
CNOT3	0	AfrAmr	0	0
DCAF8	0	AfrAmr	0	0
DMRT3	0	AfrAmr	0	0
ESR2	0	AfrAmr	0	0
GJC1	0	AfrAmr	0	0
KRTAP19-3	0	AfrAmr	0	0
KRTAP4-2	0	AfrAmr	0	0
MAK	0	AfrAmr	0	0
MAP2K4	0	AfrAmr	0	0
MDM1	0	AfrAmr	0	0
NPFFR1	0	AfrAmr	0	0
NTM	0	AfrAmr	0	0
OR4D5	0	AfrAmr	0	0
PARD3	0	AfrAmr	0	0
PARP12	0	AfrAmr	0	0
ROCK1	0	AfrAmr	0	0
TRDJ3	0	AfrAmr	0	0
ACSM3	0	AfrAmr	0	0
ADAMTS19	0	AfrAmr	0	0
BEGAIN	0	AfrAmr	0	0
BRINP3	0	AfrAmr	0	0
CDIPT	0	AfrAmr	0	0
CLEC1B	0	AfrAmr	0	0
ENPP4	0	AfrAmr	0	0
EPHA8	0	AfrAmr	0	0
FEM1B	0	AfrAmr	0	0
FOXD4L5	0	AfrAmr	0	0
FOXD4L6	0	AfrAmr	0	0
GBA	0	AfrAmr	0	0
KANSL1L	0	AfrAmr	0	0
KCTD16	0	AfrAmr	0	0
MEF2C	0	AfrAmr	0	0
MX2	0	AfrAmr	0	0
MYOM1	0	AfrAmr	0	0
NTF3	0	AfrAmr	0	0
PHACTR3	0	AfrAmr	0	0
PROL1	0	AfrAmr	0	0
PSG11	0	AfrAmr	0	0
PSG8	0	AfrAmr	0	0
RBM45	0	AfrAmr	0	0
RHOA	0	AfrAmr	0	0
RNF165	0	AfrAmr	0	0
SEPT7	0	AfrAmr	0	0
TCF7L1	0	AfrAmr	0	0
TIGD2	0	AfrAmr	0	0
TMEM178A	0	AfrAmr	0	0
TNNI3	0	AfrAmr	0	0
ACLY	0	AfrAmr	0	0
ALG1L	0	AfrAmr	0	0
ARHGAP44	0	AfrAmr	0	0
CAND2	0	AfrAmr	0	0
CGRRF1	0	AfrAmr	0	0
CLCA1	0	AfrAmr	0	0
CYP7A1	0	AfrAmr	0	0
DICER1	0	AfrAmr	0	0
EMP3	0	AfrAmr	0	0
GBA3	0	AfrAmr	0	0
HAUS5	0	AfrAmr	0	0
HIST3H3	0	AfrAmr	0	0
IL4R	0	AfrAmr	0	0
INADL	0	AfrAmr	0	0
KDM3A	0	AfrAmr	0	0
LRRC17	0	AfrAmr	0	0
MCF2L	0	AfrAmr	0	0
MEF2D	0	AfrAmr	0	0
MKRN3	0	AfrAmr	0	0
MORC1	0	AfrAmr	0	0
MYH11	0	AfrAmr	0	0
NOL4	0	AfrAmr	0	0
OR9A4	0	AfrAmr	0	0
PCBP3	0	AfrAmr	0	0
PCDHB13	0	AfrAmr	0	0
PLD5	0	AfrAmr	0	0
PPP2R1B	0	AfrAmr	0	0
PREX2	0	AfrAmr	0	0
SDR39U1	0	AfrAmr	0	0
SLC35B2	0	AfrAmr	0	0
TAP1	0	AfrAmr	0	0
TIAM2	0	AfrAmr	0	0
TNFRSF1B	0	AfrAmr	0	0
UBTFL1	0	AfrAmr	0	0
USP10	0	AfrAmr	0	0
XKR4	0	AfrAmr	0	0
AVP	0	AfrAmr	0	0
BAP1	0	AfrAmr	0	0
BCHE	0	AfrAmr	0	0
BEND4	0	AfrAmr	0	0
BSN	0	AfrAmr	0	0
CD81	0	AfrAmr	0	0
EBF2	0	AfrAmr	0	0
FAM19A2	0	AfrAmr	0	0
FBXO33	0	AfrAmr	0	0
FZD7	0	AfrAmr	0	0
HAS1	0	AfrAmr	0	0
LRRC37A3	0	AfrAmr	0	0
NIPBL	0	AfrAmr	0	0
NPY4R	0	AfrAmr	0	0
ODF2	0	AfrAmr	0	0
OXCT2	0	AfrAmr	0	0
PRAM1	0	AfrAmr	0	0
PRDM10	0	AfrAmr	0	0
PTPN1	0	AfrAmr	0	0
SAMM50	0	AfrAmr	0	0
SLC22A16	0	AfrAmr	0	0
SLC7A7	0	AfrAmr	0	0
SMCHD1	0	AfrAmr	0	0
SPINK5	0	AfrAmr	0	0
UBE2F	0	AfrAmr	0	0
VARS	0	AfrAmr	0	0
VWA7	0	AfrAmr	0	0
ZNF560	0	AfrAmr	0	0
ZSCAN18	0	AfrAmr	0	0
ACSS3	0	AfrAmr	0	0
ALDOB	0	AfrAmr	0	0
ANXA1	0	AfrAmr	0	0
CCDC40	0	AfrAmr	0	0
CUL1	0	AfrAmr	0	0
FAM169B	0	AfrAmr	0	0
GABRA6	0	AfrAmr	0	0
KALRN	0	AfrAmr	0	0
LDLRAD4	0	AfrAmr	0	0
LRRIQ3	0	AfrAmr	0	0
NUP62	0	AfrAmr	0	0
OMD	0	AfrAmr	0	0
P3H3	0	AfrAmr	0	0
PRKD2	0	AfrAmr	0	0
RASA2	0	AfrAmr	0	0
RASGRF1	0	AfrAmr	0	0
RBM10	0	AfrAmr	0	0
RNF152	0	AfrAmr	0	0
SETD5	0	AfrAmr	0	0
SPERT	0	AfrAmr	0	0
ST6GALNAC6	0	AfrAmr	0	0
SULT2B1	0	AfrAmr	0	0
TTC37	0	AfrAmr	0	0
UBL7	0	AfrAmr	0	0
WNT2	0	AfrAmr	0	0
ZC3H12C	0	AfrAmr	0	0
ZNF385B	0	AfrAmr	0	0
DCAF8L2	0	AfrAmr	0	0
DOCK1	0	AfrAmr	0	0
EEF2	0	AfrAmr	0	0
EEPD1	0	AfrAmr	0	0
FIGN	0	AfrAmr	0	0
FZD10	0	AfrAmr	0	0
HIST1H2AC	0	AfrAmr	0	0
HPSE2	0	AfrAmr	0	0
INPP4B	0	AfrAmr	0	0
KHDC1L	0	AfrAmr	0	0
MAGEB1	0	AfrAmr	0	0
MED13L	0	AfrAmr	0	0
METTL25	0	AfrAmr	0	0
NLGN4X	0	AfrAmr	0	0
OR1L1	0	AfrAmr	0	0
OR5P2	0	AfrAmr	0	0
OTOGL	0	AfrAmr	0	0
PCDHA8	0	AfrAmr	0	0
PDE4C	0	AfrAmr	0	0
PI15	0	AfrAmr	0	0
PPFIA2	0	AfrAmr	0	0
PRAF2	0	AfrAmr	0	0
RERE	0	AfrAmr	0	0
SNCAIP	0	AfrAmr	0	0
WNT10B	0	AfrAmr	0	0
AIFM1	0	AfrAmr	0	0
ALPK3	0	AfrAmr	0	0
ATF7IP2	0	AfrAmr	0	0
B3GAT1	0	AfrAmr	0	0
BARD1	0	AfrAmr	0	0
BTBD3	0	AfrAmr	0	0
C11orf87	0	AfrAmr	0	0
CARD11	0	AfrAmr	0	0
CHEK2	0	AfrAmr	0	0
CHRNB4	0	AfrAmr	0	0
CRISPLD1	0	AfrAmr	0	0
CSTF2T	0	AfrAmr	0	0
DAAM1	0	AfrAmr	0	0
DNAJC13	0	AfrAmr	0	0
ENPP2	0	AfrAmr	0	0
GNA15	0	AfrAmr	0	0
GOT1	0	AfrAmr	0	0
HECTD4	0	AfrAmr	0	0
JAK2	0	AfrAmr	0	0
KRTAP11-1	0	AfrAmr	0	0
LCMT2	0	AfrAmr	0	0
MARK2	0	AfrAmr	0	0
MEX3B	0	AfrAmr	0	0
NCF4	0	AfrAmr	0	0
NLGN4Y	0	AfrAmr	0	0
PGBD5	0	AfrAmr	0	0
PHF3	0	AfrAmr	0	0
PLXNB1	0	AfrAmr	0	0
RAB11FIP1	0	AfrAmr	0	0
RCAN3	0	AfrAmr	0	0
RP1	0	AfrAmr	0	0
SLC6A17	0	AfrAmr	0	0
SYNDIG1	0	AfrAmr	0	0
TAS2R4	0	AfrAmr	0	0
TRPM1	0	AfrAmr	0	0
ZNF317	0	AfrAmr	0	0
AACS	0	AfrAmr	0	0
APOBR	0	AfrAmr	0	0
ATP2A2	0	AfrAmr	0	0
ATXN7L2	0	AfrAmr	0	0
AVIL	0	AfrAmr	0	0
BCOR	0	AfrAmr	0	0
CLCNKA	0	AfrAmr	0	0
COL2A1	0	AfrAmr	0	0
CPM	0	AfrAmr	0	0
ENPP5	0	AfrAmr	0	0
FERMT1	0	AfrAmr	0	0
HMGB4	0	AfrAmr	0	0
LRRN2	0	AfrAmr	0	0
MAGT1	0	AfrAmr	0	0
OCM	0	AfrAmr	0	0
PIK3C2B	0	AfrAmr	0	0
RAD17	0	AfrAmr	0	0
SEPT12	0	AfrAmr	0	0
SPTBN2	0	AfrAmr	0	0
SVIP	0	AfrAmr	0	0
THSD7B	0	AfrAmr	0	0
TNFRSF10C	0	AfrAmr	0	0
TTLL9	0	AfrAmr	0	0
ZNF618	0	AfrAmr	0	0
AP1B1	0	AfrAmr	0	0
ARID1A	0	AfrAmr	0	0
DGUOK	0	AfrAmr	0	0
DISP2	0	AfrAmr	0	0
DSPP	0	AfrAmr	0	0
GMPPA	0	AfrAmr	0	0
KIF26B	0	AfrAmr	0	0
LIAS	0	AfrAmr	0	0
LONRF3	0	AfrAmr	0	0
MAP3K4	0	AfrAmr	0	0
MPZL1	0	AfrAmr	0	0
MRPL35	0	AfrAmr	0	0
NDUFA4	0	AfrAmr	0	0
NEURL4	0	AfrAmr	0	0
RAB6B	0	AfrAmr	0	0
RING1	0	AfrAmr	0	0
SCFD2	0	AfrAmr	0	0
SOX5	0	AfrAmr	0	0
SUN1	0	AfrAmr	0	0
TNPO3	0	AfrAmr	0	0
TXNRD1	0	AfrAmr	0	0
ZNF276	0	AfrAmr	0	0
ABCG5	0	AfrAmr	0	0
ADAMTS5	0	AfrAmr	0	0
ADCYAP1	0	AfrAmr	0	0
ADGRE2	0	AfrAmr	0	0
ADRA1A	0	AfrAmr	0	0
AGBL5	0	AfrAmr	0	0
BIN1	0	AfrAmr	0	0
C21orf2	0	AfrAmr	0	0
C5orf49	0	AfrAmr	0	0
CHRNA1	0	AfrAmr	0	0
CHST6	0	AfrAmr	0	0
DLGAP4	0	AfrAmr	0	0
EP400	0	AfrAmr	0	0
ETNPPL	0	AfrAmr	0	0
FMO2	0	AfrAmr	0	0
GLT6D1	0	AfrAmr	0	0
ITSN1	0	AfrAmr	0	0
JAKMIP3	0	AfrAmr	0	0
KANK2	0	AfrAmr	0	0
LAS1L	0	AfrAmr	0	0
LINGO2	0	AfrAmr	0	0
LRP3	0	AfrAmr	0	0
LRTM2	0	AfrAmr	0	0
MMRN2	0	AfrAmr	0	0
NACC2	0	AfrAmr	0	0
NEFL	0	AfrAmr	0	0
NRBP1	0	AfrAmr	0	0
NUP54	0	AfrAmr	0	0
OR2J3	0	AfrAmr	0	0
OSBPL10	0	AfrAmr	0	0
PCSK4	0	AfrAmr	0	0
PEX5L	0	AfrAmr	0	0
RAP1GDS1	0	AfrAmr	0	0
RBBP8	0	AfrAmr	0	0
RSBN1L	0	AfrAmr	0	0
SARDH	0	AfrAmr	0	0
SDPR	0	AfrAmr	0	0
SEMA6C	0	AfrAmr	0	0
SENP7	0	AfrAmr	0	0
SETD2	0	AfrAmr	0	0
SHKBP1	0	AfrAmr	0	0
SLC45A4	0	AfrAmr	0	0
SLIT3	0	AfrAmr	0	0
SOX8	0	AfrAmr	0	0
SPX	0	AfrAmr	0	0
SPZ1	0	AfrAmr	0	0
SRP72	0	AfrAmr	0	0
THAP2	0	AfrAmr	0	0
WHSC1L1	0	AfrAmr	0	0
XXYLT1	0	AfrAmr	0	0
ARNT2	0	AfrAmr	0	0
BRF1	0	AfrAmr	0	0
COL6A1	0	AfrAmr	0	0
COL6A5	0	AfrAmr	0	0
DHTKD1	0	AfrAmr	0	0
DYTN	0	AfrAmr	0	0
EBF3	0	AfrAmr	0	0
GPT2	0	AfrAmr	0	0
HRC	0	AfrAmr	0	0
IGKV2D-28	0	AfrAmr	0	0
IL31RA	0	AfrAmr	0	0
KIAA0895	0	AfrAmr	0	0
KRT39	0	AfrAmr	0	0
MYEOV	0	AfrAmr	0	0
NFE2L2	0	AfrAmr	0	0
OLFML2A	0	AfrAmr	0	0
PC	0	AfrAmr	0	0
PCDHGA11	0	AfrAmr	0	0
PLXDC2	0	AfrAmr	0	0
PPP2R5A	0	AfrAmr	0	0
PTCHD3	0	AfrAmr	0	0
RGPD2	0	AfrAmr	0	0
SHC4	0	AfrAmr	0	0
SLC9A3R2	0	AfrAmr	0	0
TERT	0	AfrAmr	0	0
XIRP2	0	AfrAmr	0	0
ALOX15B	0	AfrAmr	0	0
AP2B1	0	AfrAmr	0	0
C11orf63	0	AfrAmr	0	0
CPA2	0	AfrAmr	0	0
CPEB1	0	AfrAmr	0	0
DFNB59	0	AfrAmr	0	0
FOCAD	0	AfrAmr	0	0
GPR68	0	AfrAmr	0	0
KCNJ2	0	AfrAmr	0	0
KRT12	0	AfrAmr	0	0
KRT15	0	AfrAmr	0	0
MMP9	0	AfrAmr	0	0
NONO	0	AfrAmr	0	0
NR2F1	0	AfrAmr	0	0
QKI	0	AfrAmr	0	0
REM1	0	AfrAmr	0	0
RPGRIP1	0	AfrAmr	0	0
ST5	0	AfrAmr	0	0
UBA1	0	AfrAmr	0	0
ULK4	0	AfrAmr	0	0
ADAM22	0	AfrAmr	0	0
ADD3	0	AfrAmr	0	0
ARAF	0	AfrAmr	0	0
ARHGDIB	0	AfrAmr	0	0
ARHGEF17	0	AfrAmr	0	0
CELSR3	0	AfrAmr	0	0
CLCN5	0	AfrAmr	0	0
CUX1	0	AfrAmr	0	0
DLL1	0	AfrAmr	0	0
DUSP6	0	AfrAmr	0	0
FCGBP	0	AfrAmr	0	0
FLNA	0	AfrAmr	0	0
GRID2	0	AfrAmr	0	0
HR	0	AfrAmr	0	0
IGSF8	0	AfrAmr	0	0
IL12B	0	AfrAmr	0	0
LRIF1	0	AfrAmr	0	0
LRPAP1	0	AfrAmr	0	0
MAML2	0	AfrAmr	0	0
MAP4K2	0	AfrAmr	0	0
N4BP2L2	0	AfrAmr	0	0
PANK4	0	AfrAmr	0	0
POM121L12	0	AfrAmr	0	0
PRTFDC1	0	AfrAmr	0	0
RAP2B	0	AfrAmr	0	0
TESPA1	0	AfrAmr	0	0
TOPBP1	0	AfrAmr	0	0
UGT1A4	0	AfrAmr	0	0
XKR7	0	AfrAmr	0	0
ZNF211	0	AfrAmr	0	0
ANKMY2	0	AfrAmr	0	0
BACH2	0	AfrAmr	0	0
BEND5	0	AfrAmr	0	0
DCPS	0	AfrAmr	0	0
GARS	0	AfrAmr	0	0
GFRA2	0	AfrAmr	0	0
KCNH7	0	AfrAmr	0	0
MAT1A	0	AfrAmr	0	0
MGAM	0	AfrAmr	0	0
MMP1	0	AfrAmr	0	0
NBEAL1	0	AfrAmr	0	0
NRN1	0	AfrAmr	0	0
PPP1R12C	0	AfrAmr	0	0
PRKACA	0	AfrAmr	0	0
PSMB1	0	AfrAmr	0	0
RPRD2	0	AfrAmr	0	0
SAP130	0	AfrAmr	0	0
TMEM14B	0	AfrAmr	0	0
UNC13B	0	AfrAmr	0	0
VAC14	0	AfrAmr	0	0
ZBTB45	0	AfrAmr	0	0
ZCCHC11	0	AfrAmr	0	0
ZNF224	0	AfrAmr	0	0
C1orf168	0	AfrAmr	0	0
DENND4B	0	AfrAmr	0	0
IFFO1	0	AfrAmr	0	0
IFRD2	0	AfrAmr	0	0
ITIH5	0	AfrAmr	0	0
KAT6A	0	AfrAmr	0	0
MAN2B1	0	AfrAmr	0	0
MORC3	0	AfrAmr	0	0
MSC	0	AfrAmr	0	0
NARS2	0	AfrAmr	0	0
PBK	0	AfrAmr	0	0
PCDHA9	0	AfrAmr	0	0
PROSER3	0	AfrAmr	0	0
RBFOX1	0	AfrAmr	0	0
SMC2	0	AfrAmr	0	0
ABHD1	0	AfrAmr	0	0
ADGRA3	0	AfrAmr	0	0
ANKS1A	0	AfrAmr	0	0
ANXA11	0	AfrAmr	0	0
ARHGAP20	0	AfrAmr	0	0
ASIC2	0	AfrAmr	0	0
ATG10	0	AfrAmr	0	0
ATP6V0A2	0	AfrAmr	0	0
BCAT1	0	AfrAmr	0	0
CCR10	0	AfrAmr	0	0
CD300LD	0	AfrAmr	0	0
CLEC3A	0	AfrAmr	0	0
COQ6	0	AfrAmr	0	0
CXorf66	0	AfrAmr	0	0
DAO	0	AfrAmr	0	0
DHX33	0	AfrAmr	0	0
DNAAF2	0	AfrAmr	0	0
DNAJB7	0	AfrAmr	0	0
EXD1	0	AfrAmr	0	0
FARS2	0	AfrAmr	0	0
FCN1	0	AfrAmr	0	0
HBE1	0	AfrAmr	0	0
HCK	0	AfrAmr	0	0
HIATL1	0	AfrAmr	0	0
HOXC12	0	AfrAmr	0	0
KATNB1	0	AfrAmr	0	0
KBTBD12	0	AfrAmr	0	0
KIAA0513	0	AfrAmr	0	0
KRT6A	0	AfrAmr	0	0
LRRK2	0	AfrAmr	0	0
MYO15A	0	AfrAmr	0	0
MYO3B	0	AfrAmr	0	0
NCOR2	0	AfrAmr	0	0
NELFCD	0	AfrAmr	0	0
OR8B8	0	AfrAmr	0	0
PGAP3	0	AfrAmr	0	0
PLD3	0	AfrAmr	0	0
PPP1R3C	0	AfrAmr	0	0
PPP1R9A	0	AfrAmr	0	0
PTPRH	0	AfrAmr	0	0
RAD23B	0	AfrAmr	0	0
RANBP2	0	AfrAmr	0	0
RBM15	0	AfrAmr	0	0
RGS22	0	AfrAmr	0	0
SEC62	0	AfrAmr	0	0
SERPINB7	0	AfrAmr	0	0
SNX7	0	AfrAmr	0	0
SVEP1	0	AfrAmr	0	0
TCERG1L	0	AfrAmr	0	0
TLR2	0	AfrAmr	0	0
TMEM108	0	AfrAmr	0	0
TRMT13	0	AfrAmr	0	0
TSPY1	0	AfrAmr	0	0
TUBGCP6	0	AfrAmr	0	0
UGT1A6	0	AfrAmr	0	0
UTP23	0	AfrAmr	0	0
WBSCR16	0	AfrAmr	0	0
ZBTB7A	0	AfrAmr	0	0
ZFYVE1	0	AfrAmr	0	0
ZNF611	0	AfrAmr	0	0
ZNF707	0	AfrAmr	0	0
ADAMTS10	0	AfrAmr	0	0
ADPGK	0	AfrAmr	0	0
ANKRD13D	0	AfrAmr	0	0
ARHGAP15	0	AfrAmr	0	0
ARID2	0	AfrAmr	0	0
BCAM	0	AfrAmr	0	0
BSX	0	AfrAmr	0	0
C17orf47	0	AfrAmr	0	0
C1orf162	0	AfrAmr	0	0
CC2D2A	0	AfrAmr	0	0
CCDC6	0	AfrAmr	0	0
CD58	0	AfrAmr	0	0
CHRNB2	0	AfrAmr	0	0
CLCN2	0	AfrAmr	0	0
COCH	0	AfrAmr	0	0
COMMD8	0	AfrAmr	0	0
CRB1	0	AfrAmr	0	0
CTC-435M10.3	0	AfrAmr	0	0
DLG5	0	AfrAmr	0	0
DMAP1	0	AfrAmr	0	0
DPP8	0	AfrAmr	0	0
DYM	0	AfrAmr	0	0
DYRK3	0	AfrAmr	0	0
EDAR	0	AfrAmr	0	0
EHBP1L1	0	AfrAmr	0	0
ELMO3	0	AfrAmr	0	0
FAM180A	0	AfrAmr	0	0
FASN	0	AfrAmr	0	0
FNBP1	0	AfrAmr	0	0
FOXI3	0	AfrAmr	0	0
GATB	0	AfrAmr	0	0
HMCES	0	AfrAmr	0	0
HRNR	0	AfrAmr	0	0
ITGAE	0	AfrAmr	0	0
KCNC4	0	AfrAmr	0	0
KIAA1467	0	AfrAmr	0	0
KIF4B	0	AfrAmr	0	0
KLHL11	0	AfrAmr	0	0
LARS2	0	AfrAmr	0	0
LRRC6	0	AfrAmr	0	0
LSM14A	0	AfrAmr	0	0
LSS	0	AfrAmr	0	0
MAGEA4	0	AfrAmr	0	0
MAP3K10	0	AfrAmr	0	0
MCEMP1	0	AfrAmr	0	0
MCM3	0	AfrAmr	0	0
MESDC1	0	AfrAmr	0	0
MROH6	0	AfrAmr	0	0
MRPL48	0	AfrAmr	0	0
NCF1	0	AfrAmr	0	0
NEK10	0	AfrAmr	0	0
NFKBIA	0	AfrAmr	0	0
NLRP5	0	AfrAmr	0	0
NOL6	0	AfrAmr	0	0
NOS2	0	AfrAmr	0	0
NTMT1	0	AfrAmr	0	0
OCRL	0	AfrAmr	0	0
OPRL1	0	AfrAmr	0	0
OR10K2	0	AfrAmr	0	0
OR1J2	0	AfrAmr	0	0
OR6Y1	0	AfrAmr	0	0
PHC1	0	AfrAmr	0	0
PIGO	0	AfrAmr	0	0
PITRM1	0	AfrAmr	0	0
PLB1	0	AfrAmr	0	0
PLK4	0	AfrAmr	0	0
PPOX	0	AfrAmr	0	0
PRR22	0	AfrAmr	0	0
RAB3GAP2	0	AfrAmr	0	0
RFX3	0	AfrAmr	0	0
RHOBTB2	0	AfrAmr	0	0
RNF135	0	AfrAmr	0	0
RNF38	0	AfrAmr	0	0
SCAF8	0	AfrAmr	0	0
SHARPIN	0	AfrAmr	0	0
SLC17A9	0	AfrAmr	0	0
SLC25A13	0	AfrAmr	0	0
SLC2A13	0	AfrAmr	0	0
SLC3A2	0	AfrAmr	0	0
SLITRK3	0	AfrAmr	0	0
SMARCA1	0	AfrAmr	0	0
SNX24	0	AfrAmr	0	0
SPG7	0	AfrAmr	0	0
SSH3	0	AfrAmr	0	0
TAF1L	0	AfrAmr	0	0
TAMM41	0	AfrAmr	0	0
TBX18	0	AfrAmr	0	0
TDG	0	AfrAmr	0	0
TDRD7	0	AfrAmr	0	0
TIMP1	0	AfrAmr	0	0
TMOD1	0	AfrAmr	0	0
TRAV16	0	AfrAmr	0	0
TRIML1	0	AfrAmr	0	0
TRMT61A	0	AfrAmr	0	0
TSNARE1	0	AfrAmr	0	0
UBE2Q1	0	AfrAmr	0	0
WDR83	0	AfrAmr	0	0
ZHX1	0	AfrAmr	0	0
ZIC5	0	AfrAmr	0	0
ZNF318	0	AfrAmr	0	0
ZNF514	0	AfrAmr	0	0
ZNF556	0	AfrAmr	0	0
ZNF615	0	AfrAmr	0	0
ZNF812	0	AfrAmr	0	0
ALDH3A2	0	AfrAmr	0	0
ANGPTL7	0	AfrAmr	0	0
ANKRD28	0	AfrAmr	0	0
BNC1	0	AfrAmr	0	0
BTG2	0	AfrAmr	0	0
CDH11	0	AfrAmr	0	0
DEK	0	AfrAmr	0	0
ENTHD1	0	AfrAmr	0	0
ESAM	0	AfrAmr	0	0
GLCE	0	AfrAmr	0	0
INPP5F	0	AfrAmr	0	0
ITGAL	0	AfrAmr	0	0
KIF1B	0	AfrAmr	0	0
MARK1	0	AfrAmr	0	0
MAST4	0	AfrAmr	0	0
MBTPS1	0	AfrAmr	0	0
METTL17	0	AfrAmr	0	0
MRPS2	0	AfrAmr	0	0
MXRA7	0	AfrAmr	0	0
NT5C3B	0	AfrAmr	0	0
NXPE4	0	AfrAmr	0	0
OR5T3	0	AfrAmr	0	0
PALMD	0	AfrAmr	0	0
PCDHGA6	0	AfrAmr	0	0
PLEKHH2	0	AfrAmr	0	0
PRIM1	0	AfrAmr	0	0
RNPEP	0	AfrAmr	0	0
RSBN1	0	AfrAmr	0	0
SIDT2	0	AfrAmr	0	0
SLC25A6	0	AfrAmr	0	0
SLC2A9	0	AfrAmr	0	0
SLC5A1	0	AfrAmr	0	0
SPHK2	0	AfrAmr	0	0
ST3GAL2	0	AfrAmr	0	0
TAAR9	0	AfrAmr	0	0
TCP11L1	0	AfrAmr	0	0
THSD4	0	AfrAmr	0	0
ZER1	0	AfrAmr	0	0
ZNF174	0	AfrAmr	0	0
MKL1	0	AfrAmr	0	0
ADGRL4	0	AfrAmr	0	0
AMOT	0	AfrAmr	0	0
ATRIP	0	AfrAmr	0	0
C14orf39	0	AfrAmr	0	0
CACNA1A	0	AfrAmr	0	0
CGNL1	0	AfrAmr	0	0
DYSF	0	AfrAmr	0	0
EIF3CL	0	AfrAmr	0	0
GDF6	0	AfrAmr	0	0
GTF3A	0	AfrAmr	0	0
KCNT2	0	AfrAmr	0	0
KLK1	0	AfrAmr	0	0
KRTAP6-1	0	AfrAmr	0	0
LRBA	0	AfrAmr	0	0
MROH7	0	AfrAmr	0	0
MYLPF	0	AfrAmr	0	0
NCOR1	0	AfrAmr	0	0
NEFH	0	AfrAmr	0	0
NLRP4	0	AfrAmr	0	0
PHLDB3	0	AfrAmr	0	0
PLA1A	0	AfrAmr	0	0
RAB3IP	0	AfrAmr	0	0
RLTPR	0	AfrAmr	0	0
SPRYD3	0	AfrAmr	0	0
TBC1D12	0	AfrAmr	0	0
TNRC18	0	AfrAmr	0	0
TRIM58	0	AfrAmr	0	0
VRK3	0	AfrAmr	0	0
XDH	0	AfrAmr	0	0
CENPT	0	AfrAmr	0	0
CPEB4	0	AfrAmr	0	0
CTSG	0	AfrAmr	0	0
DISC1	0	AfrAmr	0	0
GIT2	0	AfrAmr	0	0
HOXA3	0	AfrAmr	0	0
IFNL1	0	AfrAmr	0	0
KANSL1	0	AfrAmr	0	0
KCNH1	0	AfrAmr	0	0
LVRN	0	AfrAmr	0	0
NAALAD2	0	AfrAmr	0	0
OR51F2	0	AfrAmr	0	0
PHACTR1	0	AfrAmr	0	0
RAB11FIP5	0	AfrAmr	0	0
SYT3	0	AfrAmr	0	0
TRGV4	0	AfrAmr	0	0
ZAN	0	AfrAmr	0	0
ZC3H11A	0	AfrAmr	0	0
ACTG2	0	AfrAmr	0	0
ATPAF1	0	AfrAmr	0	0
ATR	0	AfrAmr	0	0
BTBD6	0	AfrAmr	0	0
CASC5	0	AfrAmr	0	0
CCDC28B	0	AfrAmr	0	0
CNPY2	0	AfrAmr	0	0
COL13A1	0	AfrAmr	0	0
COPS7B	0	AfrAmr	0	0
ENAM	0	AfrAmr	0	0
GALNT14	0	AfrAmr	0	0
GPR179	0	AfrAmr	0	0
HS3ST2	0	AfrAmr	0	0
KLRC3	0	AfrAmr	0	0
LAMC1	0	AfrAmr	0	0
MDGA1	0	AfrAmr	0	0
MDGA2	0	AfrAmr	0	0
MTUS1	0	AfrAmr	0	0
NCBP2L	0	AfrAmr	0	0
NRK	0	AfrAmr	0	0
OR5L2	0	AfrAmr	0	0
P2RY8	0	AfrAmr	0	0
PGM2	0	AfrAmr	0	0
PRR23B	0	AfrAmr	0	0
PRR27	0	AfrAmr	0	0
PTGIS	0	AfrAmr	0	0
PTPRD	0	AfrAmr	0	0
SFRP2	0	AfrAmr	0	0
SLC10A2	0	AfrAmr	0	0
SMARCE1	0	AfrAmr	0	0
SNX20	0	AfrAmr	0	0
STXBP1	0	AfrAmr	0	0
TLR6	0	AfrAmr	0	0
TRAV34	0	AfrAmr	0	0
TRIP12	0	AfrAmr	0	0
YTHDF3	0	AfrAmr	0	0
ZC2HC1C	0	AfrAmr	0	0
ZNF721	0	AfrAmr	0	0
ADARB2	0	AfrAmr	0	0
COL5A2	0	AfrAmr	0	0
KCNA1	0	AfrAmr	0	0
KIAA1045	0	AfrAmr	0	0
LPPR4	0	AfrAmr	0	0
PBXIP1	0	AfrAmr	0	0
RECQL5	0	AfrAmr	0	0
SRBD1	0	AfrAmr	0	0
TAGLN2	0	AfrAmr	0	0
TIMELESS	0	AfrAmr	0	0
TMEM132B	0	AfrAmr	0	0
AP3D1	0	AfrAmr	0	0
DHX58	0	AfrAmr	0	0
EZR	0	AfrAmr	0	0
LPAR3	0	AfrAmr	0	0
PCDHB15	0	AfrAmr	0	0
RPH3A	0	AfrAmr	0	0
SLC45A2	0	AfrAmr	0	0
SLC4A5	0	AfrAmr	0	0
TRPS1	0	AfrAmr	0	0
TXNIP	0	AfrAmr	0	0
ACE	0	AfrAmr	0	0
AHR	0	AfrAmr	0	0
AREL1	0	AfrAmr	0	0
CALN1	0	AfrAmr	0	0
CDH8	0	AfrAmr	0	0
CXCR1	0	AfrAmr	0	0
DENND5A	0	AfrAmr	0	0
DYRK1A	0	AfrAmr	0	0
EXD2	0	AfrAmr	0	0
GABRA5	0	AfrAmr	0	0
GPRASP1	0	AfrAmr	0	0
HSP90AA1	0	AfrAmr	0	0
KIF17	0	AfrAmr	0	0
KRT84	0	AfrAmr	0	0
LGR6	0	AfrAmr	0	0
LHFPL2	0	AfrAmr	0	0
LRRCC1	0	AfrAmr	0	0
MAP1LC3A	0	AfrAmr	0	0
MCM2	0	AfrAmr	0	0
MIB2	0	AfrAmr	0	0
MRPS30	0	AfrAmr	0	0
NFAM1	0	AfrAmr	0	0
NPY5R	0	AfrAmr	0	0
ODF1	0	AfrAmr	0	0
OR10G9	0	AfrAmr	0	0
OR4S1	0	AfrAmr	0	0
OR5I1	0	AfrAmr	0	0
PPIL1	0	AfrAmr	0	0
PRIMA1	0	AfrAmr	0	0
PSD	0	AfrAmr	0	0
PTCH2	0	AfrAmr	0	0
RNF182	0	AfrAmr	0	0
SEC31B	0	AfrAmr	0	0
STAU2	0	AfrAmr	0	0
TENM3	0	AfrAmr	0	0
TLR4	0	AfrAmr	0	0
TOR1AIP1	0	AfrAmr	0	0
TRAV9-2	0	AfrAmr	0	0
TTI1	0	AfrAmr	0	0
WNK4	0	AfrAmr	0	0
ZIC1	0	AfrAmr	0	0
ABCB5	0	AfrAmr	0	0
ABCB7	0	AfrAmr	0	0
ADNP	0	AfrAmr	0	0
APOH	0	AfrAmr	0	0
ARHGAP6	0	AfrAmr	0	0
CHST8	0	AfrAmr	0	0
CLEC18A	0	AfrAmr	0	0
COL16A1	0	AfrAmr	0	0
CSAD	0	AfrAmr	0	0
CYP26B1	0	AfrAmr	0	0
DCAF12L2	0	AfrAmr	0	0
DDX31	0	AfrAmr	0	0
DNMT1	0	AfrAmr	0	0
DOCK7	0	AfrAmr	0	0
FCHSD1	0	AfrAmr	0	0
IGHA2	0	AfrAmr	0	0
ISM1	0	AfrAmr	0	0
KCNC3	0	AfrAmr	0	0
LIN7A	0	AfrAmr	0	0
LSM4	0	AfrAmr	0	0
MAN1B1	0	AfrAmr	0	0
MFI2	0	AfrAmr	0	0
MTM1	0	AfrAmr	0	0
MVP	0	AfrAmr	0	0
MYBPC1	0	AfrAmr	0	0
NCKAP1L	0	AfrAmr	0	0
ORC1	0	AfrAmr	0	0
PINK1	0	AfrAmr	0	0
PLTP	0	AfrAmr	0	0
PSG9	0	AfrAmr	0	0
PTGR2	0	AfrAmr	0	0
PTPN6	0	AfrAmr	0	0
RASA3	0	AfrAmr	0	0
RBBP7	0	AfrAmr	0	0
SLC22A7	0	AfrAmr	0	0
SLC26A10	0	AfrAmr	0	0
SOX17	0	AfrAmr	0	0
STK31	0	AfrAmr	0	0
TCTEX1D1	0	AfrAmr	0	0
THEMIS2	0	AfrAmr	0	0
THOC5	0	AfrAmr	0	0
TM7SF3	0	AfrAmr	0	0
TMEM208	0	AfrAmr	0	0
TRIM49C	0	AfrAmr	0	0
ZNF320	0	AfrAmr	0	0
ZNF43	0	AfrAmr	0	0
ZNF483	0	AfrAmr	0	0
ZNF730	0	AfrAmr	0	0
FTHL17	0	AfrAmr	0	0
HEATR1	0	AfrAmr	0	0
IFI44	0	AfrAmr	0	0
KLB	0	AfrAmr	0	0
LDHC	0	AfrAmr	0	0
NSDHL	0	AfrAmr	0	0
PCDHGA1	0	AfrAmr	0	0
TLE3	0	AfrAmr	0	0
USP29	0	AfrAmr	0	0
BANP	0	AfrAmr	0	0
BTF3	0	AfrAmr	0	0
BZRAP1	0	AfrAmr	0	0
C1QTNF6	0	AfrAmr	0	0
CABIN1	0	AfrAmr	0	0
CTSK	0	AfrAmr	0	0
DNASE1L1	0	AfrAmr	0	0
DPYSL5	0	AfrAmr	0	0
ECI2	0	AfrAmr	0	0
EPB41L1	0	AfrAmr	0	0
GAB3	0	AfrAmr	0	0
GNAO1	0	AfrAmr	0	0
GPRC5B	0	AfrAmr	0	0
HCN4	0	AfrAmr	0	0
IGDCC4	0	AfrAmr	0	0
KIF3C	0	AfrAmr	0	0
MUC5B	0	AfrAmr	0	0
NUPL2	0	AfrAmr	0	0
OTX2	0	AfrAmr	0	0
PALLD	0	AfrAmr	0	0
PPP1R26	0	AfrAmr	0	0
RPA2	0	AfrAmr	0	0
RSC1A1	0	AfrAmr	0	0
RYR3	0	AfrAmr	0	0
SASH3	0	AfrAmr	0	0
SLC30A7	0	AfrAmr	0	0
SLC36A3	0	AfrAmr	0	0
STRN3	0	AfrAmr	0	0
SYT15	0	AfrAmr	0	0
TRPV6	0	AfrAmr	0	0
TSSK1B	0	AfrAmr	0	0
WNT7A	0	AfrAmr	0	0
ZNF628	0	AfrAmr	0	0
ZNF71	0	AfrAmr	0	0
ADAMTS14	0	AfrAmr	0	0
ANKEF1	0	AfrAmr	0	0
ARHGEF11	0	AfrAmr	0	0
CAPZA3	0	AfrAmr	0	0
CGB5	0	AfrAmr	0	0
CSRNP3	0	AfrAmr	0	0
DRP2	0	AfrAmr	0	0
IRS4	0	AfrAmr	0	0
IRX4	0	AfrAmr	0	0
KCNU1	0	AfrAmr	0	0
KRT4	0	AfrAmr	0	0
LCP1	0	AfrAmr	0	0
LRRC43	0	AfrAmr	0	0
NUDC	0	AfrAmr	0	0
OR2T34	0	AfrAmr	0	0
PDZD4	0	AfrAmr	0	0
PTPRZ1	0	AfrAmr	0	0
SNRNP200	0	AfrAmr	0	0
SYTL4	0	AfrAmr	0	0
TBX22	0	AfrAmr	0	0
TEP1	0	AfrAmr	0	0
TFDP3	0	AfrAmr	0	0
TRANK1	0	AfrAmr	0	0
ZNF576	0	AfrAmr	0	0
ACVR2A	0	AfrAmr	0	0
ALDH4A1	0	AfrAmr	0	0
ARX	0	AfrAmr	0	0
BEX2	0	AfrAmr	0	0
C16orf72	0	AfrAmr	0	0
CAPRIN1	0	AfrAmr	0	0
CEP70	0	AfrAmr	0	0
CKAP5	0	AfrAmr	0	0
COL9A1	0	AfrAmr	0	0
CTR9	0	AfrAmr	0	0
DPYS	0	AfrAmr	0	0
FCGR2B	0	AfrAmr	0	0
GGTLC1	0	AfrAmr	0	0
IGHD	0	AfrAmr	0	0
INSL4	0	AfrAmr	0	0
LACE1	0	AfrAmr	0	0
LIG1	0	AfrAmr	0	0
NR4A2	0	AfrAmr	0	0
PAX1	0	AfrAmr	0	0
PDE10A	0	AfrAmr	0	0
PRAME	0	AfrAmr	0	0
RP11-108K14.8	0	AfrAmr	0	0
RP11-468E2.1	0	AfrAmr	0	0
S1PR2	0	AfrAmr	0	0
SOAT1	0	AfrAmr	0	0
SPATC1	0	AfrAmr	0	0
TMEM145	0	AfrAmr	0	0
WWP2	0	AfrAmr	0	0
ZKSCAN7	0	AfrAmr	0	0
ADAMTS12	0	AfrAmr	0	0
ATP10B	0	AfrAmr	0	0
CCDC93	0	AfrAmr	0	0
CDK5RAP2	0	AfrAmr	0	0
CPNE6	0	AfrAmr	0	0
DOT1L	0	AfrAmr	0	0
STAT3	0	AfrAmr	0	0
ZBTB22	0	AfrAmr	0	0
ARHGAP12	0	AfrAmr	0	0
ARL5B	0	AfrAmr	0	0
CEP350	0	AfrAmr	0	0
CLEC4G	0	AfrAmr	0	0
CR1L	0	AfrAmr	0	0
DHRS4	0	AfrAmr	0	0
DLX5	0	AfrAmr	0	0
ENPP6	0	AfrAmr	0	0
GLB1L2	0	AfrAmr	0	0
GPR183	0	AfrAmr	0	0
GRID1	0	AfrAmr	0	0
HSPA6	0	AfrAmr	0	0
ITGA1	0	AfrAmr	0	0
MDM2	0	AfrAmr	0	0
MFHAS1	0	AfrAmr	0	0
NLRC3	0	AfrAmr	0	0
NUDT9	0	AfrAmr	0	0
OTUD6B	0	AfrAmr	0	0
PLEKHA8	0	AfrAmr	0	0
RSRC2	0	AfrAmr	0	0
SEMA4A	0	AfrAmr	0	0
SERPINA6	0	AfrAmr	0	0
SKAP2	0	AfrAmr	0	0
SLC6A20	0	AfrAmr	0	0
SON	0	AfrAmr	0	0
TLL2	0	AfrAmr	0	0
ZBTB17	0	AfrAmr	0	0
ZNF532	0	AfrAmr	0	0
ABHD15	0	AfrAmr	0	0
ABI2	0	AfrAmr	0	0
AGAP2	0	AfrAmr	0	0
ANKRD30A	0	AfrAmr	0	0
CCDC116	0	AfrAmr	0	0
CCDC61	0	AfrAmr	0	0
CHAT	0	AfrAmr	0	0
CKMT2	0	AfrAmr	0	0
CLTCL1	0	AfrAmr	0	0
COL4A2	0	AfrAmr	0	0
DEFB136	0	AfrAmr	0	0
ERCC2	0	AfrAmr	0	0
EYS	0	AfrAmr	0	0
FAM179B	0	AfrAmr	0	0
FRMPD2	0	AfrAmr	0	0
FRMPD3	0	AfrAmr	0	0
GABRG2	0	AfrAmr	0	0
GJB4	0	AfrAmr	0	0
GPR15	0	AfrAmr	0	0
GRAMD1A	0	AfrAmr	0	0
KCNJ4	0	AfrAmr	0	0
KCNN1	0	AfrAmr	0	0
KDM5B	0	AfrAmr	0	0
KIAA1551	0	AfrAmr	0	0
MAP2K7	0	AfrAmr	0	0
MROH5	0	AfrAmr	0	0
MSRB3	0	AfrAmr	0	0
MTG2	0	AfrAmr	0	0
OR1A1	0	AfrAmr	0	0
OR1D2	0	AfrAmr	0	0
OR5L1	0	AfrAmr	0	0
PCDH12	0	AfrAmr	0	0
PCDH18	0	AfrAmr	0	0
PEAK1	0	AfrAmr	0	0
PRAMEF4	0	AfrAmr	0	0
PRODH2	0	AfrAmr	0	0
PRR11	0	AfrAmr	0	0
RARRES3	0	AfrAmr	0	0
RSU1	0	AfrAmr	0	0
RYBP	0	AfrAmr	0	0
SAXO1	0	AfrAmr	0	0
SEPSECS	0	AfrAmr	0	0
SEPT4	0	AfrAmr	0	0
SKP2	0	AfrAmr	0	0
WDR47	0	AfrAmr	0	0
ZNF267	0	AfrAmr	0	0
ZNF658	0	AfrAmr	0	0
AGAP6	0	AfrAmr	0	0
BEST1	0	AfrAmr	0	0
BMPR1A	0	AfrAmr	0	0
CCDC7	0	AfrAmr	0	0
CHST4	0	AfrAmr	0	0
COL11A1	0	AfrAmr	0	0
CPSF3L	0	AfrAmr	0	0
DHRSX	0	AfrAmr	0	0
DHX8	0	AfrAmr	0	0
FGD3	0	AfrAmr	0	0
FRMPD1	0	AfrAmr	0	0
GFER	0	AfrAmr	0	0
GPM6B	0	AfrAmr	0	0
KRT37	0	AfrAmr	0	0
LTN1	0	AfrAmr	0	0
MFAP3L	0	AfrAmr	0	0
MKX	0	AfrAmr	0	0
P4HA1	0	AfrAmr	0	0
PACSIN1	0	AfrAmr	0	0
PI4KB	0	AfrAmr	0	0
PKN1	0	AfrAmr	0	0
PLEKHM1	0	AfrAmr	0	0
RORC	0	AfrAmr	0	0
SEMA5B	0	AfrAmr	0	0
SLCO5A1	0	AfrAmr	0	0
SRPK3	0	AfrAmr	0	0
STAB2	0	AfrAmr	0	0
STS	0	AfrAmr	0	0
SULF2	0	AfrAmr	0	0
TARS	0	AfrAmr	0	0
ZIC3	0	AfrAmr	0	0
ZSWIM4	0	AfrAmr	0	0
ATXN10	0	AfrAmr	0	0
DHRS9	0	AfrAmr	0	0
FAM120C	0	AfrAmr	0	0
FGF16	0	AfrAmr	0	0
GLTSCR2	0	AfrAmr	0	0
HNRNPR	0	AfrAmr	0	0
LYG1	0	AfrAmr	0	0
NUDT17	0	AfrAmr	0	0
OPN1LW	0	AfrAmr	0	0
RTN4R	0	AfrAmr	0	0
SAMD9	0	AfrAmr	0	0
SCD5	0	AfrAmr	0	0
SULT4A1	0	AfrAmr	0	0
TAF5L	0	AfrAmr	0	0
ADAMTS20	0	AfrAmr	0	0
AHRR	0	AfrAmr	0	0
ARNTL	0	AfrAmr	0	0
CUL2	0	AfrAmr	0	0
DNAAF3	0	AfrAmr	0	0
EPB41L3	0	AfrAmr	0	0
FGF23	0	AfrAmr	0	0
GPX5	0	AfrAmr	0	0
HSPA1B	0	AfrAmr	0	0
KCNIP2	0	AfrAmr	0	0
LRRC45	0	AfrAmr	0	0
NFKBIZ	0	AfrAmr	0	0
OR4A47	0	AfrAmr	0	0
PAX6	0	AfrAmr	0	0
PCDHGB1	0	AfrAmr	0	0
PPP2R3B	0	AfrAmr	0	0
SIPA1	0	AfrAmr	0	0
SNX2	0	AfrAmr	0	0
SPSB4	0	AfrAmr	0	0
SVIL	0	AfrAmr	0	0
TAF2	0	AfrAmr	0	0
UBB	0	AfrAmr	0	0
XPO7	0	AfrAmr	0	0
ZNF648	0	AfrAmr	0	0
BARHL1	0	AfrAmr	0	0
BTN1A1	0	AfrAmr	0	0
CHPF2	0	AfrAmr	0	0
CLEC18B	0	AfrAmr	0	0
EBAG9	0	AfrAmr	0	0
FAM53A	0	AfrAmr	0	0
FOXP3	0	AfrAmr	0	0
GABRA2	0	AfrAmr	0	0
GATA2	0	AfrAmr	0	0
GJA8	0	AfrAmr	0	0
GPR173	0	AfrAmr	0	0
GRM4	0	AfrAmr	0	0
GUCY2C	0	AfrAmr	0	0
HHIPL1	0	AfrAmr	0	0
HUNK	0	AfrAmr	0	0
KDM4A	0	AfrAmr	0	0
KRT24	0	AfrAmr	0	0
KRT33B	0	AfrAmr	0	0
MORC2	0	AfrAmr	0	0
MRPS36	0	AfrAmr	0	0
OCA2	0	AfrAmr	0	0
PCP4	0	AfrAmr	0	0
PIF1	0	AfrAmr	0	0
POU4F2	0	AfrAmr	0	0
PSG3	0	AfrAmr	0	0
PTPRA	0	AfrAmr	0	0
RTN2	0	AfrAmr	0	0
SDR42E1	0	AfrAmr	0	0
SH2D5	0	AfrAmr	0	0
SSTR5	0	AfrAmr	0	0
TEKT4	0	AfrAmr	0	0
TTLL6	0	AfrAmr	0	0
UBXN4	0	AfrAmr	0	0
USP36	0	AfrAmr	0	0
XCR1	0	AfrAmr	0	0
ZCCHC10	0	AfrAmr	0	0
ANKDD1A	0	AfrAmr	0	0
ARHGAP22	0	AfrAmr	0	0
CD207	0	AfrAmr	0	0
CXCR4	0	AfrAmr	0	0
EMC10	0	AfrAmr	0	0
FAM83H	0	AfrAmr	0	0
KDELC2	0	AfrAmr	0	0
MYBPH	0	AfrAmr	0	0
NDEL1	0	AfrAmr	0	0
NEB	0	AfrAmr	0	0
NLK	0	AfrAmr	0	0
NPAS3	0	AfrAmr	0	0
OR2M5	0	AfrAmr	0	0
OR5A1	0	AfrAmr	0	0
PLEKHG2	0	AfrAmr	0	0
PLRG1	0	AfrAmr	0	0
PRAMEF17	0	AfrAmr	0	0
RNF40	0	AfrAmr	0	0
SERPINF2	0	AfrAmr	0	0
SLCO3A1	0	AfrAmr	0	0
SLX4	0	AfrAmr	0	0
SV2A	0	AfrAmr	0	0
TAS2R20	0	AfrAmr	0	0
TEX37	0	AfrAmr	0	0
TNC	0	AfrAmr	0	0
TNFAIP3	0	AfrAmr	0	0
TRAV3	0	AfrAmr	0	0
TTC13	0	AfrAmr	0	0
WAPAL	0	AfrAmr	0	0
ZNF7	0	AfrAmr	0	0
ACADM	0	AfrAmr	0	0
ASIC1	0	AfrAmr	0	0
ASUN	0	AfrAmr	0	0
BTRC	0	AfrAmr	0	0
C2orf88	0	AfrAmr	0	0
CDHR1	0	AfrAmr	0	0
CORO1B	0	AfrAmr	0	0
CREB3	0	AfrAmr	0	0
DEF8	0	AfrAmr	0	0
ECD	0	AfrAmr	0	0
GABRG3	0	AfrAmr	0	0
IFT46	0	AfrAmr	0	0
IKBKB	0	AfrAmr	0	0
KCNQ5	0	AfrAmr	0	0
KIAA1210	0	AfrAmr	0	0
KRTAP24-1	0	AfrAmr	0	0
LRRC4	0	AfrAmr	0	0
MATN1	0	AfrAmr	0	0
METAP1	0	AfrAmr	0	0
MYF6	0	AfrAmr	0	0
NAIP	0	AfrAmr	0	0
NBPF26	0	AfrAmr	0	0
NPEPPS	0	AfrAmr	0	0
NPY1R	0	AfrAmr	0	0
OR10H4	0	AfrAmr	0	0
OR5M8	0	AfrAmr	0	0
PKD2	0	AfrAmr	0	0
PLCXD1	0	AfrAmr	0	0
PSME4	0	AfrAmr	0	0
PZP	0	AfrAmr	0	0
RPSA	0	AfrAmr	0	0
SAMSN1	0	AfrAmr	0	0
SATB2	0	AfrAmr	0	0
SEC31A	0	AfrAmr	0	0
SLC10A6	0	AfrAmr	0	0
SLC36A2	0	AfrAmr	0	0
SPAG16	0	AfrAmr	0	0
TLR3	0	AfrAmr	0	0
TRPM8	0	AfrAmr	0	0
TYRP1	0	AfrAmr	0	0
UGGT2	0	AfrAmr	0	0
VWA9	0	AfrAmr	0	0
ZSCAN2	0	AfrAmr	0	0
ABCG8	0	AfrAmr	0	0
ALCAM	0	AfrAmr	0	0
ATF5	0	AfrAmr	0	0
BFSP2	0	AfrAmr	0	0
C5orf42	0	AfrAmr	0	0
CADM2	0	AfrAmr	0	0
CD8B	0	AfrAmr	0	0
CELSR1	0	AfrAmr	0	0
CFAP36	0	AfrAmr	0	0
CNGB1	0	AfrAmr	0	0
COL15A1	0	AfrAmr	0	0
DRC7	0	AfrAmr	0	0
DSP	0	AfrAmr	0	0
FARP2	0	AfrAmr	0	0
FMNL3	0	AfrAmr	0	0
FOLH1	0	AfrAmr	0	0
FZD1	0	AfrAmr	0	0
GRIA1	0	AfrAmr	0	0
HDHD2	0	AfrAmr	0	0
HES6	0	AfrAmr	0	0
KRTAP5-3	0	AfrAmr	0	0
L1CAM	0	AfrAmr	0	0
MCF2L2	0	AfrAmr	0	0
MRPL57	0	AfrAmr	0	0
NELL1	0	AfrAmr	0	0
NKX2-4	0	AfrAmr	0	0
NLRP12	0	AfrAmr	0	0
NTNG2	0	AfrAmr	0	0
NUP205	0	AfrAmr	0	0
OR4C13	0	AfrAmr	0	0
OR4D9	0	AfrAmr	0	0
OSGIN1	0	AfrAmr	0	0
OTOF	0	AfrAmr	0	0
PCDHGB4	0	AfrAmr	0	0
PFKFB4	0	AfrAmr	0	0
PGF	0	AfrAmr	0	0
PKP2	0	AfrAmr	0	0
PRR5L	0	AfrAmr	0	0
PRRC2C	0	AfrAmr	0	0
PTPN21	0	AfrAmr	0	0
RBM27	0	AfrAmr	0	0
SLC2A10	0	AfrAmr	0	0
SLC6A1	0	AfrAmr	0	0
SLC9A2	0	AfrAmr	0	0
SLC9A9	0	AfrAmr	0	0
TEX19	0	AfrAmr	0	0
TFAP2C	0	AfrAmr	0	0
TMEM117	0	AfrAmr	0	0
TNNI3K	0	AfrAmr	0	0
TP53BP2	0	AfrAmr	0	0
UBA7	0	AfrAmr	0	0
VPS13D	0	AfrAmr	0	0
ZNF638	0	AfrAmr	0	0
ZSCAN10	0	AfrAmr	0	0
ADGRF4	0	AfrAmr	0	0
FAM8A1	0	AfrAmr	0	0
FLRT2	0	AfrAmr	0	0
LAMB2	0	AfrAmr	0	0
MYO9A	0	AfrAmr	0	0
PCDHA4	0	AfrAmr	0	0
PCDHGB6	0	AfrAmr	0	0
PDZRN3	0	AfrAmr	0	0
PRPS1	0	AfrAmr	0	0
SERPINB5	0	AfrAmr	0	0
SLCO1B3	0	AfrAmr	0	0
SLCO1C1	0	AfrAmr	0	0
SPTBN4	0	AfrAmr	0	0
SYNJ2	0	AfrAmr	0	0
TACC2	0	AfrAmr	0	0
TRIM73	0	AfrAmr	0	0
VPS29	0	AfrAmr	0	0
WNT7B	0	AfrAmr	0	0
WTAP	0	AfrAmr	0	0
ZNF513	0	AfrAmr	0	0
APPL1	0	AfrAmr	0	0
BEST3	0	AfrAmr	0	0
BPIFB1	0	AfrAmr	0	0
BVES	0	AfrAmr	0	0
CCDC171	0	AfrAmr	0	0
CCKAR	0	AfrAmr	0	0
CKM	0	AfrAmr	0	0
CPE	0	AfrAmr	0	0
CRAMP1L	0	AfrAmr	0	0
CTSC	0	AfrAmr	0	0
CTSF	0	AfrAmr	0	0
CYLD	0	AfrAmr	0	0
DRD2	0	AfrAmr	0	0
EFEMP2	0	AfrAmr	0	0
ESCO2	0	AfrAmr	0	0
GLRX3	0	AfrAmr	0	0
GTF3C1	0	AfrAmr	0	0
IGJ	0	AfrAmr	0	0
IL20RA	0	AfrAmr	0	0
ING1	0	AfrAmr	0	0
INHBA	0	AfrAmr	0	0
KLHL28	0	AfrAmr	0	0
LRFN5	0	AfrAmr	0	0
MRGPRF	0	AfrAmr	0	0
MYH6	0	AfrAmr	0	0
NUAK1	0	AfrAmr	0	0
P2RY6	0	AfrAmr	0	0
PAGE1	0	AfrAmr	0	0
POLA1	0	AfrAmr	0	0
PRICKLE1	0	AfrAmr	0	0
RAPGEF2	0	AfrAmr	0	0
SAC3D1	0	AfrAmr	0	0
SEC24C	0	AfrAmr	0	0
SLC30A8	0	AfrAmr	0	0
SPACA7	0	AfrAmr	0	0
TBC1D16	0	AfrAmr	0	0
TMEM200C	0	AfrAmr	0	0
TMEM30A	0	AfrAmr	0	0
UNC5D	0	AfrAmr	0	0
USP42	0	AfrAmr	0	0
ACOT11	0	AfrAmr	0	0
ACTA1	0	AfrAmr	0	0
ADAMTSL1	0	AfrAmr	0	0
ADH1A	0	AfrAmr	0	0
CEP44	0	AfrAmr	0	0
EXOSC8	0	AfrAmr	0	0
FPGS	0	AfrAmr	0	0
GDE1	0	AfrAmr	0	0
GPR45	0	AfrAmr	0	0
LMLN	0	AfrAmr	0	0
LRRC4C	0	AfrAmr	0	0
LUC7L3	0	AfrAmr	0	0
MAGEB16	0	AfrAmr	0	0
NKX2-2	0	AfrAmr	0	0
NOTCH3	0	AfrAmr	0	0
OR11H1	0	AfrAmr	0	0
OR2L13	0	AfrAmr	0	0
TBX5	0	AfrAmr	0	0
TECR	0	AfrAmr	0	0
TMCC2	0	AfrAmr	0	0
TSSK6	0	AfrAmr	0	0
TSTA3	0	AfrAmr	0	0
ZNF671	0	AfrAmr	0	0
A2M	0	AfrAmr	0	0
A2ML1	0	AfrAmr	0	0
A4GALT	0	AfrAmr	0	0
AAAS	0	AfrAmr	0	0
AADACL2	0	AfrAmr	0	0
AADACL3	0	AfrAmr	0	0
AADACL4	0	AfrAmr	0	0
AAED1	0	AfrAmr	0	0
AAGAB	0	AfrAmr	0	0
AARS	0	AfrAmr	0	0
AARS2	0	AfrAmr	0	0
AASDHPPT	0	AfrAmr	0	0
AASS	0	AfrAmr	0	0
AATK	0	AfrAmr	0	0
ABAT	0	AfrAmr	0	0
ABCA1	0	AfrAmr	0	0
ABCA2	0	AfrAmr	0	0
ABCA3	0	AfrAmr	0	0
ABCA5	0	AfrAmr	0	0
ABCA6	0	AfrAmr	0	0
ABCA7	0	AfrAmr	0	0
ABCA8	0	AfrAmr	0	0
ABCA9	0	AfrAmr	0	0
ABCB10	0	AfrAmr	0	0
ABCB11	0	AfrAmr	0	0
ABCB4	0	AfrAmr	0	0
ABCC3	0	AfrAmr	0	0
ABCC4	0	AfrAmr	0	0
ABCC5	0	AfrAmr	0	0
ABCD2	0	AfrAmr	0	0
ABCD3	0	AfrAmr	0	0
ABCE1	0	AfrAmr	0	0
ABCF1	0	AfrAmr	0	0
ABCG2	0	AfrAmr	0	0
ABHD11	0	AfrAmr	0	0
ABHD12	0	AfrAmr	0	0
ABHD13	0	AfrAmr	0	0
ABHD14A	0	AfrAmr	0	0
ABHD16A	0	AfrAmr	0	0
ABHD16B	0	AfrAmr	0	0
ABHD17B	0	AfrAmr	0	0
ABI1	0	AfrAmr	0	0
ABI3BP	0	AfrAmr	0	0
ABL2	0	AfrAmr	0	0
ABLIM2	0	AfrAmr	0	0
ABLIM3	0	AfrAmr	0	0
ABO	0	AfrAmr	0	0
ABR	0	AfrAmr	0	0
ABTB1	0	AfrAmr	0	0
ACACA	0	AfrAmr	0	0
ACACB	0	AfrAmr	0	0
ACAD11	0	AfrAmr	0	0
ACAD9	0	AfrAmr	0	0
ACADL	0	AfrAmr	0	0
ACADS	0	AfrAmr	0	0
ACADSB	0	AfrAmr	0	0
ACAN	0	AfrAmr	0	0
ACAP1	0	AfrAmr	0	0
ACAT1	0	AfrAmr	0	0
ACBD3	0	AfrAmr	0	0
ACBD5	0	AfrAmr	0	0
ACCSL	0	AfrAmr	0	0
ACKR2	0	AfrAmr	0	0
ACKR4	0	AfrAmr	0	0
ACOT7	0	AfrAmr	0	0
ACOT8	0	AfrAmr	0	0
ACOX3	0	AfrAmr	0	0
ACP5	0	AfrAmr	0	0
ACR	0	AfrAmr	0	0
ACRC	0	AfrAmr	0	0
ACRV1	0	AfrAmr	0	0
ACSBG2	0	AfrAmr	0	0
ACSF2	0	AfrAmr	0	0
ACSF3	0	AfrAmr	0	0
ACSL3	0	AfrAmr	0	0
ACSL5	0	AfrAmr	0	0
ACSL6	0	AfrAmr	0	0
ACSM2B	0	AfrAmr	0	0
ACSM4	0	AfrAmr	0	0
ACSM5	0	AfrAmr	0	0
ACSS2	0	AfrAmr	0	0
ACTA2	0	AfrAmr	0	0
ACTB	0	AfrAmr	0	0
ACTN1	0	AfrAmr	0	0
ACTN2	0	AfrAmr	0	0
ACTR10	0	AfrAmr	0	0
ACTR3B	0	AfrAmr	0	0
ACTR3C	0	AfrAmr	0	0
ACTR5	0	AfrAmr	0	0
ACTR8	0	AfrAmr	0	0
ACTRT2	0	AfrAmr	0	0
ACVR1B	0	AfrAmr	0	0
ACVR2B	0	AfrAmr	0	0
ACVRL1	0	AfrAmr	0	0
ADAD1	0	AfrAmr	0	0
ADAM12	0	AfrAmr	0	0
ADAM18	0	AfrAmr	0	0
ADAM19	0	AfrAmr	0	0
ADAM20	0	AfrAmr	0	0
ADAM21	0	AfrAmr	0	0
ADAM28	0	AfrAmr	0	0
ADAM30	0	AfrAmr	0	0
ADAM32	0	AfrAmr	0	0
ADAM7	0	AfrAmr	0	0
ADAM8	0	AfrAmr	0	0
ADAM9	0	AfrAmr	0	0
ADAMTS1	0	AfrAmr	0	0
ADAMTS17	0	AfrAmr	0	0
ADAMTS6	0	AfrAmr	0	0
ADAMTS8	0	AfrAmr	0	0
ADAP2	0	AfrAmr	0	0
ADAT1	0	AfrAmr	0	0
ADAT2	0	AfrAmr	0	0
ADCK1	0	AfrAmr	0	0
ADCK2	0	AfrAmr	0	0
ADCK3	0	AfrAmr	0	0
ADCK4	0	AfrAmr	0	0
ADCY10	0	AfrAmr	0	0
ADCY6	0	AfrAmr	0	0
ADCY7	0	AfrAmr	0	0
ADD2	0	AfrAmr	0	0
ADGRA1	0	AfrAmr	0	0
ADGRA2	0	AfrAmr	0	0
ADGRB1	0	AfrAmr	0	0
ADGRB3	0	AfrAmr	0	0
ADGRE1	0	AfrAmr	0	0
ADGRE3	0	AfrAmr	0	0
ADGRF5	0	AfrAmr	0	0
ADGRG1	0	AfrAmr	0	0
ADGRG2	0	AfrAmr	0	0
ADGRG6	0	AfrAmr	0	0
ADGRL1	0	AfrAmr	0	0
ADGRL3	0	AfrAmr	0	0
ADH1B	0	AfrAmr	0	0
ADH4	0	AfrAmr	0	0
ADH5	0	AfrAmr	0	0
ADH6	0	AfrAmr	0	0
ADH7	0	AfrAmr	0	0
ADHFE1	0	AfrAmr	0	0
ADIPOR1	0	AfrAmr	0	0
ADM	0	AfrAmr	0	0
ADM2	0	AfrAmr	0	0
ADNP2	0	AfrAmr	0	0
ADORA2A	0	AfrAmr	0	0
ADORA3	0	AfrAmr	0	0
ADPRHL2	0	AfrAmr	0	0
ADRA1B	0	AfrAmr	0	0
ADRA2A	0	AfrAmr	0	0
ADRA2B	0	AfrAmr	0	0
ADRBK1	0	AfrAmr	0	0
ADRBK2	0	AfrAmr	0	0
ADSL	0	AfrAmr	0	0
ADSSL1	0	AfrAmr	0	0
AEBP1	0	AfrAmr	0	0
AEBP2	0	AfrAmr	0	0
AEN	0	AfrAmr	0	0
AFAP1L1	0	AfrAmr	0	0
AFAP1L2	0	AfrAmr	0	0
AFF1	0	AfrAmr	0	0
AFG3L2	0	AfrAmr	0	0
AFM	0	AfrAmr	0	0
AFTPH	0	AfrAmr	0	0
AGA	0	AfrAmr	0	0
AGAP3	0	AfrAmr	0	0
AGAP4	0	AfrAmr	0	0
AGAP5	0	AfrAmr	0	0
AGAP9	0	AfrAmr	0	0
AGBL1	0	AfrAmr	0	0
AGFG1	0	AfrAmr	0	0
AGMO	0	AfrAmr	0	0
AGO1	0	AfrAmr	0	0
AGPAT3	0	AfrAmr	0	0
AGPAT4	0	AfrAmr	0	0
AGPAT6	0	AfrAmr	0	0
AGR2	0	AfrAmr	0	0
AGRN	0	AfrAmr	0	0
AGT	0	AfrAmr	0	0
AGTPBP1	0	AfrAmr	0	0
AGXT	0	AfrAmr	0	0
AHCTF1	0	AfrAmr	0	0
AHCY	0	AfrAmr	0	0
AHCYL1	0	AfrAmr	0	0
AHCYL2	0	AfrAmr	0	0
AHDC1	0	AfrAmr	0	0
AHI1	0	AfrAmr	0	0
AHNAK2	0	AfrAmr	0	0
AHSA2	0	AfrAmr	0	0
AHSG	0	AfrAmr	0	0
AIFM2	0	AfrAmr	0	0
AIFM3	0	AfrAmr	0	0
AIM1	0	AfrAmr	0	0
AIM1L	0	AfrAmr	0	0
AIMP1	0	AfrAmr	0	0
AIP	0	AfrAmr	0	0
AIPL1	0	AfrAmr	0	0
AK1	0	AfrAmr	0	0
AK2	0	AfrAmr	0	0
AK3	0	AfrAmr	0	0
AK7	0	AfrAmr	0	0
AK9	0	AfrAmr	0	0
AKAP10	0	AfrAmr	0	0
AKAP11	0	AfrAmr	0	0
AKAP12	0	AfrAmr	0	0
AKAP17A	0	AfrAmr	0	0
AKAP3	0	AfrAmr	0	0
AKAP4	0	AfrAmr	0	0
AKAP7	0	AfrAmr	0	0
AKAP8	0	AfrAmr	0	0
AKAP8L	0	AfrAmr	0	0
AKAP9	0	AfrAmr	0	0
AKNA	0	AfrAmr	0	0
AKNAD1	0	AfrAmr	0	0
AKR1B1	0	AfrAmr	0	0
AKR1B15	0	AfrAmr	0	0
AKR1C3	0	AfrAmr	0	0
AKR1C4	0	AfrAmr	0	0
AKR7A2	0	AfrAmr	0	0
AKR7A3	0	AfrAmr	0	0
AKR7L	0	AfrAmr	0	0
AKT1	0	AfrAmr	0	0
AKT2	0	AfrAmr	0	0
AKTIP	0	AfrAmr	0	0
ALAS1	0	AfrAmr	0	0
ALDH16A1	0	AfrAmr	0	0
ALDH18A1	0	AfrAmr	0	0
ALDH1B1	0	AfrAmr	0	0
ALDH1L1	0	AfrAmr	0	0
ALDH3A1	0	AfrAmr	0	0
ALDH3B1	0	AfrAmr	0	0
ALDH3B2	0	AfrAmr	0	0
ALDH6A1	0	AfrAmr	0	0
ALDH9A1	0	AfrAmr	0	0
ALG10	0	AfrAmr	0	0
ALG10B	0	AfrAmr	0	0
ALG11	0	AfrAmr	0	0
ALG12	0	AfrAmr	0	0
ALG13	0	AfrAmr	0	0
ALG3	0	AfrAmr	0	0
ALG5	0	AfrAmr	0	0
ALKBH1	0	AfrAmr	0	0
ALKBH2	0	AfrAmr	0	0
ALKBH4	0	AfrAmr	0	0
ALKBH5	0	AfrAmr	0	0
ALKBH6	0	AfrAmr	0	0
ALLC	0	AfrAmr	0	0
ALMS1	0	AfrAmr	0	0
ALOX12B	0	AfrAmr	0	0
ALOX5	0	AfrAmr	0	0
ALPI	0	AfrAmr	0	0
ALPK1	0	AfrAmr	0	0
ALPL	0	AfrAmr	0	0
ALPP	0	AfrAmr	0	0
ALX1	0	AfrAmr	0	0
AMACR	0	AfrAmr	0	0
AMBN	0	AfrAmr	0	0
AMBP	0	AfrAmr	0	0
AMBRA1	0	AfrAmr	0	0
AMD1	0	AfrAmr	0	0
AMDHD2	0	AfrAmr	0	0
AMER1	0	AfrAmr	0	0
AMER3	0	AfrAmr	0	0
AMH	0	AfrAmr	0	0
AMHR2	0	AfrAmr	0	0
AMIGO2	0	AfrAmr	0	0
AMMECR1L	0	AfrAmr	0	0
AMOTL1	0	AfrAmr	0	0
AMOTL2	0	AfrAmr	0	0
AMPD3	0	AfrAmr	0	0
AMTN	0	AfrAmr	0	0
AMZ1	0	AfrAmr	0	0
ANAPC1	0	AfrAmr	0	0
ANAPC4	0	AfrAmr	0	0
ANAPC5	0	AfrAmr	0	0
ANGEL2	0	AfrAmr	0	0
ANGPTL3	0	AfrAmr	0	0
ANGPTL6	0	AfrAmr	0	0
ANKFN1	0	AfrAmr	0	0
ANKFY1	0	AfrAmr	0	0
ANKHD1	0	AfrAmr	0	0
ANKHD1-EIF4EBP3	0	AfrAmr	0	0
ANKIB1	0	AfrAmr	0	0
ANKLE2	0	AfrAmr	0	0
ANKMY1	0	AfrAmr	0	0
ANKRD1	0	AfrAmr	0	0
ANKRD12	0	AfrAmr	0	0
ANKRD13A	0	AfrAmr	0	0
ANKRD13B	0	AfrAmr	0	0
ANKRD13C	0	AfrAmr	0	0
ANKRD17	0	AfrAmr	0	0
ANKRD20A1	0	AfrAmr	0	0
ANKRD22	0	AfrAmr	0	0
ANKRD23	0	AfrAmr	0	0
ANKRD34A	0	AfrAmr	0	0
ANKRD35	0	AfrAmr	0	0
ANKRD46	0	AfrAmr	0	0
ANKRD49	0	AfrAmr	0	0
ANKRD52	0	AfrAmr	0	0
ANKRD55	0	AfrAmr	0	0
ANKRD9	0	AfrAmr	0	0
ANKS3	0	AfrAmr	0	0
ANKS4B	0	AfrAmr	0	0
ANKS6	0	AfrAmr	0	0
ANLN	0	AfrAmr	0	0
ANO10	0	AfrAmr	0	0
ANO2	0	AfrAmr	0	0
ANO7	0	AfrAmr	0	0
ANO8	0	AfrAmr	0	0
ANO9	0	AfrAmr	0	0
ANPEP	0	AfrAmr	0	0
ANXA6	0	AfrAmr	0	0
ANXA8	0	AfrAmr	0	0
AOAH	0	AfrAmr	0	0
AOC1	0	AfrAmr	0	0
AOX1	0	AfrAmr	0	0
AP000721.4	0	AfrAmr	0	0
AP006285.2	0	AfrAmr	0	0
AP1G2	0	AfrAmr	0	0
AP1M1	0	AfrAmr	0	0
AP1S1	0	AfrAmr	0	0
AP2A2	0	AfrAmr	0	0
AP3B1	0	AfrAmr	0	0
AP3B2	0	AfrAmr	0	0
AP3M1	0	AfrAmr	0	0
AP3M2	0	AfrAmr	0	0
AP4E1	0	AfrAmr	0	0
AP5S1	0	AfrAmr	0	0
AP5Z1	0	AfrAmr	0	0
APAF1	0	AfrAmr	0	0
APBB1	0	AfrAmr	0	0
APBB3	0	AfrAmr	0	0
APC2	0	AfrAmr	0	0
APCDD1L	0	AfrAmr	0	0
APCS	0	AfrAmr	0	0
APEH	0	AfrAmr	0	0
APH1A	0	AfrAmr	0	0
API5	0	AfrAmr	0	0
APLP1	0	AfrAmr	0	0
APOA1BP	0	AfrAmr	0	0
APOA4	0	AfrAmr	0	0
APOA5	0	AfrAmr	0	0
APOBEC3D	0	AfrAmr	0	0
APOBEC3G	0	AfrAmr	0	0
APOE	0	AfrAmr	0	0
APOF	0	AfrAmr	0	0
APOL1	0	AfrAmr	0	0
APOL2	0	AfrAmr	0	0
APOL3	0	AfrAmr	0	0
APP	0	AfrAmr	0	0
APPL2	0	AfrAmr	0	0
APTX	0	AfrAmr	0	0
AQP12B	0	AfrAmr	0	0
AQP3	0	AfrAmr	0	0
AQP5	0	AfrAmr	0	0
AQP7	0	AfrAmr	0	0
AQP8	0	AfrAmr	0	0
ARAP2	0	AfrAmr	0	0
ARAP3	0	AfrAmr	0	0
ARC	0	AfrAmr	0	0
ARCN1	0	AfrAmr	0	0
ARF1	0	AfrAmr	0	0
ARF4	0	AfrAmr	0	0
ARF5	0	AfrAmr	0	0
ARFGAP1	0	AfrAmr	0	0
ARFGEF1	0	AfrAmr	0	0
ARFGEF2	0	AfrAmr	0	0
ARFGEF3	0	AfrAmr	0	0
ARG2	0	AfrAmr	0	0
ARHGAP1	0	AfrAmr	0	0
ARHGAP11A	0	AfrAmr	0	0
ARHGAP11B	0	AfrAmr	0	0
ARHGAP17	0	AfrAmr	0	0
ARHGAP18	0	AfrAmr	0	0
ARHGAP24	0	AfrAmr	0	0
ARHGAP25	0	AfrAmr	0	0
ARHGAP27	0	AfrAmr	0	0
ARHGAP28	0	AfrAmr	0	0
ARHGAP29	0	AfrAmr	0	0
ARHGAP30	0	AfrAmr	0	0
ARHGAP33	0	AfrAmr	0	0
ARHGAP35	0	AfrAmr	0	0
ARHGAP39	0	AfrAmr	0	0
ARHGAP9	0	AfrAmr	0	0
ARHGDIA	0	AfrAmr	0	0
ARHGDIG	0	AfrAmr	0	0
ARHGEF1	0	AfrAmr	0	0
ARHGEF10L	0	AfrAmr	0	0
ARHGEF12	0	AfrAmr	0	0
ARHGEF15	0	AfrAmr	0	0
ARHGEF16	0	AfrAmr	0	0
ARHGEF19	0	AfrAmr	0	0
ARHGEF25	0	AfrAmr	0	0
ARHGEF26	0	AfrAmr	0	0
ARHGEF28	0	AfrAmr	0	0
ARHGEF4	0	AfrAmr	0	0
ARHGEF40	0	AfrAmr	0	0
ARHGEF5	0	AfrAmr	0	0
ARHGEF6	0	AfrAmr	0	0
ARHGEF7	0	AfrAmr	0	0
ARHGEF9	0	AfrAmr	0	0
ARID1B	0	AfrAmr	0	0
ARID3A	0	AfrAmr	0	0
ARID3C	0	AfrAmr	0	0
ARID4A	0	AfrAmr	0	0
ARID4B	0	AfrAmr	0	0
ARID5B	0	AfrAmr	0	0
ARIH1	0	AfrAmr	0	0
ARL4A	0	AfrAmr	0	0
ARL4D	0	AfrAmr	0	0
ARMC1	0	AfrAmr	0	0
ARMC2	0	AfrAmr	0	0
ARMC3	0	AfrAmr	0	0
ARMC5	0	AfrAmr	0	0
ARMC6	0	AfrAmr	0	0
ARMCX2	0	AfrAmr	0	0
ARMCX5	0	AfrAmr	0	0
ARMCX6	0	AfrAmr	0	0
ARPC1A	0	AfrAmr	0	0
ARPC2	0	AfrAmr	0	0
ARPC5	0	AfrAmr	0	0
ARPC5L	0	AfrAmr	0	0
ARR3	0	AfrAmr	0	0
ARRB1	0	AfrAmr	0	0
ARRDC1	0	AfrAmr	0	0
ARRDC2	0	AfrAmr	0	0
ARRDC4	0	AfrAmr	0	0
ARSB	0	AfrAmr	0	0
ARSE	0	AfrAmr	0	0
ARSH	0	AfrAmr	0	0
ARVCF	0	AfrAmr	0	0
AS3MT	0	AfrAmr	0	0
ASAH2	0	AfrAmr	0	0
ASAP1	0	AfrAmr	0	0
ASAP2	0	AfrAmr	0	0
ASAP3	0	AfrAmr	0	0
ASB10	0	AfrAmr	0	0
ASB11	0	AfrAmr	0	0
ASB2	0	AfrAmr	0	0
ASB4	0	AfrAmr	0	0
ASB5	0	AfrAmr	0	0
ASB9	0	AfrAmr	0	0
ASCC1	0	AfrAmr	0	0
ASCC2	0	AfrAmr	0	0
ASCC3	0	AfrAmr	0	0
ASCL4	0	AfrAmr	0	0
ASF1B	0	AfrAmr	0	0
ASIC3	0	AfrAmr	0	0
ASIC5	0	AfrAmr	0	0
ASMT	0	AfrAmr	0	0
ASNS	0	AfrAmr	0	0
ASPH	0	AfrAmr	0	0
ASPHD2	0	AfrAmr	0	0
ASPRV1	0	AfrAmr	0	0
ASXL1	0	AfrAmr	0	0
ASXL2	0	AfrAmr	0	0
ASXL3	0	AfrAmr	0	0
ATAD3A	0	AfrAmr	0	0
ATAD3C	0	AfrAmr	0	0
ATAD5	0	AfrAmr	0	0
ATAT1	0	AfrAmr	0	0
ATCAY	0	AfrAmr	0	0
ATF1	0	AfrAmr	0	0
ATF6	0	AfrAmr	0	0
ATF6B	0	AfrAmr	0	0
ATG14	0	AfrAmr	0	0
ATG2A	0	AfrAmr	0	0
ATG4D	0	AfrAmr	0	0
ATG7	0	AfrAmr	0	0
ATG9A	0	AfrAmr	0	0
ATHL1	0	AfrAmr	0	0
ATL1	0	AfrAmr	0	0
ATMIN	0	AfrAmr	0	0
ATN1	0	AfrAmr	0	0
ATOH1	0	AfrAmr	0	0
ATOH7	0	AfrAmr	0	0
ATP10D	0	AfrAmr	0	0
ATP11A	0	AfrAmr	0	0
ATP11B	0	AfrAmr	0	0
ATP13A1	0	AfrAmr	0	0
ATP13A5	0	AfrAmr	0	0
ATP1A1	0	AfrAmr	0	0
ATP1A2	0	AfrAmr	0	0
ATP1A3	0	AfrAmr	0	0
ATP1A4	0	AfrAmr	0	0
ATP1B3	0	AfrAmr	0	0
ATP2A3	0	AfrAmr	0	0
ATP2B1	0	AfrAmr	0	0
ATP2C1	0	AfrAmr	0	0
ATP5B	0	AfrAmr	0	0
ATP5C1	0	AfrAmr	0	0
ATP5F1	0	AfrAmr	0	0
ATP5G3	0	AfrAmr	0	0
ATP6AP1	0	AfrAmr	0	0
ATP6AP1L	0	AfrAmr	0	0
ATP6V0A1	0	AfrAmr	0	0
ATP6V0D1	0	AfrAmr	0	0
ATP6V1B2	0	AfrAmr	0	0
ATP6V1C2	0	AfrAmr	0	0
ATP6V1F	0	AfrAmr	0	0
ATP7A	0	AfrAmr	0	0
ATP7B	0	AfrAmr	0	0
ATP8B1	0	AfrAmr	0	0
ATP9B	0	AfrAmr	0	0
ATRN	0	AfrAmr	0	0
ATXN1	0	AfrAmr	0	0
ATXN2	0	AfrAmr	0	0
ATXN7	0	AfrAmr	0	0
ATXN7L3	0	AfrAmr	0	0
AUH	0	AfrAmr	0	0
AUNIP	0	AfrAmr	0	0
AURKA	0	AfrAmr	0	0
AURKC	0	AfrAmr	0	0
AUTS2	0	AfrAmr	0	0
AVL9	0	AfrAmr	0	0
AVPR1B	0	AfrAmr	0	0
AVPR2	0	AfrAmr	0	0
AXDND1	0	AfrAmr	0	0
AXIN2	0	AfrAmr	0	0
AZGP1	0	AfrAmr	0	0
AZIN1	0	AfrAmr	0	0
AZU1	0	AfrAmr	0	0
B3GALNT2	0	AfrAmr	0	0
B3GALT4	0	AfrAmr	0	0
B3GNT2	0	AfrAmr	0	0
B3GNT3	0	AfrAmr	0	0
B3GNT4	0	AfrAmr	0	0
B3GNT6	0	AfrAmr	0	0
B3GNT9	0	AfrAmr	0	0
B4GALNT1	0	AfrAmr	0	0
B4GALNT3	0	AfrAmr	0	0
B4GALNT4	0	AfrAmr	0	0
B4GALT5	0	AfrAmr	0	0
B4GALT7	0	AfrAmr	0	0
B9D2	0	AfrAmr	0	0
BAAT	0	AfrAmr	0	0
BABAM1	0	AfrAmr	0	0
BACE1	0	AfrAmr	0	0
BAD	0	AfrAmr	0	0
BAG1	0	AfrAmr	0	0
BAG3	0	AfrAmr	0	0
BAG5	0	AfrAmr	0	0
BAIAP2	0	AfrAmr	0	0
BAIAP2L2	0	AfrAmr	0	0
BAIAP3	0	AfrAmr	0	0
BAK1	0	AfrAmr	0	0
BAMBI	0	AfrAmr	0	0
BANF1	0	AfrAmr	0	0
BASP1	0	AfrAmr	0	0
BATF	0	AfrAmr	0	0
BAZ1A	0	AfrAmr	0	0
BAZ2A	0	AfrAmr	0	0
BAZ2B	0	AfrAmr	0	0
BBS10	0	AfrAmr	0	0
BBS12	0	AfrAmr	0	0
BBS2	0	AfrAmr	0	0
BBS4	0	AfrAmr	0	0
BBS5	0	AfrAmr	0	0
BBS7	0	AfrAmr	0	0
BCAR1	0	AfrAmr	0	0
BCAR3	0	AfrAmr	0	0
BCAS3	0	AfrAmr	0	0
BCCIP	0	AfrAmr	0	0
BCDIN3D	0	AfrAmr	0	0
BCKDHB	0	AfrAmr	0	0
BCL11B	0	AfrAmr	0	0
BCL2L13	0	AfrAmr	0	0
BCL2L15	0	AfrAmr	0	0
BCL3	0	AfrAmr	0	0
BCL6	0	AfrAmr	0	0
BCL6B	0	AfrAmr	0	0
BCL9	0	AfrAmr	0	0
BCL9L	0	AfrAmr	0	0
BCLAF1	0	AfrAmr	0	0
BCO1	0	AfrAmr	0	0
BCO2	0	AfrAmr	0	0
BCS1L	0	AfrAmr	0	0
BDH1	0	AfrAmr	0	0
BDH2	0	AfrAmr	0	0
BDNF	0	AfrAmr	0	0
BEND3	0	AfrAmr	0	0
BEND6	0	AfrAmr	0	0
BEND7	0	AfrAmr	0	0
BEST2	0	AfrAmr	0	0
BEST4	0	AfrAmr	0	0
BFAR	0	AfrAmr	0	0
BHLHA15	0	AfrAmr	0	0
BHLHE22	0	AfrAmr	0	0
BHLHE23	0	AfrAmr	0	0
BHLHE40	0	AfrAmr	0	0
BHMT2	0	AfrAmr	0	0
BICC1	0	AfrAmr	0	0
BICD1	0	AfrAmr	0	0
BICD2	0	AfrAmr	0	0
BIRC2	0	AfrAmr	0	0
BLM	0	AfrAmr	0	0
BLOC1S1	0	AfrAmr	0	0
BMP1	0	AfrAmr	0	0
BMP15	0	AfrAmr	0	0
BMP2	0	AfrAmr	0	0
BMP2K	0	AfrAmr	0	0
BMP4	0	AfrAmr	0	0
BMP8A	0	AfrAmr	0	0
BMP8B	0	AfrAmr	0	0
BMPER	0	AfrAmr	0	0
BMPR2	0	AfrAmr	0	0
BMS1	0	AfrAmr	0	0
BMX	0	AfrAmr	0	0
BNC2	0	AfrAmr	0	0
BNIP2	0	AfrAmr	0	0
BNIP3	0	AfrAmr	0	0
BOC	0	AfrAmr	0	0
BOD1L1	0	AfrAmr	0	0
BOLA1	0	AfrAmr	0	0
BOP1	0	AfrAmr	0	0
BPGM	0	AfrAmr	0	0
BPHL	0	AfrAmr	0	0
BPIFA1	0	AfrAmr	0	0
BPIFB6	0	AfrAmr	0	0
BPIFC	0	AfrAmr	0	0
BPNT1	0	AfrAmr	0	0
BRCA1	0	AfrAmr	0	0
BRCA2	0	AfrAmr	0	0
BRD1	0	AfrAmr	0	0
BRD2	0	AfrAmr	0	0
BRD3	0	AfrAmr	0	0
BRD4	0	AfrAmr	0	0
BRD7	0	AfrAmr	0	0
BRDT	0	AfrAmr	0	0
BRINP1	0	AfrAmr	0	0
BRIP1	0	AfrAmr	0	0
BRMS1	0	AfrAmr	0	0
BRMS1L	0	AfrAmr	0	0
BROX	0	AfrAmr	0	0
BRPF1	0	AfrAmr	0	0
BRPF3	0	AfrAmr	0	0
BRSK1	0	AfrAmr	0	0
BSCL2	0	AfrAmr	0	0
BSDC1	0	AfrAmr	0	0
BSG	0	AfrAmr	0	0
BTAF1	0	AfrAmr	0	0
BTBD16	0	AfrAmr	0	0
BTBD2	0	AfrAmr	0	0
BTBD7	0	AfrAmr	0	0
BTBD8	0	AfrAmr	0	0
BTBD9	0	AfrAmr	0	0
BTD	0	AfrAmr	0	0
BTG3	0	AfrAmr	0	0
BTK	0	AfrAmr	0	0
BTN3A2	0	AfrAmr	0	0
BTNL2	0	AfrAmr	0	0
BTNL3	0	AfrAmr	0	0
BTNL8	0	AfrAmr	0	0
BTNL9	0	AfrAmr	0	0
BUB1B	0	AfrAmr	0	0
BUB3	0	AfrAmr	0	0
BUD13	0	AfrAmr	0	0
BYSL	0	AfrAmr	0	0
C10orf107	0	AfrAmr	0	0
C10orf12	0	AfrAmr	0	0
C10orf32	0	AfrAmr	0	0
C10orf54	0	AfrAmr	0	0
C10orf88	0	AfrAmr	0	0
C11orf1	0	AfrAmr	0	0
C11orf16	0	AfrAmr	0	0
C11orf30	0	AfrAmr	0	0
C11orf54	0	AfrAmr	0	0
C11orf58	0	AfrAmr	0	0
C11orf70	0	AfrAmr	0	0
C11orf84	0	AfrAmr	0	0
C11orf88	0	AfrAmr	0	0
C11orf94	0	AfrAmr	0	0
C12orf29	0	AfrAmr	0	0
C12orf4	0	AfrAmr	0	0
C12orf40	0	AfrAmr	0	0
C12orf43	0	AfrAmr	0	0
C12orf49	0	AfrAmr	0	0
C12orf5	0	AfrAmr	0	0
C12orf50	0	AfrAmr	0	0
C12orf56	0	AfrAmr	0	0
C12orf71	0	AfrAmr	0	0
C14orf37	0	AfrAmr	0	0
C15orf26	0	AfrAmr	0	0
C15orf27	0	AfrAmr	0	0
C15orf39	0	AfrAmr	0	0
C16orf46	0	AfrAmr	0	0
C16orf54	0	AfrAmr	0	0
C16orf62	0	AfrAmr	0	0
C16orf71	0	AfrAmr	0	0
C16orf78	0	AfrAmr	0	0
C16orf86	0	AfrAmr	0	0
C16orf87	0	AfrAmr	0	0
C16orf90	0	AfrAmr	0	0
C17orf62	0	AfrAmr	0	0
C17orf64	0	AfrAmr	0	0
C17orf70	0	AfrAmr	0	0
C17orf74	0	AfrAmr	0	0
C17orf75	0	AfrAmr	0	0
C17orf80	0	AfrAmr	0	0
C17orf85	0	AfrAmr	0	0
C17orf97	0	AfrAmr	0	0
C18orf21	0	AfrAmr	0	0
C18orf25	0	AfrAmr	0	0
C18orf54	0	AfrAmr	0	0
C19orf12	0	AfrAmr	0	0
C19orf35	0	AfrAmr	0	0
C19orf43	0	AfrAmr	0	0
C19orf44	0	AfrAmr	0	0
C19orf45	0	AfrAmr	0	0
C19orf66	0	AfrAmr	0	0
C1D	0	AfrAmr	0	0
C1orf101	0	AfrAmr	0	0
C1orf110	0	AfrAmr	0	0
C1orf111	0	AfrAmr	0	0
C1orf112	0	AfrAmr	0	0
C1orf116	0	AfrAmr	0	0
C1orf141	0	AfrAmr	0	0
C1orf158	0	AfrAmr	0	0
C1orf159	0	AfrAmr	0	0
C1orf174	0	AfrAmr	0	0
C1orf210	0	AfrAmr	0	0
C1orf53	0	AfrAmr	0	0
C1orf56	0	AfrAmr	0	0
C1orf74	0	AfrAmr	0	0
C1QBP	0	AfrAmr	0	0
C1QL2	0	AfrAmr	0	0
C1QL3	0	AfrAmr	0	0
C1QTNF4	0	AfrAmr	0	0
C1QTNF9	0	AfrAmr	0	0
C20orf194	0	AfrAmr	0	0
C20orf195	0	AfrAmr	0	0
C20orf196	0	AfrAmr	0	0
C20orf27	0	AfrAmr	0	0
C20orf96	0	AfrAmr	0	0
C21orf59	0	AfrAmr	0	0
C21orf62	0	AfrAmr	0	0
C21orf91	0	AfrAmr	0	0
C22orf29	0	AfrAmr	0	0
C22orf31	0	AfrAmr	0	0
C2CD2	0	AfrAmr	0	0
C2CD2L	0	AfrAmr	0	0
C2CD3	0	AfrAmr	0	0
C2CD5	0	AfrAmr	0	0
C2orf16	0	AfrAmr	0	0
C2orf40	0	AfrAmr	0	0
C2orf43	0	AfrAmr	0	0
C2orf47	0	AfrAmr	0	0
C2orf54	0	AfrAmr	0	0
C2orf57	0	AfrAmr	0	0
C2orf69	0	AfrAmr	0	0
C3AR1	0	AfrAmr	0	0
C3orf17	0	AfrAmr	0	0
C3orf20	0	AfrAmr	0	0
C3orf33	0	AfrAmr	0	0
C3orf38	0	AfrAmr	0	0
C3orf58	0	AfrAmr	0	0
C3orf67	0	AfrAmr	0	0
C4orf19	0	AfrAmr	0	0
C4orf22	0	AfrAmr	0	0
C4orf27	0	AfrAmr	0	0
C4orf33	0	AfrAmr	0	0
C4orf46	0	AfrAmr	0	0
C4orf50	0	AfrAmr	0	0
C4orf51	0	AfrAmr	0	0
C5AR2	0	AfrAmr	0	0
C5orf28	0	AfrAmr	0	0
C5orf38	0	AfrAmr	0	0
C5orf45	0	AfrAmr	0	0
C5orf51	0	AfrAmr	0	0
C6	0	AfrAmr	0	0
C6orf106	0	AfrAmr	0	0
C6orf120	0	AfrAmr	0	0
C6orf15	0	AfrAmr	0	0
C6orf165	0	AfrAmr	0	0
C6orf222	0	AfrAmr	0	0
C6orf47	0	AfrAmr	0	0
C6orf58	0	AfrAmr	0	0
C6orf62	0	AfrAmr	0	0
C7	0	AfrAmr	0	0
C7orf25	0	AfrAmr	0	0
C7orf31	0	AfrAmr	0	0
C7orf55-LUC7L2	0	AfrAmr	0	0
C8A	0	AfrAmr	0	0
C8orf34	0	AfrAmr	0	0
C8orf46	0	AfrAmr	0	0
C8orf58	0	AfrAmr	0	0
C8orf59	0	AfrAmr	0	0
C8orf74	0	AfrAmr	0	0
C8orf86	0	AfrAmr	0	0
C9orf114	0	AfrAmr	0	0
C9orf131	0	AfrAmr	0	0
C9orf152	0	AfrAmr	0	0
C9orf171	0	AfrAmr	0	0
C9orf41	0	AfrAmr	0	0
C9orf43	0	AfrAmr	0	0
C9orf64	0	AfrAmr	0	0
C9orf69	0	AfrAmr	0	0
C9orf78	0	AfrAmr	0	0
C9orf84	0	AfrAmr	0	0
CA3	0	AfrAmr	0	0
CA6	0	AfrAmr	0	0
CAB39	0	AfrAmr	0	0
CABLES1	0	AfrAmr	0	0
CABS1	0	AfrAmr	0	0
CABYR	0	AfrAmr	0	0
CACHD1	0	AfrAmr	0	0
CACNA1E	0	AfrAmr	0	0
CACNA1G	0	AfrAmr	0	0
CACNA2D1	0	AfrAmr	0	0
CACNA2D4	0	AfrAmr	0	0
CACNB2	0	AfrAmr	0	0
CACNG1	0	AfrAmr	0	0
CACNG4	0	AfrAmr	0	0
CACNG5	0	AfrAmr	0	0
CACTIN	0	AfrAmr	0	0
CACYBP	0	AfrAmr	0	0
CAD	0	AfrAmr	0	0
CADM1	0	AfrAmr	0	0
CADPS	0	AfrAmr	0	0
CALCB	0	AfrAmr	0	0
CALCR	0	AfrAmr	0	0
CALHM1	0	AfrAmr	0	0
CALHM2	0	AfrAmr	0	0
CALR	0	AfrAmr	0	0
CALU	0	AfrAmr	0	0
CAMK1G	0	AfrAmr	0	0
CAMP	0	AfrAmr	0	0
CAMSAP1	0	AfrAmr	0	0
CAMSAP2	0	AfrAmr	0	0
CAMTA1	0	AfrAmr	0	0
CAMTA2	0	AfrAmr	0	0
CAP2	0	AfrAmr	0	0
CAPN1	0	AfrAmr	0	0
CAPN11	0	AfrAmr	0	0
CAPN12	0	AfrAmr	0	0
CAPN13	0	AfrAmr	0	0
CAPN15	0	AfrAmr	0	0
CAPN3	0	AfrAmr	0	0
CAPN7	0	AfrAmr	0	0
CAPNS1	0	AfrAmr	0	0
CAPNS2	0	AfrAmr	0	0
CAPRIN2	0	AfrAmr	0	0
CAPS2	0	AfrAmr	0	0
CARD10	0	AfrAmr	0	0
CARD14	0	AfrAmr	0	0
CARD17	0	AfrAmr	0	0
CARD8	0	AfrAmr	0	0
CARHSP1	0	AfrAmr	0	0
CARM1	0	AfrAmr	0	0
CARS2	0	AfrAmr	0	0
CARTPT	0	AfrAmr	0	0
CASC1	0	AfrAmr	0	0
CASC4	0	AfrAmr	0	0
CASD1	0	AfrAmr	0	0
CASK	0	AfrAmr	0	0
CASKIN2	0	AfrAmr	0	0
CASP1	0	AfrAmr	0	0
CASP10	0	AfrAmr	0	0
CASP4	0	AfrAmr	0	0
CASP5	0	AfrAmr	0	0
CASP7	0	AfrAmr	0	0
CASP8	0	AfrAmr	0	0
CASP8AP2	0	AfrAmr	0	0
CASQ1	0	AfrAmr	0	0
CAST	0	AfrAmr	0	0
CASZ1	0	AfrAmr	0	0
CAT	0	AfrAmr	0	0
CATSPER1	0	AfrAmr	0	0
CATSPER3	0	AfrAmr	0	0
CATSPER4	0	AfrAmr	0	0
CATSPERB	0	AfrAmr	0	0
CBFA2T2	0	AfrAmr	0	0
CBFA2T3	0	AfrAmr	0	0
CBLC	0	AfrAmr	0	0
CBLN4	0	AfrAmr	0	0
CBWD1	0	AfrAmr	0	0
CBX1	0	AfrAmr	0	0
CBX2	0	AfrAmr	0	0
CBX3	0	AfrAmr	0	0
CBY1	0	AfrAmr	0	0
CC2D1B	0	AfrAmr	0	0
CC2D2B	0	AfrAmr	0	0
CCDC101	0	AfrAmr	0	0
CCDC106	0	AfrAmr	0	0
CCDC108	0	AfrAmr	0	0
CCDC110	0	AfrAmr	0	0
CCDC112	0	AfrAmr	0	0
CCDC113	0	AfrAmr	0	0
CCDC12	0	AfrAmr	0	0
CCDC124	0	AfrAmr	0	0
CCDC126	0	AfrAmr	0	0
CCDC129	0	AfrAmr	0	0
CCDC13	0	AfrAmr	0	0
CCDC132	0	AfrAmr	0	0
CCDC136	0	AfrAmr	0	0
CCDC137	0	AfrAmr	0	0
CCDC14	0	AfrAmr	0	0
CCDC141	0	AfrAmr	0	0
CCDC142	0	AfrAmr	0	0
CCDC144A	0	AfrAmr	0	0
CCDC15	0	AfrAmr	0	0
CCDC150	0	AfrAmr	0	0
CCDC158	0	AfrAmr	0	0
CCDC159	0	AfrAmr	0	0
CCDC163P	0	AfrAmr	0	0
CCDC167	0	AfrAmr	0	0
CCDC173	0	AfrAmr	0	0
CCDC174	0	AfrAmr	0	0
CCDC18	0	AfrAmr	0	0
CCDC180	0	AfrAmr	0	0
CCDC185	0	AfrAmr	0	0
CCDC186	0	AfrAmr	0	0
CCDC25	0	AfrAmr	0	0
CCDC27	0	AfrAmr	0	0
CCDC36	0	AfrAmr	0	0
CCDC42	0	AfrAmr	0	0
CCDC47	0	AfrAmr	0	0
CCDC57	0	AfrAmr	0	0
CCDC60	0	AfrAmr	0	0
CCDC62	0	AfrAmr	0	0
CCDC63	0	AfrAmr	0	0
CCDC64	0	AfrAmr	0	0
CCDC64B	0	AfrAmr	0	0
CCDC65	0	AfrAmr	0	0
CCDC66	0	AfrAmr	0	0
CCDC73	0	AfrAmr	0	0
CCDC74A	0	AfrAmr	0	0
CCDC78	0	AfrAmr	0	0
CCDC80	0	AfrAmr	0	0
CCDC82	0	AfrAmr	0	0
CCDC84	0	AfrAmr	0	0
CCDC85A	0	AfrAmr	0	0
CCDC88A	0	AfrAmr	0	0
CCDC88B	0	AfrAmr	0	0
CCDC88C	0	AfrAmr	0	0
CCDC9	0	AfrAmr	0	0
CCDC90B	0	AfrAmr	0	0
CCDC91	0	AfrAmr	0	0
CCDC92	0	AfrAmr	0	0
CCDC96	0	AfrAmr	0	0
CCER1	0	AfrAmr	0	0
CCHCR1	0	AfrAmr	0	0
CCKBR	0	AfrAmr	0	0
CCL1	0	AfrAmr	0	0
CCL21	0	AfrAmr	0	0
CCL24	0	AfrAmr	0	0
CCL27	0	AfrAmr	0	0
CCL3	0	AfrAmr	0	0
CCM2	0	AfrAmr	0	0
CCNA1	0	AfrAmr	0	0
CCNA2	0	AfrAmr	0	0
CCNB1IP1	0	AfrAmr	0	0
CCNB2	0	AfrAmr	0	0
CCND2	0	AfrAmr	0	0
CCND3	0	AfrAmr	0	0
CCNE1	0	AfrAmr	0	0
CCNE2	0	AfrAmr	0	0
CCNG2	0	AfrAmr	0	0
CCNJ	0	AfrAmr	0	0
CCNJL	0	AfrAmr	0	0
CCNK	0	AfrAmr	0	0
CCNL1	0	AfrAmr	0	0
CCNY	0	AfrAmr	0	0
CCNYL1	0	AfrAmr	0	0
CCP110	0	AfrAmr	0	0
CCR1	0	AfrAmr	0	0
CCR2	0	AfrAmr	0	0
CCR4	0	AfrAmr	0	0
CCR6	0	AfrAmr	0	0
CCR7	0	AfrAmr	0	0
CCR9	0	AfrAmr	0	0
CCRL2	0	AfrAmr	0	0
CCS	0	AfrAmr	0	0
CCSER1	0	AfrAmr	0	0
CCT2	0	AfrAmr	0	0
CCT5	0	AfrAmr	0	0
CCT6A	0	AfrAmr	0	0
CCT7	0	AfrAmr	0	0
CD101	0	AfrAmr	0	0
CD109	0	AfrAmr	0	0
CD14	0	AfrAmr	0	0
CD151	0	AfrAmr	0	0
CD160	0	AfrAmr	0	0
CD163	0	AfrAmr	0	0
CD19	0	AfrAmr	0	0
CD1A	0	AfrAmr	0	0
CD1B	0	AfrAmr	0	0
CD1C	0	AfrAmr	0	0
CD1E	0	AfrAmr	0	0
CD2	0	AfrAmr	0	0
CD22	0	AfrAmr	0	0
CD248	0	AfrAmr	0	0
CD274	0	AfrAmr	0	0
CD276	0	AfrAmr	0	0
CD300LF	0	AfrAmr	0	0
CD320	0	AfrAmr	0	0
CD38	0	AfrAmr	0	0
CD4	0	AfrAmr	0	0
CD40	0	AfrAmr	0	0
CD46	0	AfrAmr	0	0
CD48	0	AfrAmr	0	0
CD5	0	AfrAmr	0	0
CD52	0	AfrAmr	0	0
CD55	0	AfrAmr	0	0
CD59	0	AfrAmr	0	0
CD63	0	AfrAmr	0	0
CD7	0	AfrAmr	0	0
CD74	0	AfrAmr	0	0
CD79B	0	AfrAmr	0	0
CD80	0	AfrAmr	0	0
CD84	0	AfrAmr	0	0
CD9	0	AfrAmr	0	0
CD93	0	AfrAmr	0	0
CDADC1	0	AfrAmr	0	0
CDAN1	0	AfrAmr	0	0
CDC16	0	AfrAmr	0	0
CDC20B	0	AfrAmr	0	0
CDC23	0	AfrAmr	0	0
CDC34	0	AfrAmr	0	0
CDC37	0	AfrAmr	0	0
CDC37L1	0	AfrAmr	0	0
CDC42	0	AfrAmr	0	0
CDC42BPB	0	AfrAmr	0	0
CDC42EP1	0	AfrAmr	0	0
CDC42EP2	0	AfrAmr	0	0
CDC42EP4	0	AfrAmr	0	0
CDC42SE2	0	AfrAmr	0	0
CDC5L	0	AfrAmr	0	0
CDC6	0	AfrAmr	0	0
CDC7	0	AfrAmr	0	0
CDCA2	0	AfrAmr	0	0
CDCA3	0	AfrAmr	0	0
CDCA4	0	AfrAmr	0	0
CDCA5	0	AfrAmr	0	0
CDCA8	0	AfrAmr	0	0
CDCP1	0	AfrAmr	0	0
CDCP2	0	AfrAmr	0	0
CDH1	0	AfrAmr	0	0
CDH12	0	AfrAmr	0	0
CDH13	0	AfrAmr	0	0
CDH17	0	AfrAmr	0	0
CDH18	0	AfrAmr	0	0
CDH19	0	AfrAmr	0	0
CDH20	0	AfrAmr	0	0
CDH26	0	AfrAmr	0	0
CDH5	0	AfrAmr	0	0
CDH6	0	AfrAmr	0	0
CDH7	0	AfrAmr	0	0
CDHR3	0	AfrAmr	0	0
CDK10	0	AfrAmr	0	0
CDK11A	0	AfrAmr	0	0
CDK12	0	AfrAmr	0	0
CDK13	0	AfrAmr	0	0
CDK14	0	AfrAmr	0	0
CDK18	0	AfrAmr	0	0
CDK4	0	AfrAmr	0	0
CDK5R1	0	AfrAmr	0	0
CDK5RAP3	0	AfrAmr	0	0
CDK8	0	AfrAmr	0	0
CDK9	0	AfrAmr	0	0
CDKAL1	0	AfrAmr	0	0
CDKL1	0	AfrAmr	0	0
CDKL2	0	AfrAmr	0	0
CDKL3	0	AfrAmr	0	0
CDKL4	0	AfrAmr	0	0
CDKL5	0	AfrAmr	0	0
CDKN2AIP	0	AfrAmr	0	0
CDON	0	AfrAmr	0	0
CDRT1	0	AfrAmr	0	0
CDRT4	0	AfrAmr	0	0
CDSN	0	AfrAmr	0	0
CDX4	0	AfrAmr	0	0
CDYL	0	AfrAmr	0	0
CEACAM16	0	AfrAmr	0	0
CEACAM18	0	AfrAmr	0	0
CEACAM20	0	AfrAmr	0	0
CEACAM21	0	AfrAmr	0	0
CEACAM3	0	AfrAmr	0	0
CEACAM4	0	AfrAmr	0	0
CEACAM5	0	AfrAmr	0	0
CEACAM6	0	AfrAmr	0	0
CEACAM7	0	AfrAmr	0	0
CEBPE	0	AfrAmr	0	0
CECR1	0	AfrAmr	0	0
CECR5	0	AfrAmr	0	0
CECR6	0	AfrAmr	0	0
CEL	0	AfrAmr	0	0
CELF2	0	AfrAmr	0	0
CELF4	0	AfrAmr	0	0
CELF5	0	AfrAmr	0	0
CELF6	0	AfrAmr	0	0
CELSR2	0	AfrAmr	0	0
CEMP1	0	AfrAmr	0	0
CENPB	0	AfrAmr	0	0
CENPC	0	AfrAmr	0	0
CENPE	0	AfrAmr	0	0
CENPL	0	AfrAmr	0	0
CENPW	0	AfrAmr	0	0
CEP112	0	AfrAmr	0	0
CEP120	0	AfrAmr	0	0
CEP128	0	AfrAmr	0	0
CEP131	0	AfrAmr	0	0
CEP135	0	AfrAmr	0	0
CEP152	0	AfrAmr	0	0
CEP162	0	AfrAmr	0	0
CEP164	0	AfrAmr	0	0
CEP170	0	AfrAmr	0	0
CEP192	0	AfrAmr	0	0
CEP250	0	AfrAmr	0	0
CEP63	0	AfrAmr	0	0
CEP68	0	AfrAmr	0	0
CEP72	0	AfrAmr	0	0
CEP76	0	AfrAmr	0	0
CEP78	0	AfrAmr	0	0
CEP83	0	AfrAmr	0	0
CEP85L	0	AfrAmr	0	0
CEP89	0	AfrAmr	0	0
CEP97	0	AfrAmr	0	0
CEPT1	0	AfrAmr	0	0
CER1	0	AfrAmr	0	0
CERKL	0	AfrAmr	0	0
CERS1	0	AfrAmr	0	0
CERS2	0	AfrAmr	0	0
CERS5	0	AfrAmr	0	0
CES5A	0	AfrAmr	0	0
CETN1	0	AfrAmr	0	0
CETN2	0	AfrAmr	0	0
CFAP221	0	AfrAmr	0	0
CFAP43	0	AfrAmr	0	0
CFAP44	0	AfrAmr	0	0
CFAP46	0	AfrAmr	0	0
CFAP52	0	AfrAmr	0	0
CFAP53	0	AfrAmr	0	0
CFAP69	0	AfrAmr	0	0
CFAP70	0	AfrAmr	0	0
CFAP74	0	AfrAmr	0	0
CFAP97	0	AfrAmr	0	0
CFHR1	0	AfrAmr	0	0
CFI	0	AfrAmr	0	0
CFLAR	0	AfrAmr	0	0
CFP	0	AfrAmr	0	0
CFTR	0	AfrAmr	0	0
CGA	0	AfrAmr	0	0
CGN	0	AfrAmr	0	0
CHAD	0	AfrAmr	0	0
CHAF1A	0	AfrAmr	0	0
CHAF1B	0	AfrAmr	0	0
CHCHD3	0	AfrAmr	0	0
CHCHD4	0	AfrAmr	0	0
CHCHD7	0	AfrAmr	0	0
CHD1	0	AfrAmr	0	0
CHD1L	0	AfrAmr	0	0
CHD2	0	AfrAmr	0	0
CHD3	0	AfrAmr	0	0
CHD4	0	AfrAmr	0	0
CHD5	0	AfrAmr	0	0
CHD7	0	AfrAmr	0	0
CHD9	0	AfrAmr	0	0
CHDH	0	AfrAmr	0	0
CHFR	0	AfrAmr	0	0
CHGA	0	AfrAmr	0	0
CHIT1	0	AfrAmr	0	0
CHMP2A	0	AfrAmr	0	0
CHMP2B	0	AfrAmr	0	0
CHMP7	0	AfrAmr	0	0
CHN2	0	AfrAmr	0	0
CHP2	0	AfrAmr	0	0
CHPF	0	AfrAmr	0	0
CHPT1	0	AfrAmr	0	0
CHRAC1	0	AfrAmr	0	0
CHRD	0	AfrAmr	0	0
CHRDL2	0	AfrAmr	0	0
CHRFAM7A	0	AfrAmr	0	0
CHRM2	0	AfrAmr	0	0
CHRM3	0	AfrAmr	0	0
CHRM4	0	AfrAmr	0	0
CHRM5	0	AfrAmr	0	0
CHRNA4	0	AfrAmr	0	0
CHRNA9	0	AfrAmr	0	0
CHRND	0	AfrAmr	0	0
CHRNE	0	AfrAmr	0	0
CHST10	0	AfrAmr	0	0
CHST14	0	AfrAmr	0	0
CHST15	0	AfrAmr	0	0
CHST2	0	AfrAmr	0	0
CHST3	0	AfrAmr	0	0
CHST5	0	AfrAmr	0	0
CHST9	0	AfrAmr	0	0
CHSY3	0	AfrAmr	0	0
CIAPIN1	0	AfrAmr	0	0
CIART	0	AfrAmr	0	0
CIB2	0	AfrAmr	0	0
CIDEA	0	AfrAmr	0	0
CIITA	0	AfrAmr	0	0
CINP	0	AfrAmr	0	0
CIPC	0	AfrAmr	0	0
CIRH1A	0	AfrAmr	0	0
CIT	0	AfrAmr	0	0
CITED2	0	AfrAmr	0	0
CIZ1	0	AfrAmr	0	0
CKAP4	0	AfrAmr	0	0
CKB	0	AfrAmr	0	0
CKMT1A	0	AfrAmr	0	0
CLASP1	0	AfrAmr	0	0
CLASP2	0	AfrAmr	0	0
CLASRP	0	AfrAmr	0	0
CLCA2	0	AfrAmr	0	0
CLCA4	0	AfrAmr	0	0
CLCN7	0	AfrAmr	0	0
CLDN3	0	AfrAmr	0	0
CLDN9	0	AfrAmr	0	0
CLDND1	0	AfrAmr	0	0
CLEC11A	0	AfrAmr	0	0
CLEC16A	0	AfrAmr	0	0
CLEC18C	0	AfrAmr	0	0
CLEC2B	0	AfrAmr	0	0
CLEC2L	0	AfrAmr	0	0
CLEC4A	0	AfrAmr	0	0
CLEC4E	0	AfrAmr	0	0
CLEC4F	0	AfrAmr	0	0
CLEC9A	0	AfrAmr	0	0
CLGN	0	AfrAmr	0	0
CLHC1	0	AfrAmr	0	0
CLIC2	0	AfrAmr	0	0
CLIC6	0	AfrAmr	0	0
CLIP2	0	AfrAmr	0	0
CLIP3	0	AfrAmr	0	0
CLIP4	0	AfrAmr	0	0
CLK1	0	AfrAmr	0	0
CLK4	0	AfrAmr	0	0
CLMP	0	AfrAmr	0	0
CLN3	0	AfrAmr	0	0
CLN6	0	AfrAmr	0	0
CLN8	0	AfrAmr	0	0
CLOCK	0	AfrAmr	0	0
CLPTM1	0	AfrAmr	0	0
CLPX	0	AfrAmr	0	0
CLRN1	0	AfrAmr	0	0
CLRN3	0	AfrAmr	0	0
CLSPN	0	AfrAmr	0	0
CLSTN3	0	AfrAmr	0	0
CLTB	0	AfrAmr	0	0
CLTC	0	AfrAmr	0	0
CLUAP1	0	AfrAmr	0	0
CLUH	0	AfrAmr	0	0
CLVS1	0	AfrAmr	0	0
CMA1	0	AfrAmr	0	0
CMKLR1	0	AfrAmr	0	0
CMTM7	0	AfrAmr	0	0
CMTR1	0	AfrAmr	0	0
CMTR2	0	AfrAmr	0	0
CNBD2	0	AfrAmr	0	0
CNBP	0	AfrAmr	0	0
CNDP2	0	AfrAmr	0	0
CNKSR2	0	AfrAmr	0	0
CNKSR3	0	AfrAmr	0	0
CNN2	0	AfrAmr	0	0
CNN3	0	AfrAmr	0	0
CNNM1	0	AfrAmr	0	0
CNNM2	0	AfrAmr	0	0
CNNM3	0	AfrAmr	0	0
CNNM4	0	AfrAmr	0	0
CNOT1	0	AfrAmr	0	0
CNOT10	0	AfrAmr	0	0
CNOT2	0	AfrAmr	0	0
CNOT4	0	AfrAmr	0	0
CNOT6L	0	AfrAmr	0	0
CNP	0	AfrAmr	0	0
CNPPD1	0	AfrAmr	0	0
CNPY1	0	AfrAmr	0	0
CNTD1	0	AfrAmr	0	0
CNTN2	0	AfrAmr	0	0
CNTN3	0	AfrAmr	0	0
CNTN4	0	AfrAmr	0	0
CNTN5	0	AfrAmr	0	0
CNTNAP1	0	AfrAmr	0	0
CNTNAP2	0	AfrAmr	0	0
CNTNAP3	0	AfrAmr	0	0
CNTNAP5	0	AfrAmr	0	0
CNTRL	0	AfrAmr	0	0
CNTROB	0	AfrAmr	0	0
COBL	0	AfrAmr	0	0
COBLL1	0	AfrAmr	0	0
COG1	0	AfrAmr	0	0
COG2	0	AfrAmr	0	0
COG4	0	AfrAmr	0	0
COG7	0	AfrAmr	0	0
COL10A1	0	AfrAmr	0	0
COL11A2	0	AfrAmr	0	0
COL12A1	0	AfrAmr	0	0
COL17A1	0	AfrAmr	0	0
COL19A1	0	AfrAmr	0	0
COL21A1	0	AfrAmr	0	0
COL27A1	0	AfrAmr	0	0
COL4A1	0	AfrAmr	0	0
COL4A3	0	AfrAmr	0	0
COL4A3BP	0	AfrAmr	0	0
COL4A6	0	AfrAmr	0	0
COL6A3	0	AfrAmr	0	0
COL7A1	0	AfrAmr	0	0
COL8A1	0	AfrAmr	0	0
COL8A2	0	AfrAmr	0	0
COLEC11	0	AfrAmr	0	0
COLEC12	0	AfrAmr	0	0
COLGALT1	0	AfrAmr	0	0
COMMD1	0	AfrAmr	0	0
COMMD6	0	AfrAmr	0	0
COMP	0	AfrAmr	0	0
COPA	0	AfrAmr	0	0
COPB1	0	AfrAmr	0	0
COPB2	0	AfrAmr	0	0
COPG1	0	AfrAmr	0	0
COPRS	0	AfrAmr	0	0
COPS2	0	AfrAmr	0	0
COPS6	0	AfrAmr	0	0
COPS8	0	AfrAmr	0	0
COPZ2	0	AfrAmr	0	0
COQ9	0	AfrAmr	0	0
CORO2B	0	AfrAmr	0	0
CORO7	0	AfrAmr	0	0
COX15	0	AfrAmr	0	0
COX17	0	AfrAmr	0	0
COX4I2	0	AfrAmr	0	0
COX7C	0	AfrAmr	0	0
COX8C	0	AfrAmr	0	0
CP	0	AfrAmr	0	0
CPA1	0	AfrAmr	0	0
CPA5	0	AfrAmr	0	0
CPB2	0	AfrAmr	0	0
CPEB3	0	AfrAmr	0	0
CPLX4	0	AfrAmr	0	0
CPN1	0	AfrAmr	0	0
CPNE2	0	AfrAmr	0	0
CPNE4	0	AfrAmr	0	0
CPNE5	0	AfrAmr	0	0
CPNE7	0	AfrAmr	0	0
CPO	0	AfrAmr	0	0
CPOX	0	AfrAmr	0	0
CPS1	0	AfrAmr	0	0
CPSF2	0	AfrAmr	0	0
CPSF4	0	AfrAmr	0	0
CPSF6	0	AfrAmr	0	0
CPSF7	0	AfrAmr	0	0
CPT1A	0	AfrAmr	0	0
CPT1B	0	AfrAmr	0	0
CPT2	0	AfrAmr	0	0
CPXCR1	0	AfrAmr	0	0
CPXM1	0	AfrAmr	0	0
CPZ	0	AfrAmr	0	0
CRABP1	0	AfrAmr	0	0
CRACR2A	0	AfrAmr	0	0
CRADD	0	AfrAmr	0	0
CREB3L1	0	AfrAmr	0	0
CREB3L2	0	AfrAmr	0	0
CREB3L4	0	AfrAmr	0	0
CREBBP	0	AfrAmr	0	0
CREBZF	0	AfrAmr	0	0
CRELD1	0	AfrAmr	0	0
CRHBP	0	AfrAmr	0	0
CRHR2	0	AfrAmr	0	0
CRIP2	0	AfrAmr	0	0
CRISP1	0	AfrAmr	0	0
CRK	0	AfrAmr	0	0
CROCC	0	AfrAmr	0	0
CROT	0	AfrAmr	0	0
CRTC1	0	AfrAmr	0	0
CRTC3	0	AfrAmr	0	0
CRX	0	AfrAmr	0	0
CRYBA4	0	AfrAmr	0	0
CRYBB2	0	AfrAmr	0	0
CRYBB3	0	AfrAmr	0	0
CRYBG3	0	AfrAmr	0	0
CRYGB	0	AfrAmr	0	0
CRYGD	0	AfrAmr	0	0
CRYZL1	0	AfrAmr	0	0
CSDE1	0	AfrAmr	0	0
CSF1	0	AfrAmr	0	0
CSF1R	0	AfrAmr	0	0
CSF2RB	0	AfrAmr	0	0
CSF3R	0	AfrAmr	0	0
CSGALNACT1	0	AfrAmr	0	0
CSGALNACT2	0	AfrAmr	0	0
CSHL1	0	AfrAmr	0	0
CSNK1A1L	0	AfrAmr	0	0
CSNK1D	0	AfrAmr	0	0
CSNK2A3	0	AfrAmr	0	0
CSPG4	0	AfrAmr	0	0
CSRP2BP	0	AfrAmr	0	0
CST11	0	AfrAmr	0	0
CST2	0	AfrAmr	0	0
CST7	0	AfrAmr	0	0
CST9L	0	AfrAmr	0	0
CSTF1	0	AfrAmr	0	0
CT47B1	0	AfrAmr	0	0
CT55	0	AfrAmr	0	0
CTAGE9	0	AfrAmr	0	0
CTBP2	0	AfrAmr	0	0
CTC-432M15.3	0	AfrAmr	0	0
CTC1	0	AfrAmr	0	0
CTCF	0	AfrAmr	0	0
CTD-3074O7.11	0	AfrAmr	0	0
CTDP1	0	AfrAmr	0	0
CTDSP2	0	AfrAmr	0	0
CTLA4	0	AfrAmr	0	0
CTNNA1	0	AfrAmr	0	0
CTNNA3	0	AfrAmr	0	0
CTNNAL1	0	AfrAmr	0	0
CTNS	0	AfrAmr	0	0
CTPS1	0	AfrAmr	0	0
CTPS2	0	AfrAmr	0	0
CTSA	0	AfrAmr	0	0
CTSB	0	AfrAmr	0	0
CTSD	0	AfrAmr	0	0
CTSE	0	AfrAmr	0	0
CTSH	0	AfrAmr	0	0
CTSO	0	AfrAmr	0	0
CTU2	0	AfrAmr	0	0
CUEDC2	0	AfrAmr	0	0
CUL3	0	AfrAmr	0	0
CUL5	0	AfrAmr	0	0
CUX2	0	AfrAmr	0	0
CUZD1	0	AfrAmr	0	0
CWC22	0	AfrAmr	0	0
CWC25	0	AfrAmr	0	0
CWC27	0	AfrAmr	0	0
CWF19L2	0	AfrAmr	0	0
CWH43	0	AfrAmr	0	0
CX3CL1	0	AfrAmr	0	0
CXCR2	0	AfrAmr	0	0
CXorf36	0	AfrAmr	0	0
CXorf40A	0	AfrAmr	0	0
CXorf40B	0	AfrAmr	0	0
CXorf67	0	AfrAmr	0	0
CXXC1	0	AfrAmr	0	0
CXXC4	0	AfrAmr	0	0
CYB5R3	0	AfrAmr	0	0
CYC1	0	AfrAmr	0	0
CYFIP2	0	AfrAmr	0	0
CYLC2	0	AfrAmr	0	0
CYP11B1	0	AfrAmr	0	0
CYP17A1	0	AfrAmr	0	0
CYP19A1	0	AfrAmr	0	0
CYP1A2	0	AfrAmr	0	0
CYP1B1	0	AfrAmr	0	0
CYP20A1	0	AfrAmr	0	0
CYP24A1	0	AfrAmr	0	0
CYP26A1	0	AfrAmr	0	0
CYP2A13	0	AfrAmr	0	0
CYP2B6	0	AfrAmr	0	0
CYP2C18	0	AfrAmr	0	0
CYP2C9	0	AfrAmr	0	0
CYP2D6	0	AfrAmr	0	0
CYP2E1	0	AfrAmr	0	0
CYP2J2	0	AfrAmr	0	0
CYP2S1	0	AfrAmr	0	0
CYP2U1	0	AfrAmr	0	0
CYP39A1	0	AfrAmr	0	0
CYP3A43	0	AfrAmr	0	0
CYP3A7	0	AfrAmr	0	0
CYP46A1	0	AfrAmr	0	0
CYP4A22	0	AfrAmr	0	0
CYP4F12	0	AfrAmr	0	0
CYP4F2	0	AfrAmr	0	0
CYP4F8	0	AfrAmr	0	0
CYP4V2	0	AfrAmr	0	0
CYP4X1	0	AfrAmr	0	0
CYP4Z1	0	AfrAmr	0	0
CYP8B1	0	AfrAmr	0	0
CYR61	0	AfrAmr	0	0
CYTH2	0	AfrAmr	0	0
CYTH3	0	AfrAmr	0	0
D2HGDH	0	AfrAmr	0	0
DAAM2	0	AfrAmr	0	0
DAB2	0	AfrAmr	0	0
DAB2IP	0	AfrAmr	0	0
DAG1	0	AfrAmr	0	0
DAGLB	0	AfrAmr	0	0
DAPK1	0	AfrAmr	0	0
DARS	0	AfrAmr	0	0
DBF4B	0	AfrAmr	0	0
DBN1	0	AfrAmr	0	0
DBNDD2	0	AfrAmr	0	0
DBP	0	AfrAmr	0	0
DBR1	0	AfrAmr	0	0
DCAF13	0	AfrAmr	0	0
DCAF15	0	AfrAmr	0	0
DCAF4	0	AfrAmr	0	0
DCAF4L2	0	AfrAmr	0	0
DCAF5	0	AfrAmr	0	0
DCAF6	0	AfrAmr	0	0
DCAF8L1	0	AfrAmr	0	0
DCBLD1	0	AfrAmr	0	0
DCBLD2	0	AfrAmr	0	0
DCDC1	0	AfrAmr	0	0
DCDC2	0	AfrAmr	0	0
DCLK1	0	AfrAmr	0	0
DCN	0	AfrAmr	0	0
DCP1B	0	AfrAmr	0	0
DCST1	0	AfrAmr	0	0
DCSTAMP	0	AfrAmr	0	0
DCT	0	AfrAmr	0	0
DCTN1	0	AfrAmr	0	0
DCTN4	0	AfrAmr	0	0
DCUN1D3	0	AfrAmr	0	0
DCUN1D4	0	AfrAmr	0	0
DDAH1	0	AfrAmr	0	0
DDB1	0	AfrAmr	0	0
DDHD1	0	AfrAmr	0	0
DDI1	0	AfrAmr	0	0
DDIAS	0	AfrAmr	0	0
DDIT4	0	AfrAmr	0	0
DDN	0	AfrAmr	0	0
DDR1	0	AfrAmr	0	0
DDRGK1	0	AfrAmr	0	0
DDX10	0	AfrAmr	0	0
DDX11	0	AfrAmr	0	0
DDX18	0	AfrAmr	0	0
DDX20	0	AfrAmr	0	0
DDX24	0	AfrAmr	0	0
DDX25	0	AfrAmr	0	0
DDX26B	0	AfrAmr	0	0
DDX27	0	AfrAmr	0	0
DDX28	0	AfrAmr	0	0
DDX39A	0	AfrAmr	0	0
DDX39B	0	AfrAmr	0	0
DDX3X	0	AfrAmr	0	0
DDX4	0	AfrAmr	0	0
DDX42	0	AfrAmr	0	0
DDX47	0	AfrAmr	0	0
DDX5	0	AfrAmr	0	0
DDX50	0	AfrAmr	0	0
DDX51	0	AfrAmr	0	0
DDX53	0	AfrAmr	0	0
DDX54	0	AfrAmr	0	0
DDX56	0	AfrAmr	0	0
DDX58	0	AfrAmr	0	0
DDX6	0	AfrAmr	0	0
DEAF1	0	AfrAmr	0	0
DECR1	0	AfrAmr	0	0
DEF6	0	AfrAmr	0	0
DEFA4	0	AfrAmr	0	0
DEFB128	0	AfrAmr	0	0
DEGS1	0	AfrAmr	0	0
DENND1C	0	AfrAmr	0	0
DENND3	0	AfrAmr	0	0
DENND4A	0	AfrAmr	0	0
DENND4C	0	AfrAmr	0	0
DENND5B	0	AfrAmr	0	0
DEPDC1	0	AfrAmr	0	0
DEPDC1B	0	AfrAmr	0	0
DEPDC4	0	AfrAmr	0	0
DEPDC5	0	AfrAmr	0	0
DERL1	0	AfrAmr	0	0
DERL3	0	AfrAmr	0	0
DES	0	AfrAmr	0	0
DET1	0	AfrAmr	0	0
DFNA5	0	AfrAmr	0	0
DFNB31	0	AfrAmr	0	0
DGAT1	0	AfrAmr	0	0
DGAT2L6	0	AfrAmr	0	0
DGCR8	0	AfrAmr	0	0
DGKB	0	AfrAmr	0	0
DGKD	0	AfrAmr	0	0
DGKE	0	AfrAmr	0	0
DGKQ	0	AfrAmr	0	0
DGKZ	0	AfrAmr	0	0
DHCR24	0	AfrAmr	0	0
DHCR7	0	AfrAmr	0	0
DHDDS	0	AfrAmr	0	0
DHFR	0	AfrAmr	0	0
DHH	0	AfrAmr	0	0
DHRS1	0	AfrAmr	0	0
DHRS13	0	AfrAmr	0	0
DHRS3	0	AfrAmr	0	0
DHRS4L2	0	AfrAmr	0	0
DHX15	0	AfrAmr	0	0
DHX16	0	AfrAmr	0	0
DHX30	0	AfrAmr	0	0
DHX32	0	AfrAmr	0	0
DHX34	0	AfrAmr	0	0
DHX40	0	AfrAmr	0	0
DHX57	0	AfrAmr	0	0
DHX9	0	AfrAmr	0	0
DIAPH3	0	AfrAmr	0	0
DIEXF	0	AfrAmr	0	0
DIP2A	0	AfrAmr	0	0
DIP2B	0	AfrAmr	0	0
DIP2C	0	AfrAmr	0	0
DIRAS1	0	AfrAmr	0	0
DIRAS2	0	AfrAmr	0	0
DIRC1	0	AfrAmr	0	0
DKK3	0	AfrAmr	0	0
DKKL1	0	AfrAmr	0	0
DLAT	0	AfrAmr	0	0
DLG2	0	AfrAmr	0	0
DLG3	0	AfrAmr	0	0
DLGAP3	0	AfrAmr	0	0
DLK2	0	AfrAmr	0	0
DMBX1	0	AfrAmr	0	0
DMC1	0	AfrAmr	0	0
DMGDH	0	AfrAmr	0	0
DMPK	0	AfrAmr	0	0
DMRT1	0	AfrAmr	0	0
DMRTA2	0	AfrAmr	0	0
DMRTC2	0	AfrAmr	0	0
DMTF1	0	AfrAmr	0	0
DMTN	0	AfrAmr	0	0
DMXL1	0	AfrAmr	0	0
DMXL2	0	AfrAmr	0	0
DNA2	0	AfrAmr	0	0
DNAH12	0	AfrAmr	0	0
DNAH17	0	AfrAmr	0	0
DNAH6	0	AfrAmr	0	0
DNAI1	0	AfrAmr	0	0
DNAI2	0	AfrAmr	0	0
DNAJA1	0	AfrAmr	0	0
DNAJA2	0	AfrAmr	0	0
DNAJA3	0	AfrAmr	0	0
DNAJA4	0	AfrAmr	0	0
DNAJB1	0	AfrAmr	0	0
DNAJB11	0	AfrAmr	0	0
DNAJB5	0	AfrAmr	0	0
DNAJB8	0	AfrAmr	0	0
DNAJC1	0	AfrAmr	0	0
DNAJC16	0	AfrAmr	0	0
DNAJC19	0	AfrAmr	0	0
DNAJC2	0	AfrAmr	0	0
DNAJC22	0	AfrAmr	0	0
DNAJC3	0	AfrAmr	0	0
DNAJC5B	0	AfrAmr	0	0
DNAJC5G	0	AfrAmr	0	0
DNAL4	0	AfrAmr	0	0
DNASE1L3	0	AfrAmr	0	0
DNHD1	0	AfrAmr	0	0
DNLZ	0	AfrAmr	0	0
DNM1	0	AfrAmr	0	0
DNM2	0	AfrAmr	0	0
DNMBP	0	AfrAmr	0	0
DNMT3L	0	AfrAmr	0	0
DNTT	0	AfrAmr	0	0
DNTTIP1	0	AfrAmr	0	0
DNTTIP2	0	AfrAmr	0	0
DOC2A	0	AfrAmr	0	0
DOCK10	0	AfrAmr	0	0
DOCK11	0	AfrAmr	0	0
DOCK6	0	AfrAmr	0	0
DOK3	0	AfrAmr	0	0
DOK4	0	AfrAmr	0	0
DOK5	0	AfrAmr	0	0
DOK7	0	AfrAmr	0	0
DOLK	0	AfrAmr	0	0
DPEP1	0	AfrAmr	0	0
DPEP3	0	AfrAmr	0	0
DPF1	0	AfrAmr	0	0
DPF2	0	AfrAmr	0	0
DPH1	0	AfrAmr	0	0
DPH5	0	AfrAmr	0	0
DPM3	0	AfrAmr	0	0
DPP3	0	AfrAmr	0	0
DPP4	0	AfrAmr	0	0
DPP7	0	AfrAmr	0	0
DPP9	0	AfrAmr	0	0
DPPA2	0	AfrAmr	0	0
DPRX	0	AfrAmr	0	0
DPY19L2	0	AfrAmr	0	0
DPY19L3	0	AfrAmr	0	0
DPYSL2	0	AfrAmr	0	0
DPYSL4	0	AfrAmr	0	0
DQX1	0	AfrAmr	0	0
DRAXIN	0	AfrAmr	0	0
DRC1	0	AfrAmr	0	0
DRG2	0	AfrAmr	0	0
DRGX	0	AfrAmr	0	0
DROSHA	0	AfrAmr	0	0
DSC1	0	AfrAmr	0	0
DSC2	0	AfrAmr	0	0
DSC3	0	AfrAmr	0	0
DSCC1	0	AfrAmr	0	0
DSE	0	AfrAmr	0	0
DSG1	0	AfrAmr	0	0
DSG3	0	AfrAmr	0	0
DSG4	0	AfrAmr	0	0
DSTYK	0	AfrAmr	0	0
DTL	0	AfrAmr	0	0
DTX1	0	AfrAmr	0	0
DTX2	0	AfrAmr	0	0
DTX3L	0	AfrAmr	0	0
DTX4	0	AfrAmr	0	0
DUOX1	0	AfrAmr	0	0
DUS1L	0	AfrAmr	0	0
DUS3L	0	AfrAmr	0	0
DUS4L	0	AfrAmr	0	0
DUSP10	0	AfrAmr	0	0
DUSP12	0	AfrAmr	0	0
DUSP13	0	AfrAmr	0	0
DUSP14	0	AfrAmr	0	0
DUSP15	0	AfrAmr	0	0
DUSP16	0	AfrAmr	0	0
DUSP22	0	AfrAmr	0	0
DUSP26	0	AfrAmr	0	0
DUSP7	0	AfrAmr	0	0
DUT	0	AfrAmr	0	0
DVL1	0	AfrAmr	0	0
DVL2	0	AfrAmr	0	0
DVL3	0	AfrAmr	0	0
DYNC1H1	0	AfrAmr	0	0
DYNC1LI1	0	AfrAmr	0	0
DYNC1LI2	0	AfrAmr	0	0
DYRK1B	0	AfrAmr	0	0
DYRK4	0	AfrAmr	0	0
DZIP1	0	AfrAmr	0	0
DZIP1L	0	AfrAmr	0	0
DZIP3	0	AfrAmr	0	0
E2F3	0	AfrAmr	0	0
E2F4	0	AfrAmr	0	0
E2F5	0	AfrAmr	0	0
E2F6	0	AfrAmr	0	0
E2F7	0	AfrAmr	0	0
E2F8	0	AfrAmr	0	0
E4F1	0	AfrAmr	0	0
EAPP	0	AfrAmr	0	0
EARS2	0	AfrAmr	0	0
EBF1	0	AfrAmr	0	0
EBLN2	0	AfrAmr	0	0
EBPL	0	AfrAmr	0	0
ECE1	0	AfrAmr	0	0
ECEL1	0	AfrAmr	0	0
ECHDC1	0	AfrAmr	0	0
ECHDC2	0	AfrAmr	0	0
ECHDC3	0	AfrAmr	0	0
ECM1	0	AfrAmr	0	0
ECM2	0	AfrAmr	0	0
ECSCR	0	AfrAmr	0	0
ECT2L	0	AfrAmr	0	0
EDA	0	AfrAmr	0	0
EDC3	0	AfrAmr	0	0
EDC4	0	AfrAmr	0	0
EDDM3A	0	AfrAmr	0	0
EDEM1	0	AfrAmr	0	0
EDIL3	0	AfrAmr	0	0
EDN3	0	AfrAmr	0	0
EDNRB	0	AfrAmr	0	0
EDRF1	0	AfrAmr	0	0
EEA1	0	AfrAmr	0	0
EED	0	AfrAmr	0	0
EEF1D	0	AfrAmr	0	0
EEF1G	0	AfrAmr	0	0
EEFSEC	0	AfrAmr	0	0
EFCAB11	0	AfrAmr	0	0
EFCAB3	0	AfrAmr	0	0
EFCAB5	0	AfrAmr	0	0
EFEMP1	0	AfrAmr	0	0
EFHB	0	AfrAmr	0	0
EFHC1	0	AfrAmr	0	0
EFHD2	0	AfrAmr	0	0
EFNB1	0	AfrAmr	0	0
EFNB2	0	AfrAmr	0	0
EFR3A	0	AfrAmr	0	0
EFS	0	AfrAmr	0	0
EFTUD1	0	AfrAmr	0	0
EFTUD2	0	AfrAmr	0	0
EGFL6	0	AfrAmr	0	0
EGFL7	0	AfrAmr	0	0
EGFR	0	AfrAmr	0	0
EGLN2	0	AfrAmr	0	0
EGR1	0	AfrAmr	0	0
EGR2	0	AfrAmr	0	0
EGR3	0	AfrAmr	0	0
EHD1	0	AfrAmr	0	0
EHD2	0	AfrAmr	0	0
EHD3	0	AfrAmr	0	0
EHD4	0	AfrAmr	0	0
EHMT1	0	AfrAmr	0	0
EHMT2	0	AfrAmr	0	0
EI24	0	AfrAmr	0	0
EID3	0	AfrAmr	0	0
EIF2AK3	0	AfrAmr	0	0
EIF2AK4	0	AfrAmr	0	0
EIF2B3	0	AfrAmr	0	0
EIF2D	0	AfrAmr	0	0
EIF3H	0	AfrAmr	0	0
EIF3K	0	AfrAmr	0	0
EIF3L	0	AfrAmr	0	0
EIF4A2	0	AfrAmr	0	0
EIF4A3	0	AfrAmr	0	0
EIF4B	0	AfrAmr	0	0
EIF4G1	0	AfrAmr	0	0
EIF4G2	0	AfrAmr	0	0
EIF4G3	0	AfrAmr	0	0
EIF5AL1	0	AfrAmr	0	0
EIF5B	0	AfrAmr	0	0
ELAC2	0	AfrAmr	0	0
ELAVL1	0	AfrAmr	0	0
ELAVL2	0	AfrAmr	0	0
ELAVL3	0	AfrAmr	0	0
ELAVL4	0	AfrAmr	0	0
ELF1	0	AfrAmr	0	0
ELF3	0	AfrAmr	0	0
ELFN2	0	AfrAmr	0	0
ELK3	0	AfrAmr	0	0
ELL	0	AfrAmr	0	0
ELMO2	0	AfrAmr	0	0
ELMOD1	0	AfrAmr	0	0
ELMOD2	0	AfrAmr	0	0
ELMSAN1	0	AfrAmr	0	0
ELN	0	AfrAmr	0	0
ELOVL3	0	AfrAmr	0	0
ELOVL6	0	AfrAmr	0	0
ELOVL7	0	AfrAmr	0	0
ELSPBP1	0	AfrAmr	0	0
EMC1	0	AfrAmr	0	0
EMC3	0	AfrAmr	0	0
EMC4	0	AfrAmr	0	0
EMC7	0	AfrAmr	0	0
EMC9	0	AfrAmr	0	0
EMILIN2	0	AfrAmr	0	0
EML2	0	AfrAmr	0	0
EML3	0	AfrAmr	0	0
EML5	0	AfrAmr	0	0
EMX2	0	AfrAmr	0	0
ENDOU	0	AfrAmr	0	0
ENDOV	0	AfrAmr	0	0
ENG	0	AfrAmr	0	0
ENKUR	0	AfrAmr	0	0
ENO1	0	AfrAmr	0	0
ENOSF1	0	AfrAmr	0	0
ENOX1	0	AfrAmr	0	0
ENOX2	0	AfrAmr	0	0
ENPEP	0	AfrAmr	0	0
ENPP3	0	AfrAmr	0	0
ENPP7	0	AfrAmr	0	0
ENSA	0	AfrAmr	0	0
ENTPD5	0	AfrAmr	0	0
ENTPD6	0	AfrAmr	0	0
ENTPD7	0	AfrAmr	0	0
EOGT	0	AfrAmr	0	0
EP400NL	0	AfrAmr	0	0
EPAS1	0	AfrAmr	0	0
EPB41L2	0	AfrAmr	0	0
EPB41L4A	0	AfrAmr	0	0
EPB41L4B	0	AfrAmr	0	0
EPB42	0	AfrAmr	0	0
EPG5	0	AfrAmr	0	0
EPHA1	0	AfrAmr	0	0
EPHA10	0	AfrAmr	0	0
EPHA2	0	AfrAmr	0	0
EPHA5	0	AfrAmr	0	0
EPHB6	0	AfrAmr	0	0
EPM2AIP1	0	AfrAmr	0	0
EPN1	0	AfrAmr	0	0
EPN3	0	AfrAmr	0	0
EPPK1	0	AfrAmr	0	0
EPRS	0	AfrAmr	0	0
EPS15	0	AfrAmr	0	0
EPS8L1	0	AfrAmr	0	0
EPS8L2	0	AfrAmr	0	0
EPS8L3	0	AfrAmr	0	0
EPSTI1	0	AfrAmr	0	0
EPX	0	AfrAmr	0	0
EPYC	0	AfrAmr	0	0
ERAL1	0	AfrAmr	0	0
ERBB2	0	AfrAmr	0	0
ERBB3	0	AfrAmr	0	0
ERC1	0	AfrAmr	0	0
ERC2	0	AfrAmr	0	0
ERCC1	0	AfrAmr	0	0
ERCC3	0	AfrAmr	0	0
ERCC4	0	AfrAmr	0	0
ERCC6	0	AfrAmr	0	0
ERCC6-PGBD3	0	AfrAmr	0	0
ERCC6L2	0	AfrAmr	0	0
ERF	0	AfrAmr	0	0
ERICH1	0	AfrAmr	0	0
ERICH6	0	AfrAmr	0	0
ERLIN1	0	AfrAmr	0	0
ERMAP	0	AfrAmr	0	0
ERMARD	0	AfrAmr	0	0
ERN1	0	AfrAmr	0	0
ERN2	0	AfrAmr	0	0
ERO1LB	0	AfrAmr	0	0
ERP44	0	AfrAmr	0	0
ERV3-1	0	AfrAmr	0	0
ESCO1	0	AfrAmr	0	0
ESD	0	AfrAmr	0	0
ESF1	0	AfrAmr	0	0
ESPNL	0	AfrAmr	0	0
ESRP2	0	AfrAmr	0	0
ESRRA	0	AfrAmr	0	0
ESX1	0	AfrAmr	0	0
ESYT1	0	AfrAmr	0	0
ESYT2	0	AfrAmr	0	0
ESYT3	0	AfrAmr	0	0
ETAA1	0	AfrAmr	0	0
ETFDH	0	AfrAmr	0	0
ETHE1	0	AfrAmr	0	0
ETNK2	0	AfrAmr	0	0
ETS2	0	AfrAmr	0	0
ETV1	0	AfrAmr	0	0
ETV2	0	AfrAmr	0	0
ETV3L	0	AfrAmr	0	0
ETV4	0	AfrAmr	0	0
ETV6	0	AfrAmr	0	0
ETV7	0	AfrAmr	0	0
EVA1A	0	AfrAmr	0	0
EVC2	0	AfrAmr	0	0
EVX1	0	AfrAmr	0	0
EXD3	0	AfrAmr	0	0
EXO1	0	AfrAmr	0	0
EXO5	0	AfrAmr	0	0
EXOC1	0	AfrAmr	0	0
EXOC2	0	AfrAmr	0	0
EXOC3	0	AfrAmr	0	0
EXOC3L1	0	AfrAmr	0	0
EXOC3L4	0	AfrAmr	0	0
EXOC4	0	AfrAmr	0	0
EXOC5	0	AfrAmr	0	0
EXOSC10	0	AfrAmr	0	0
EXOSC3	0	AfrAmr	0	0
EXOSC5	0	AfrAmr	0	0
EXOSC9	0	AfrAmr	0	0
EXT1	0	AfrAmr	0	0
EXT2	0	AfrAmr	0	0
EXTL1	0	AfrAmr	0	0
EXTL2	0	AfrAmr	0	0
EXTL3	0	AfrAmr	0	0
EYA1	0	AfrAmr	0	0
EYA2	0	AfrAmr	0	0
EYA4	0	AfrAmr	0	0
EZH2	0	AfrAmr	0	0
F10	0	AfrAmr	0	0
F11R	0	AfrAmr	0	0
F12	0	AfrAmr	0	0
F13A1	0	AfrAmr	0	0
F13B	0	AfrAmr	0	0
F2	0	AfrAmr	0	0
F2RL1	0	AfrAmr	0	0
F2RL2	0	AfrAmr	0	0
F2RL3	0	AfrAmr	0	0
F8	0	AfrAmr	0	0
FAAH2	0	AfrAmr	0	0
FABP4	0	AfrAmr	0	0
FABP9	0	AfrAmr	0	0
FADS1	0	AfrAmr	0	0
FADS3	0	AfrAmr	0	0
FAF1	0	AfrAmr	0	0
FAF2	0	AfrAmr	0	0
FAHD1	0	AfrAmr	0	0
FAIM3	0	AfrAmr	0	0
FAM101A	0	AfrAmr	0	0
FAM102A	0	AfrAmr	0	0
FAM107B	0	AfrAmr	0	0
FAM111A	0	AfrAmr	0	0
FAM117A	0	AfrAmr	0	0
FAM120A	0	AfrAmr	0	0
FAM120B	0	AfrAmr	0	0
FAM124B	0	AfrAmr	0	0
FAM126A	0	AfrAmr	0	0
FAM126B	0	AfrAmr	0	0
FAM131A	0	AfrAmr	0	0
FAM131B	0	AfrAmr	0	0
FAM135A	0	AfrAmr	0	0
FAM13A	0	AfrAmr	0	0
FAM149A	0	AfrAmr	0	0
FAM151A	0	AfrAmr	0	0
FAM151B	0	AfrAmr	0	0
FAM155A	0	AfrAmr	0	0
FAM159A	0	AfrAmr	0	0
FAM160A2	0	AfrAmr	0	0
FAM160B1	0	AfrAmr	0	0
FAM160B2	0	AfrAmr	0	0
FAM161A	0	AfrAmr	0	0
FAM162A	0	AfrAmr	0	0
FAM163A	0	AfrAmr	0	0
FAM166A	0	AfrAmr	0	0
FAM166B	0	AfrAmr	0	0
FAM168B	0	AfrAmr	0	0
FAM169A	0	AfrAmr	0	0
FAM173B	0	AfrAmr	0	0
FAM175A	0	AfrAmr	0	0
FAM179A	0	AfrAmr	0	0
FAM181A	0	AfrAmr	0	0
FAM183B	0	AfrAmr	0	0
FAM186B	0	AfrAmr	0	0
FAM188B	0	AfrAmr	0	0
FAM192A	0	AfrAmr	0	0
FAM193B	0	AfrAmr	0	0
FAM195A	0	AfrAmr	0	0
FAM196A	0	AfrAmr	0	0
FAM198B	0	AfrAmr	0	0
FAM19A5	0	AfrAmr	0	0
FAM200A	0	AfrAmr	0	0
FAM208B	0	AfrAmr	0	0
FAM20A	0	AfrAmr	0	0
FAM212A	0	AfrAmr	0	0
FAM214A	0	AfrAmr	0	0
FAM219A	0	AfrAmr	0	0
FAM21A	0	AfrAmr	0	0
FAM21C	0	AfrAmr	0	0
FAM227B	0	AfrAmr	0	0
FAM228A	0	AfrAmr	0	0
FAM24A	0	AfrAmr	0	0
FAM26D	0	AfrAmr	0	0
FAM35A	0	AfrAmr	0	0
FAM3D	0	AfrAmr	0	0
FAM46B	0	AfrAmr	0	0
FAM46C	0	AfrAmr	0	0
FAM46D	0	AfrAmr	0	0
FAM47B	0	AfrAmr	0	0
FAM47C	0	AfrAmr	0	0
FAM50B	0	AfrAmr	0	0
FAM53B	0	AfrAmr	0	0
FAM53C	0	AfrAmr	0	0
FAM57A	0	AfrAmr	0	0
FAM63B	0	AfrAmr	0	0
FAM64A	0	AfrAmr	0	0
FAM69A	0	AfrAmr	0	0
FAM69B	0	AfrAmr	0	0
FAM71A	0	AfrAmr	0	0
FAM76B	0	AfrAmr	0	0
FAM78A	0	AfrAmr	0	0
FAM78B	0	AfrAmr	0	0
FAM83A	0	AfrAmr	0	0
FAM83B	0	AfrAmr	0	0
FAM83C	0	AfrAmr	0	0
FAM83D	0	AfrAmr	0	0
FAM83G	0	AfrAmr	0	0
FAM84A	0	AfrAmr	0	0
FAM91A1	0	AfrAmr	0	0
FAM96A	0	AfrAmr	0	0
FAM9B	0	AfrAmr	0	0
FAN1	0	AfrAmr	0	0
FANCB	0	AfrAmr	0	0
FANCD2OS	0	AfrAmr	0	0
FANCG	0	AfrAmr	0	0
FANCM	0	AfrAmr	0	0
FAP	0	AfrAmr	0	0
FAR2	0	AfrAmr	0	0
FARP1	0	AfrAmr	0	0
FASLG	0	AfrAmr	0	0
FASTKD2	0	AfrAmr	0	0
FASTKD3	0	AfrAmr	0	0
FATE1	0	AfrAmr	0	0
FAU	0	AfrAmr	0	0
FAXC	0	AfrAmr	0	0
FBL	0	AfrAmr	0	0
FBLIM1	0	AfrAmr	0	0
FBLL1	0	AfrAmr	0	0
FBLN1	0	AfrAmr	0	0
FBLN5	0	AfrAmr	0	0
FBLN7	0	AfrAmr	0	0
FBP2	0	AfrAmr	0	0
FBRS	0	AfrAmr	0	0
FBXL17	0	AfrAmr	0	0
FBXL18	0	AfrAmr	0	0
FBXL21	0	AfrAmr	0	0
FBXL3	0	AfrAmr	0	0
FBXL4	0	AfrAmr	0	0
FBXO11	0	AfrAmr	0	0
FBXO15	0	AfrAmr	0	0
FBXO17	0	AfrAmr	0	0
FBXO18	0	AfrAmr	0	0
FBXO21	0	AfrAmr	0	0
FBXO24	0	AfrAmr	0	0
FBXO25	0	AfrAmr	0	0
FBXO27	0	AfrAmr	0	0
FBXO31	0	AfrAmr	0	0
FBXO34	0	AfrAmr	0	0
FBXO36	0	AfrAmr	0	0
FBXO38	0	AfrAmr	0	0
FBXO42	0	AfrAmr	0	0
FBXO43	0	AfrAmr	0	0
FBXO46	0	AfrAmr	0	0
FBXO48	0	AfrAmr	0	0
FBXO7	0	AfrAmr	0	0
FBXW10	0	AfrAmr	0	0
FBXW11	0	AfrAmr	0	0
FBXW2	0	AfrAmr	0	0
FBXW4	0	AfrAmr	0	0
FBXW5	0	AfrAmr	0	0
FBXW8	0	AfrAmr	0	0
FCAMR	0	AfrAmr	0	0
FCER1A	0	AfrAmr	0	0
FCGR1A	0	AfrAmr	0	0
FCGR2A	0	AfrAmr	0	0
FCGR2C	0	AfrAmr	0	0
FCGR3B	0	AfrAmr	0	0
FCGRT	0	AfrAmr	0	0
FCHO1	0	AfrAmr	0	0
FCHSD2	0	AfrAmr	0	0
FCN2	0	AfrAmr	0	0
FCN3	0	AfrAmr	0	0
FCRL1	0	AfrAmr	0	0
FCRL3	0	AfrAmr	0	0
FCRL4	0	AfrAmr	0	0
FCRL5	0	AfrAmr	0	0
FCRLB	0	AfrAmr	0	0
FDFT1	0	AfrAmr	0	0
FDPS	0	AfrAmr	0	0
FDX1	0	AfrAmr	0	0
FDX1L	0	AfrAmr	0	0
FEM1A	0	AfrAmr	0	0
FER	0	AfrAmr	0	0
FER1L6	0	AfrAmr	0	0
FERMT3	0	AfrAmr	0	0
FES	0	AfrAmr	0	0
FETUB	0	AfrAmr	0	0
FEZF1	0	AfrAmr	0	0
FEZF2	0	AfrAmr	0	0
FFAR3	0	AfrAmr	0	0
FGA	0	AfrAmr	0	0
FGB	0	AfrAmr	0	0
FGD1	0	AfrAmr	0	0
FGD2	0	AfrAmr	0	0
FGD5	0	AfrAmr	0	0
FGD6	0	AfrAmr	0	0
FGF12	0	AfrAmr	0	0
FGFBP1	0	AfrAmr	0	0
FGFBP2	0	AfrAmr	0	0
FGFR1OP2	0	AfrAmr	0	0
FGFR3	0	AfrAmr	0	0
FGFR4	0	AfrAmr	0	0
FGFRL1	0	AfrAmr	0	0
FGG	0	AfrAmr	0	0
FGGY	0	AfrAmr	0	0
FGL1	0	AfrAmr	0	0
FGR	0	AfrAmr	0	0
FH	0	AfrAmr	0	0
FHDC1	0	AfrAmr	0	0
FHL2	0	AfrAmr	0	0
FIBCD1	0	AfrAmr	0	0
FICD	0	AfrAmr	0	0
FILIP1	0	AfrAmr	0	0
FILIP1L	0	AfrAmr	0	0
FIP1L1	0	AfrAmr	0	0
FITM2	0	AfrAmr	0	0
FKBP10	0	AfrAmr	0	0
FKBP15	0	AfrAmr	0	0
FKBP1A	0	AfrAmr	0	0
FKBP4	0	AfrAmr	0	0
FKBP5	0	AfrAmr	0	0
FKBP6	0	AfrAmr	0	0
FKBP8	0	AfrAmr	0	0
FKTN	0	AfrAmr	0	0
FLCN	0	AfrAmr	0	0
FLI1	0	AfrAmr	0	0
FLII	0	AfrAmr	0	0
FLNB	0	AfrAmr	0	0
FLOT1	0	AfrAmr	0	0
FLOT2	0	AfrAmr	0	0
FLRT1	0	AfrAmr	0	0
FLRT3	0	AfrAmr	0	0
FLVCR2	0	AfrAmr	0	0
FLYWCH1	0	AfrAmr	0	0
FMN1	0	AfrAmr	0	0
FMNL1	0	AfrAmr	0	0
FMNL2	0	AfrAmr	0	0
FMO3	0	AfrAmr	0	0
FMR1	0	AfrAmr	0	0
FMR1NB	0	AfrAmr	0	0
FNBP1L	0	AfrAmr	0	0
FNBP4	0	AfrAmr	0	0
FNDC3A	0	AfrAmr	0	0
FNDC8	0	AfrAmr	0	0
FNDC9	0	AfrAmr	0	0
FNIP1	0	AfrAmr	0	0
FNIP2	0	AfrAmr	0	0
FNTA	0	AfrAmr	0	0
FOLR1	0	AfrAmr	0	0
FOLR3	0	AfrAmr	0	0
FOPNL	0	AfrAmr	0	0
FOXA1	0	AfrAmr	0	0
FOXA3	0	AfrAmr	0	0
FOXB1	0	AfrAmr	0	0
FOXB2	0	AfrAmr	0	0
FOXC1	0	AfrAmr	0	0
FOXD2	0	AfrAmr	0	0
FOXD4	0	AfrAmr	0	0
FOXD4L1	0	AfrAmr	0	0
FOXF2	0	AfrAmr	0	0
FOXI1	0	AfrAmr	0	0
FOXJ2	0	AfrAmr	0	0
FOXJ3	0	AfrAmr	0	0
FOXL2NB	0	AfrAmr	0	0
FOXN1	0	AfrAmr	0	0
FOXN4	0	AfrAmr	0	0
FOXO3	0	AfrAmr	0	0
FOXP1	0	AfrAmr	0	0
FOXP2	0	AfrAmr	0	0
FPR3	0	AfrAmr	0	0
FRAS1	0	AfrAmr	0	0
FREM1	0	AfrAmr	0	0
FRG2C	0	AfrAmr	0	0
FRK	0	AfrAmr	0	0
FRMD1	0	AfrAmr	0	0
FRMD4A	0	AfrAmr	0	0
FRMD4B	0	AfrAmr	0	0
FRMD5	0	AfrAmr	0	0
FRMD6	0	AfrAmr	0	0
FRMD8	0	AfrAmr	0	0
FRMPD4	0	AfrAmr	0	0
FRS3	0	AfrAmr	0	0
FRZB	0	AfrAmr	0	0
FSCB	0	AfrAmr	0	0
FSCN3	0	AfrAmr	0	0
FSHB	0	AfrAmr	0	0
FSIP1	0	AfrAmr	0	0
FST	0	AfrAmr	0	0
FSTL3	0	AfrAmr	0	0
FSTL5	0	AfrAmr	0	0
FTCD	0	AfrAmr	0	0
FTSJ1	0	AfrAmr	0	0
FUBP3	0	AfrAmr	0	0
FUK	0	AfrAmr	0	0
FURIN	0	AfrAmr	0	0
FUS	0	AfrAmr	0	0
FUT11	0	AfrAmr	0	0
FUT2	0	AfrAmr	0	0
FUT4	0	AfrAmr	0	0
FXR2	0	AfrAmr	0	0
FYCO1	0	AfrAmr	0	0
FZD2	0	AfrAmr	0	0
FZD3	0	AfrAmr	0	0
FZD4	0	AfrAmr	0	0
FZD8	0	AfrAmr	0	0
FZD9	0	AfrAmr	0	0
G2E3	0	AfrAmr	0	0
G3BP1	0	AfrAmr	0	0
G3BP2	0	AfrAmr	0	0
G6PC2	0	AfrAmr	0	0
G6PC3	0	AfrAmr	0	0
GAA	0	AfrAmr	0	0
GAB2	0	AfrAmr	0	0
GAB4	0	AfrAmr	0	0
GABARAPL1	0	AfrAmr	0	0
GABARAPL2	0	AfrAmr	0	0
GABPA	0	AfrAmr	0	0
GABRB2	0	AfrAmr	0	0
GABRD	0	AfrAmr	0	0
GABRE	0	AfrAmr	0	0
GABRR3	0	AfrAmr	0	0
GAD1	0	AfrAmr	0	0
GAD2	0	AfrAmr	0	0
GAGE12J	0	AfrAmr	0	0
GAK	0	AfrAmr	0	0
GAL3ST1	0	AfrAmr	0	0
GAL3ST3	0	AfrAmr	0	0
GAL3ST4	0	AfrAmr	0	0
GALC	0	AfrAmr	0	0
GALNT10	0	AfrAmr	0	0
GALNT13	0	AfrAmr	0	0
GALNT2	0	AfrAmr	0	0
GALNT6	0	AfrAmr	0	0
GALNT7	0	AfrAmr	0	0
GALNT8	0	AfrAmr	0	0
GALNTL6	0	AfrAmr	0	0
GALR1	0	AfrAmr	0	0
GALR2	0	AfrAmr	0	0
GALT	0	AfrAmr	0	0
GAN	0	AfrAmr	0	0
GANC	0	AfrAmr	0	0
GAP43	0	AfrAmr	0	0
GAPDHS	0	AfrAmr	0	0
GAPT	0	AfrAmr	0	0
GAPVD1	0	AfrAmr	0	0
GAS2L1	0	AfrAmr	0	0
GAS2L3	0	AfrAmr	0	0
GAS6	0	AfrAmr	0	0
GAS8	0	AfrAmr	0	0
GAST	0	AfrAmr	0	0
GATA3	0	AfrAmr	0	0
GATA4	0	AfrAmr	0	0
GATAD2A	0	AfrAmr	0	0
GATAD2B	0	AfrAmr	0	0
GBA2	0	AfrAmr	0	0
GBAS	0	AfrAmr	0	0
GBE1	0	AfrAmr	0	0
GBF1	0	AfrAmr	0	0
GBGT1	0	AfrAmr	0	0
GBP1	0	AfrAmr	0	0
GBP2	0	AfrAmr	0	0
GBP4	0	AfrAmr	0	0
GBP5	0	AfrAmr	0	0
GBX2	0	AfrAmr	0	0
GCAT	0	AfrAmr	0	0
GCC1	0	AfrAmr	0	0
GCDH	0	AfrAmr	0	0
GCH1	0	AfrAmr	0	0
GCHFR	0	AfrAmr	0	0
GCK	0	AfrAmr	0	0
GCKR	0	AfrAmr	0	0
GCLC	0	AfrAmr	0	0
GCM2	0	AfrAmr	0	0
GCN1L1	0	AfrAmr	0	0
GCNT1	0	AfrAmr	0	0
GCNT2	0	AfrAmr	0	0
GDAP1L1	0	AfrAmr	0	0
GDF10	0	AfrAmr	0	0
GDF2	0	AfrAmr	0	0
GDF5	0	AfrAmr	0	0
GDF5OS	0	AfrAmr	0	0
GDF7	0	AfrAmr	0	0
GDF9	0	AfrAmr	0	0
GDI1	0	AfrAmr	0	0
GDPD3	0	AfrAmr	0	0
GDPD4	0	AfrAmr	0	0
GDPD5	0	AfrAmr	0	0
GDPGP1	0	AfrAmr	0	0
GEMIN2	0	AfrAmr	0	0
GEMIN4	0	AfrAmr	0	0
GEMIN8	0	AfrAmr	0	0
GEN1	0	AfrAmr	0	0
GFAP	0	AfrAmr	0	0
GFI1B	0	AfrAmr	0	0
GFM1	0	AfrAmr	0	0
GFM2	0	AfrAmr	0	0
GFOD1	0	AfrAmr	0	0
GFPT1	0	AfrAmr	0	0
GFPT2	0	AfrAmr	0	0
GFRA1	0	AfrAmr	0	0
GFRA3	0	AfrAmr	0	0
GFRAL	0	AfrAmr	0	0
GGA1	0	AfrAmr	0	0
GGA3	0	AfrAmr	0	0
GGH	0	AfrAmr	0	0
GGNBP2	0	AfrAmr	0	0
GGT1	0	AfrAmr	0	0
GGT5	0	AfrAmr	0	0
GGT7	0	AfrAmr	0	0
GGTLC2	0	AfrAmr	0	0
GHDC	0	AfrAmr	0	0
GHITM	0	AfrAmr	0	0
GHR	0	AfrAmr	0	0
GHRHR	0	AfrAmr	0	0
GIGYF1	0	AfrAmr	0	0
GIGYF2	0	AfrAmr	0	0
GIMAP1	0	AfrAmr	0	0
GIMAP4	0	AfrAmr	0	0
GIMAP5	0	AfrAmr	0	0
GIMAP8	0	AfrAmr	0	0
GINM1	0	AfrAmr	0	0
GINS2	0	AfrAmr	0	0
GINS3	0	AfrAmr	0	0
GIPC1	0	AfrAmr	0	0
GIPC3	0	AfrAmr	0	0
GIT1	0	AfrAmr	0	0
GJA3	0	AfrAmr	0	0
GJA4	0	AfrAmr	0	0
GJA9	0	AfrAmr	0	0
GJB2	0	AfrAmr	0	0
GJB5	0	AfrAmr	0	0
GJB6	0	AfrAmr	0	0
GJC2	0	AfrAmr	0	0
GJD4	0	AfrAmr	0	0
GK2	0	AfrAmr	0	0
GLB1	0	AfrAmr	0	0
GLB1L3	0	AfrAmr	0	0
GLCCI1	0	AfrAmr	0	0
GLDN	0	AfrAmr	0	0
GLE1	0	AfrAmr	0	0
GLIPR1L1	0	AfrAmr	0	0
GLIPR2	0	AfrAmr	0	0
GLIS1	0	AfrAmr	0	0
GLIS2	0	AfrAmr	0	0
GLMN	0	AfrAmr	0	0
GLMP	0	AfrAmr	0	0
GLO1	0	AfrAmr	0	0
GLP1R	0	AfrAmr	0	0
GLP2R	0	AfrAmr	0	0
GLRA2	0	AfrAmr	0	0
GLRA3	0	AfrAmr	0	0
GLRA4	0	AfrAmr	0	0
GLRB	0	AfrAmr	0	0
GLS	0	AfrAmr	0	0
GLS2	0	AfrAmr	0	0
GLT1D1	0	AfrAmr	0	0
GLTSCR1	0	AfrAmr	0	0
GLTSCR1L	0	AfrAmr	0	0
GLUD2	0	AfrAmr	0	0
GMEB1	0	AfrAmr	0	0
GMPR	0	AfrAmr	0	0
GNA11	0	AfrAmr	0	0
GNA13	0	AfrAmr	0	0
GNAI1	0	AfrAmr	0	0
GNAI2	0	AfrAmr	0	0
GNAI3	0	AfrAmr	0	0
GNAZ	0	AfrAmr	0	0
GNB3	0	AfrAmr	0	0
GNB4	0	AfrAmr	0	0
GNB5	0	AfrAmr	0	0
GNE	0	AfrAmr	0	0
GNG7	0	AfrAmr	0	0
GNL1	0	AfrAmr	0	0
GNL2	0	AfrAmr	0	0
GNPDA1	0	AfrAmr	0	0
GNPTAB	0	AfrAmr	0	0
GNRHR	0	AfrAmr	0	0
GOLGA2	0	AfrAmr	0	0
GOLGA3	0	AfrAmr	0	0
GOLGA5	0	AfrAmr	0	0
GOLGA6A	0	AfrAmr	0	0
GOLGA6B	0	AfrAmr	0	0
GOLGA6D	0	AfrAmr	0	0
GOLGA8A	0	AfrAmr	0	0
GOLGA8G	0	AfrAmr	0	0
GOLGB1	0	AfrAmr	0	0
GOLPH3L	0	AfrAmr	0	0
GOLT1A	0	AfrAmr	0	0
GOLT1B	0	AfrAmr	0	0
GON4L	0	AfrAmr	0	0
GORASP2	0	AfrAmr	0	0
GP2	0	AfrAmr	0	0
GP5	0	AfrAmr	0	0
GP6	0	AfrAmr	0	0
GPA33	0	AfrAmr	0	0
GPAM	0	AfrAmr	0	0
GPANK1	0	AfrAmr	0	0
GPATCH1	0	AfrAmr	0	0
GPATCH2L	0	AfrAmr	0	0
GPBAR1	0	AfrAmr	0	0
GPC3	0	AfrAmr	0	0
GPC4	0	AfrAmr	0	0
GPC5	0	AfrAmr	0	0
GPCPD1	0	AfrAmr	0	0
GPD1	0	AfrAmr	0	0
GPER1	0	AfrAmr	0	0
GPKOW	0	AfrAmr	0	0
GPLD1	0	AfrAmr	0	0
GPN1	0	AfrAmr	0	0
GPR107	0	AfrAmr	0	0
GPR108	0	AfrAmr	0	0
GPR132	0	AfrAmr	0	0
GPR137	0	AfrAmr	0	0
GPR137B	0	AfrAmr	0	0
GPR139	0	AfrAmr	0	0
GPR143	0	AfrAmr	0	0
GPR148	0	AfrAmr	0	0
GPR149	0	AfrAmr	0	0
GPR151	0	AfrAmr	0	0
GPR152	0	AfrAmr	0	0
GPR155	0	AfrAmr	0	0
GPR157	0	AfrAmr	0	0
GPR158	0	AfrAmr	0	0
GPR162	0	AfrAmr	0	0
GPR17	0	AfrAmr	0	0
GPR171	0	AfrAmr	0	0
GPR182	0	AfrAmr	0	0
GPR19	0	AfrAmr	0	0
GPR3	0	AfrAmr	0	0
GPR4	0	AfrAmr	0	0
GPR6	0	AfrAmr	0	0
GPR61	0	AfrAmr	0	0
GPR62	0	AfrAmr	0	0
GPR87	0	AfrAmr	0	0
GPRASP2	0	AfrAmr	0	0
GPRC5C	0	AfrAmr	0	0
GPRC5D	0	AfrAmr	0	0
GPRIN2	0	AfrAmr	0	0
GPRIN3	0	AfrAmr	0	0
GPS1	0	AfrAmr	0	0
GPSM2	0	AfrAmr	0	0
GPT	0	AfrAmr	0	0
GPX2	0	AfrAmr	0	0
GPX6	0	AfrAmr	0	0
GRAMD1B	0	AfrAmr	0	0
GRAMD2	0	AfrAmr	0	0
GRAP	0	AfrAmr	0	0
GRAP2	0	AfrAmr	0	0
GRASP	0	AfrAmr	0	0
GRB10	0	AfrAmr	0	0
GRB14	0	AfrAmr	0	0
GRB7	0	AfrAmr	0	0
GREM2	0	AfrAmr	0	0
GRHL1	0	AfrAmr	0	0
GRHL3	0	AfrAmr	0	0
GRIA4	0	AfrAmr	0	0
GRIK2	0	AfrAmr	0	0
GRIK5	0	AfrAmr	0	0
GRIN2C	0	AfrAmr	0	0
GRIN3A	0	AfrAmr	0	0
GRIPAP1	0	AfrAmr	0	0
GRK1	0	AfrAmr	0	0
GRK6	0	AfrAmr	0	0
GRK7	0	AfrAmr	0	0
GRM2	0	AfrAmr	0	0
GRM3	0	AfrAmr	0	0
GRM5	0	AfrAmr	0	0
GRM6	0	AfrAmr	0	0
GRM7	0	AfrAmr	0	0
GRN	0	AfrAmr	0	0
GRPEL1	0	AfrAmr	0	0
GRPR	0	AfrAmr	0	0
GRSF1	0	AfrAmr	0	0
GRTP1	0	AfrAmr	0	0
GRWD1	0	AfrAmr	0	0
GRXCR1	0	AfrAmr	0	0
GSAP	0	AfrAmr	0	0
GSDMB	0	AfrAmr	0	0
GSE1	0	AfrAmr	0	0
GSG1L	0	AfrAmr	0	0
GSG2	0	AfrAmr	0	0
GSK3B	0	AfrAmr	0	0
GSKIP	0	AfrAmr	0	0
GSN	0	AfrAmr	0	0
GSPT1	0	AfrAmr	0	0
GSS	0	AfrAmr	0	0
GSTA2	0	AfrAmr	0	0
GSTA3	0	AfrAmr	0	0
GSTA5	0	AfrAmr	0	0
GSTCD	0	AfrAmr	0	0
GSTM2	0	AfrAmr	0	0
GSTO2	0	AfrAmr	0	0
GSTP1	0	AfrAmr	0	0
GSX2	0	AfrAmr	0	0
GTDC1	0	AfrAmr	0	0
GTF2E1	0	AfrAmr	0	0
GTF2F1	0	AfrAmr	0	0
GTF2H1	0	AfrAmr	0	0
GTF2H4	0	AfrAmr	0	0
GTF2I	0	AfrAmr	0	0
GTF2IRD1	0	AfrAmr	0	0
GTF3C2	0	AfrAmr	0	0
GTPBP3	0	AfrAmr	0	0
GTPBP6	0	AfrAmr	0	0
GTSE1	0	AfrAmr	0	0
GUCA1A	0	AfrAmr	0	0
GUCA1C	0	AfrAmr	0	0
GUCY1A3	0	AfrAmr	0	0
GUCY2F	0	AfrAmr	0	0
GUF1	0	AfrAmr	0	0
GXYLT1	0	AfrAmr	0	0
GYS1	0	AfrAmr	0	0
GYS2	0	AfrAmr	0	0
GZF1	0	AfrAmr	0	0
GZMK	0	AfrAmr	0	0
H1FNT	0	AfrAmr	0	0
H2AFY	0	AfrAmr	0	0
H2AFZ	0	AfrAmr	0	0
H2BFM	0	AfrAmr	0	0
H3F3A	0	AfrAmr	0	0
H6PD	0	AfrAmr	0	0
HABP2	0	AfrAmr	0	0
HACD2	0	AfrAmr	0	0
HACE1	0	AfrAmr	0	0
HADHA	0	AfrAmr	0	0
HADHB	0	AfrAmr	0	0
HAL	0	AfrAmr	0	0
HAO1	0	AfrAmr	0	0
HAO2	0	AfrAmr	0	0
HAP1	0	AfrAmr	0	0
HAPLN3	0	AfrAmr	0	0
HARBI1	0	AfrAmr	0	0
HARS	0	AfrAmr	0	0
HAS2	0	AfrAmr	0	0
HAS3	0	AfrAmr	0	0
HAUS2	0	AfrAmr	0	0
HAUS3	0	AfrAmr	0	0
HAVCR1	0	AfrAmr	0	0
HBP1	0	AfrAmr	0	0
HBQ1	0	AfrAmr	0	0
HBS1L	0	AfrAmr	0	0
HCAR2	0	AfrAmr	0	0
HCFC1	0	AfrAmr	0	0
HCFC2	0	AfrAmr	0	0
HCN2	0	AfrAmr	0	0
HCRTR1	0	AfrAmr	0	0
HCRTR2	0	AfrAmr	0	0
HDAC4	0	AfrAmr	0	0
HDAC5	0	AfrAmr	0	0
HDAC6	0	AfrAmr	0	0
HDAC7	0	AfrAmr	0	0
HDC	0	AfrAmr	0	0
HDGF	0	AfrAmr	0	0
HEATR3	0	AfrAmr	0	0
HEATR4	0	AfrAmr	0	0
HEATR5A	0	AfrAmr	0	0
HECA	0	AfrAmr	0	0
HECTD1	0	AfrAmr	0	0
HECTD2	0	AfrAmr	0	0
HEG1	0	AfrAmr	0	0
HELZ	0	AfrAmr	0	0
HEMGN	0	AfrAmr	0	0
HEMK1	0	AfrAmr	0	0
HEPH	0	AfrAmr	0	0
HEPHL1	0	AfrAmr	0	0
HERC3	0	AfrAmr	0	0
HERC5	0	AfrAmr	0	0
HERC6	0	AfrAmr	0	0
HES2	0	AfrAmr	0	0
HESX1	0	AfrAmr	0	0
HEXDC	0	AfrAmr	0	0
HEXIM1	0	AfrAmr	0	0
HEY2	0	AfrAmr	0	0
HFE2	0	AfrAmr	0	0
HFM1	0	AfrAmr	0	0
HGD	0	AfrAmr	0	0
HGS	0	AfrAmr	0	0
HGSNAT	0	AfrAmr	0	0
HHAT	0	AfrAmr	0	0
HHEX	0	AfrAmr	0	0
HHIP	0	AfrAmr	0	0
HHLA3	0	AfrAmr	0	0
HIAT1	0	AfrAmr	0	0
HIBADH	0	AfrAmr	0	0
HIC2	0	AfrAmr	0	0
HID1	0	AfrAmr	0	0
HIF1A	0	AfrAmr	0	0
HINFP	0	AfrAmr	0	0
HIP1	0	AfrAmr	0	0
HIP1R	0	AfrAmr	0	0
HIPK1	0	AfrAmr	0	0
HIPK2	0	AfrAmr	0	0
HIPK4	0	AfrAmr	0	0
HIRIP3	0	AfrAmr	0	0
HIST1H1A	0	AfrAmr	0	0
HIST1H1B	0	AfrAmr	0	0
HIST1H1C	0	AfrAmr	0	0
HIST1H2AA	0	AfrAmr	0	0
HIST1H2AE	0	AfrAmr	0	0
HIST1H2BF	0	AfrAmr	0	0
HIST1H2BH	0	AfrAmr	0	0
HIST1H2BI	0	AfrAmr	0	0
HIST1H2BJ	0	AfrAmr	0	0
HIST1H3B	0	AfrAmr	0	0
HIST1H3G	0	AfrAmr	0	0
HIST1H3J	0	AfrAmr	0	0
HIST1H4D	0	AfrAmr	0	0
HIST1H4G	0	AfrAmr	0	0
HIVEP2	0	AfrAmr	0	0
HK1	0	AfrAmr	0	0
HK2	0	AfrAmr	0	0
HLA-A	0	AfrAmr	0	0
HLA-DPA1	0	AfrAmr	0	0
HLA-DRB1	0	AfrAmr	0	0
HLA-F	0	AfrAmr	0	0
HLA-G	0	AfrAmr	0	0
HMG20A	0	AfrAmr	0	0
HMG20B	0	AfrAmr	0	0
HMGCLL1	0	AfrAmr	0	0
HMGXB4	0	AfrAmr	0	0
HMHA1	0	AfrAmr	0	0
HMMR	0	AfrAmr	0	0
HNF1A	0	AfrAmr	0	0
HNRNPA0	0	AfrAmr	0	0
HNRNPA1L2	0	AfrAmr	0	0
HNRNPC	0	AfrAmr	0	0
HNRNPCL2	0	AfrAmr	0	0
HNRNPF	0	AfrAmr	0	0
HNRNPH1	0	AfrAmr	0	0
HNRNPH3	0	AfrAmr	0	0
HNRNPK	0	AfrAmr	0	0
HNRNPM	0	AfrAmr	0	0
HNRNPU	0	AfrAmr	0	0
HNRNPUL1	0	AfrAmr	0	0
HNRNPUL2	0	AfrAmr	0	0
HOGA1	0	AfrAmr	0	0
HOMER1	0	AfrAmr	0	0
HOOK2	0	AfrAmr	0	0
HOXA11	0	AfrAmr	0	0
HOXA13	0	AfrAmr	0	0
HOXA2	0	AfrAmr	0	0
HOXA5	0	AfrAmr	0	0
HOXB1	0	AfrAmr	0	0
HOXB5	0	AfrAmr	0	0
HOXB8	0	AfrAmr	0	0
HOXB9	0	AfrAmr	0	0
HOXC13	0	AfrAmr	0	0
HOXC4	0	AfrAmr	0	0
HOXC5	0	AfrAmr	0	0
HOXC9	0	AfrAmr	0	0
HOXD12	0	AfrAmr	0	0
HOXD13	0	AfrAmr	0	0
HOXD4	0	AfrAmr	0	0
HOXD9	0	AfrAmr	0	0
HPCAL4	0	AfrAmr	0	0
HPD	0	AfrAmr	0	0
HPGDS	0	AfrAmr	0	0
HPN	0	AfrAmr	0	0
HPR	0	AfrAmr	0	0
HPS1	0	AfrAmr	0	0
HPS3	0	AfrAmr	0	0
HPS4	0	AfrAmr	0	0
HPS5	0	AfrAmr	0	0
HRAS	0	AfrAmr	0	0
HRASLS2	0	AfrAmr	0	0
HRH2	0	AfrAmr	0	0
HS3ST1	0	AfrAmr	0	0
HS6ST1	0	AfrAmr	0	0
HSD11B1	0	AfrAmr	0	0
HSD17B11	0	AfrAmr	0	0
HSD17B12	0	AfrAmr	0	0
HSD17B2	0	AfrAmr	0	0
HSD17B3	0	AfrAmr	0	0
HSD17B4	0	AfrAmr	0	0
HSD17B6	0	AfrAmr	0	0
HSD3B1	0	AfrAmr	0	0
HSD3B7	0	AfrAmr	0	0
HSF2	0	AfrAmr	0	0
HSF5	0	AfrAmr	0	0
HSFX2	0	AfrAmr	0	0
HSPA12A	0	AfrAmr	0	0
HSPA13	0	AfrAmr	0	0
HSPA1A	0	AfrAmr	0	0
HSPA2	0	AfrAmr	0	0
HSPA4L	0	AfrAmr	0	0
HSPA5	0	AfrAmr	0	0
HSPA9	0	AfrAmr	0	0
HSPB11	0	AfrAmr	0	0
HSPB8	0	AfrAmr	0	0
HSPBAP1	0	AfrAmr	0	0
HSPBP1	0	AfrAmr	0	0
HSPD1	0	AfrAmr	0	0
HSPH1	0	AfrAmr	0	0
HTATIP2	0	AfrAmr	0	0
HTATSF1	0	AfrAmr	0	0
HTR1A	0	AfrAmr	0	0
HTR1D	0	AfrAmr	0	0
HTR1F	0	AfrAmr	0	0
HTR2B	0	AfrAmr	0	0
HTR3A	0	AfrAmr	0	0
HTR3B	0	AfrAmr	0	0
HTR3C	0	AfrAmr	0	0
HTR3E	0	AfrAmr	0	0
HTR4	0	AfrAmr	0	0
HTR6	0	AfrAmr	0	0
HTR7	0	AfrAmr	0	0
HTRA2	0	AfrAmr	0	0
HTRA3	0	AfrAmr	0	0
HTT	0	AfrAmr	0	0
HUS1	0	AfrAmr	0	0
HUS1B	0	AfrAmr	0	0
HUWE1	0	AfrAmr	0	0
HYAL1	0	AfrAmr	0	0
HYAL2	0	AfrAmr	0	0
HYAL4	0	AfrAmr	0	0
HYKK	0	AfrAmr	0	0
HYOU1	0	AfrAmr	0	0
HZGJ	0	AfrAmr	0	0
IAH1	0	AfrAmr	0	0
IARS	0	AfrAmr	0	0
IBA57	0	AfrAmr	0	0
ICA1	0	AfrAmr	0	0
ICAM1	0	AfrAmr	0	0
ICAM2	0	AfrAmr	0	0
ICAM3	0	AfrAmr	0	0
ICAM5	0	AfrAmr	0	0
ICE1	0	AfrAmr	0	0
ICE2	0	AfrAmr	0	0
IDH1	0	AfrAmr	0	0
IDH2	0	AfrAmr	0	0
IDH3A	0	AfrAmr	0	0
IDH3G	0	AfrAmr	0	0
IDI1	0	AfrAmr	0	0
IDO1	0	AfrAmr	0	0
IDO2	0	AfrAmr	0	0
IER5L	0	AfrAmr	0	0
IFI16	0	AfrAmr	0	0
IFI27	0	AfrAmr	0	0
IFI27L1	0	AfrAmr	0	0
IFI30	0	AfrAmr	0	0
IFIT1	0	AfrAmr	0	0
IFIT3	0	AfrAmr	0	0
IFIT5	0	AfrAmr	0	0
IFNA10	0	AfrAmr	0	0
IFNA16	0	AfrAmr	0	0
IFNAR1	0	AfrAmr	0	0
IFNAR2	0	AfrAmr	0	0
IFNK	0	AfrAmr	0	0
IFNL2	0	AfrAmr	0	0
IFNL3	0	AfrAmr	0	0
IFRD1	0	AfrAmr	0	0
IFT140	0	AfrAmr	0	0
IFT172	0	AfrAmr	0	0
IFT52	0	AfrAmr	0	0
IFT57	0	AfrAmr	0	0
IFT74	0	AfrAmr	0	0
IFT80	0	AfrAmr	0	0
IGF1R	0	AfrAmr	0	0
IGF2BP1	0	AfrAmr	0	0
IGF2BP2	0	AfrAmr	0	0
IGFALS	0	AfrAmr	0	0
IGFBP2	0	AfrAmr	0	0
IGFBP4	0	AfrAmr	0	0
IGFBP5	0	AfrAmr	0	0
IGHA1	0	AfrAmr	0	0
IGHG1	0	AfrAmr	0	0
IGHG2	0	AfrAmr	0	0
IGHG3	0	AfrAmr	0	0
IGHMBP2	0	AfrAmr	0	0
IGHV1OR21-1	0	AfrAmr	0	0
IGHV3-23	0	AfrAmr	0	0
IGHV3-30	0	AfrAmr	0	0
IGHV3-35	0	AfrAmr	0	0
IGHV3-53	0	AfrAmr	0	0
IGHV3OR16-8	0	AfrAmr	0	0
IGHV4-31	0	AfrAmr	0	0
IGHV4-39	0	AfrAmr	0	0
IGHV7-81	0	AfrAmr	0	0
IGKV1-33	0	AfrAmr	0	0
IGKV1-6	0	AfrAmr	0	0
IGKV1D-33	0	AfrAmr	0	0
IGKV1D-43	0	AfrAmr	0	0
IGKV2D-29	0	AfrAmr	0	0
IGKV3-11	0	AfrAmr	0	0
IGKV4-1	0	AfrAmr	0	0
IGKV6D-21	0	AfrAmr	0	0
IGKV6D-41	0	AfrAmr	0	0
IGLC7	0	AfrAmr	0	0
IGLV2-23	0	AfrAmr	0	0
IGLV3-22	0	AfrAmr	0	0
IGLV3-27	0	AfrAmr	0	0
IGLV5-48	0	AfrAmr	0	0
IGSF1	0	AfrAmr	0	0
IGSF3	0	AfrAmr	0	0
IGSF5	0	AfrAmr	0	0
IGSF9	0	AfrAmr	0	0
IGSF9B	0	AfrAmr	0	0
IKBKAP	0	AfrAmr	0	0
IKBKE	0	AfrAmr	0	0
IKZF1	0	AfrAmr	0	0
IKZF3	0	AfrAmr	0	0
IL10RA	0	AfrAmr	0	0
IL10RB	0	AfrAmr	0	0
IL16	0	AfrAmr	0	0
IL17RA	0	AfrAmr	0	0
IL17RC	0	AfrAmr	0	0
IL17RD	0	AfrAmr	0	0
IL1R2	0	AfrAmr	0	0
IL1RAP	0	AfrAmr	0	0
IL1RAPL2	0	AfrAmr	0	0
IL1RL2	0	AfrAmr	0	0
IL21R	0	AfrAmr	0	0
IL26	0	AfrAmr	0	0
IL2RB	0	AfrAmr	0	0
IL32	0	AfrAmr	0	0
IL33	0	AfrAmr	0	0
IL4I1	0	AfrAmr	0	0
IL6	0	AfrAmr	0	0
IL6R	0	AfrAmr	0	0
IL6ST	0	AfrAmr	0	0
IL7	0	AfrAmr	0	0
IL7R	0	AfrAmr	0	0
IL9	0	AfrAmr	0	0
ILF2	0	AfrAmr	0	0
ILF3	0	AfrAmr	0	0
ILVBL	0	AfrAmr	0	0
IMMT	0	AfrAmr	0	0
IMPA2	0	AfrAmr	0	0
IMPACT	0	AfrAmr	0	0
IMPDH1	0	AfrAmr	0	0
IMPG1	0	AfrAmr	0	0
INA	0	AfrAmr	0	0
INCA1	0	AfrAmr	0	0
INF2	0	AfrAmr	0	0
ING2	0	AfrAmr	0	0
ING5	0	AfrAmr	0	0
INHBC	0	AfrAmr	0	0
INMT	0	AfrAmr	0	0
INO80	0	AfrAmr	0	0
INO80B	0	AfrAmr	0	0
INO80C	0	AfrAmr	0	0
INO80D	0	AfrAmr	0	0
INO80E	0	AfrAmr	0	0
INPP1	0	AfrAmr	0	0
INPP5A	0	AfrAmr	0	0
INPP5E	0	AfrAmr	0	0
INPPL1	0	AfrAmr	0	0
INSC	0	AfrAmr	0	0
INSIG1	0	AfrAmr	0	0
INSL6	0	AfrAmr	0	0
INSM2	0	AfrAmr	0	0
INSR	0	AfrAmr	0	0
INSRR	0	AfrAmr	0	0
INTS10	0	AfrAmr	0	0
INTS4	0	AfrAmr	0	0
INTS5	0	AfrAmr	0	0
INTS7	0	AfrAmr	0	0
INTS8	0	AfrAmr	0	0
INTU	0	AfrAmr	0	0
IP6K1	0	AfrAmr	0	0
IPO4	0	AfrAmr	0	0
IPO8	0	AfrAmr	0	0
IQCA1	0	AfrAmr	0	0
IQCB1	0	AfrAmr	0	0
IQCF1	0	AfrAmr	0	0
IQCG	0	AfrAmr	0	0
IQCH	0	AfrAmr	0	0
IQCJ-SCHIP1	0	AfrAmr	0	0
IQCK	0	AfrAmr	0	0
IQGAP2	0	AfrAmr	0	0
IQGAP3	0	AfrAmr	0	0
IQSEC1	0	AfrAmr	0	0
IQSEC3	0	AfrAmr	0	0
IQUB	0	AfrAmr	0	0
IRAK1BP1	0	AfrAmr	0	0
IRAK4	0	AfrAmr	0	0
IREB2	0	AfrAmr	0	0
IRF1	0	AfrAmr	0	0
IRF2BP1	0	AfrAmr	0	0
IRF2BP2	0	AfrAmr	0	0
IRF2BPL	0	AfrAmr	0	0
IRF3	0	AfrAmr	0	0
IRF6	0	AfrAmr	0	0
IRF9	0	AfrAmr	0	0
IRGQ	0	AfrAmr	0	0
IRX1	0	AfrAmr	0	0
IRX2	0	AfrAmr	0	0
IRX5	0	AfrAmr	0	0
ISCA2	0	AfrAmr	0	0
ISG20L2	0	AfrAmr	0	0
ISLR	0	AfrAmr	0	0
ISM2	0	AfrAmr	0	0
ISOC2	0	AfrAmr	0	0
ISYNA1	0	AfrAmr	0	0
ITGA10	0	AfrAmr	0	0
ITGA3	0	AfrAmr	0	0
ITGA5	0	AfrAmr	0	0
ITGA8	0	AfrAmr	0	0
ITGAD	0	AfrAmr	0	0
ITGAM	0	AfrAmr	0	0
ITGAV	0	AfrAmr	0	0
ITGB3	0	AfrAmr	0	0
ITGB3BP	0	AfrAmr	0	0
ITGB5	0	AfrAmr	0	0
ITGB7	0	AfrAmr	0	0
ITGB8	0	AfrAmr	0	0
ITIH2	0	AfrAmr	0	0
ITIH3	0	AfrAmr	0	0
ITIH6	0	AfrAmr	0	0
ITLN1	0	AfrAmr	0	0
ITLN2	0	AfrAmr	0	0
ITM2B	0	AfrAmr	0	0
ITPRIP	0	AfrAmr	0	0
ITPRIPL1	0	AfrAmr	0	0
IVNS1ABP	0	AfrAmr	0	0
IWS1	0	AfrAmr	0	0
IYD	0	AfrAmr	0	0
IZUMO4	0	AfrAmr	0	0
JADE2	0	AfrAmr	0	0
JAG2	0	AfrAmr	0	0
JAKMIP2	0	AfrAmr	0	0
JAM2	0	AfrAmr	0	0
JARID2	0	AfrAmr	0	0
JKAMP	0	AfrAmr	0	0
JMJD1C	0	AfrAmr	0	0
JOSD2	0	AfrAmr	0	0
JPH1	0	AfrAmr	0	0
JPH2	0	AfrAmr	0	0
JPH3	0	AfrAmr	0	0
JPH4	0	AfrAmr	0	0
JRK	0	AfrAmr	0	0
JTB	0	AfrAmr	0	0
JUNB	0	AfrAmr	0	0
JUND	0	AfrAmr	0	0
JUP	0	AfrAmr	0	0
KANK1	0	AfrAmr	0	0
KANK4	0	AfrAmr	0	0
KANSL3	0	AfrAmr	0	0
KARS	0	AfrAmr	0	0
KAT2A	0	AfrAmr	0	0
KAT2B	0	AfrAmr	0	0
KAT5	0	AfrAmr	0	0
KAT7	0	AfrAmr	0	0
KATNBL1	0	AfrAmr	0	0
KAZN	0	AfrAmr	0	0
KBTBD3	0	AfrAmr	0	0
KBTBD8	0	AfrAmr	0	0
KCNA10	0	AfrAmr	0	0
KCNA3	0	AfrAmr	0	0
KCNA7	0	AfrAmr	0	0
KCNAB2	0	AfrAmr	0	0
KCNC1	0	AfrAmr	0	0
KCNE2	0	AfrAmr	0	0
KCNE4	0	AfrAmr	0	0
KCNF1	0	AfrAmr	0	0
KCNG2	0	AfrAmr	0	0
KCNG4	0	AfrAmr	0	0
KCNH8	0	AfrAmr	0	0
KCNIP3	0	AfrAmr	0	0
KCNIP4	0	AfrAmr	0	0
KCNJ1	0	AfrAmr	0	0
KCNJ10	0	AfrAmr	0	0
KCNJ11	0	AfrAmr	0	0
KCNJ12	0	AfrAmr	0	0
KCNJ13	0	AfrAmr	0	0
KCNJ14	0	AfrAmr	0	0
KCNJ15	0	AfrAmr	0	0
KCNJ5	0	AfrAmr	0	0
KCNJ8	0	AfrAmr	0	0
KCNK1	0	AfrAmr	0	0
KCNK10	0	AfrAmr	0	0
KCNK13	0	AfrAmr	0	0
KCNK18	0	AfrAmr	0	0
KCNK4	0	AfrAmr	0	0
KCNK6	0	AfrAmr	0	0
KCNMA1	0	AfrAmr	0	0
KCNMB4	0	AfrAmr	0	0
KCNN3	0	AfrAmr	0	0
KCNQ1	0	AfrAmr	0	0
KCNQ2	0	AfrAmr	0	0
KCNQ4	0	AfrAmr	0	0
KCNS1	0	AfrAmr	0	0
KCNS2	0	AfrAmr	0	0
KCNS3	0	AfrAmr	0	0
KCTD1	0	AfrAmr	0	0
KCTD12	0	AfrAmr	0	0
KCTD18	0	AfrAmr	0	0
KCTD3	0	AfrAmr	0	0
KCTD6	0	AfrAmr	0	0
KCTD9	0	AfrAmr	0	0
KDELC1	0	AfrAmr	0	0
KDELR2	0	AfrAmr	0	0
KDM1A	0	AfrAmr	0	0
KDM2A	0	AfrAmr	0	0
KDM2B	0	AfrAmr	0	0
KDM4B	0	AfrAmr	0	0
KDM4D	0	AfrAmr	0	0
KDM4E	0	AfrAmr	0	0
KDM5C	0	AfrAmr	0	0
KDM6B	0	AfrAmr	0	0
KDM7A	0	AfrAmr	0	0
KDM8	0	AfrAmr	0	0
KDSR	0	AfrAmr	0	0
KEAP1	0	AfrAmr	0	0
KERA	0	AfrAmr	0	0
KHDC1	0	AfrAmr	0	0
KHNYN	0	AfrAmr	0	0
KIAA0020	0	AfrAmr	0	0
KIAA0141	0	AfrAmr	0	0
KIAA0195	0	AfrAmr	0	0
KIAA0196	0	AfrAmr	0	0
KIAA0226	0	AfrAmr	0	0
KIAA0226L	0	AfrAmr	0	0
KIAA0232	0	AfrAmr	0	0
KIAA0319	0	AfrAmr	0	0
KIAA0319L	0	AfrAmr	0	0
KIAA0368	0	AfrAmr	0	0
KIAA0391	0	AfrAmr	0	0
KIAA0430	0	AfrAmr	0	0
KIAA0586	0	AfrAmr	0	0
KIAA0895L	0	AfrAmr	0	0
KIAA0907	0	AfrAmr	0	0
KIAA0930	0	AfrAmr	0	0
KIAA1024	0	AfrAmr	0	0
KIAA1109	0	AfrAmr	0	0
KIAA1143	0	AfrAmr	0	0
KIAA1161	0	AfrAmr	0	0
KIAA1217	0	AfrAmr	0	0
KIAA1257	0	AfrAmr	0	0
KIAA1324	0	AfrAmr	0	0
KIAA1324L	0	AfrAmr	0	0
KIAA1407	0	AfrAmr	0	0
KIAA1522	0	AfrAmr	0	0
KIAA1549	0	AfrAmr	0	0
KIAA1598	0	AfrAmr	0	0
KIAA1614	0	AfrAmr	0	0
KIAA1644	0	AfrAmr	0	0
KIAA1683	0	AfrAmr	0	0
KIAA1715	0	AfrAmr	0	0
KIAA1841	0	AfrAmr	0	0
KIAA1919	0	AfrAmr	0	0
KIAA1958	0	AfrAmr	0	0
KIAA2013	0	AfrAmr	0	0
KIAA2018	0	AfrAmr	0	0
KIAA2022	0	AfrAmr	0	0
KIAA2026	0	AfrAmr	0	0
KIF11	0	AfrAmr	0	0
KIF12	0	AfrAmr	0	0
KIF13A	0	AfrAmr	0	0
KIF13B	0	AfrAmr	0	0
KIF15	0	AfrAmr	0	0
KIF18B	0	AfrAmr	0	0
KIF19	0	AfrAmr	0	0
KIF1C	0	AfrAmr	0	0
KIF20B	0	AfrAmr	0	0
KIF21A	0	AfrAmr	0	0
KIF22	0	AfrAmr	0	0
KIF23	0	AfrAmr	0	0
KIF27	0	AfrAmr	0	0
KIF2B	0	AfrAmr	0	0
KIF5A	0	AfrAmr	0	0
KIF6	0	AfrAmr	0	0
KIF9	0	AfrAmr	0	0
KIFAP3	0	AfrAmr	0	0
KIFC3	0	AfrAmr	0	0
KIR2DL1	0	AfrAmr	0	0
KIR2DS4	0	AfrAmr	0	0
KIRREL	0	AfrAmr	0	0
KIRREL2	0	AfrAmr	0	0
KIRREL3	0	AfrAmr	0	0
KISS1	0	AfrAmr	0	0
KIT	0	AfrAmr	0	0
KIZ	0	AfrAmr	0	0
KLC1	0	AfrAmr	0	0
KLC2	0	AfrAmr	0	0
KLF10	0	AfrAmr	0	0
KLF11	0	AfrAmr	0	0
KLF14	0	AfrAmr	0	0
KLF15	0	AfrAmr	0	0
KLF17	0	AfrAmr	0	0
KLF5	0	AfrAmr	0	0
KLF6	0	AfrAmr	0	0
KLHDC3	0	AfrAmr	0	0
KLHDC4	0	AfrAmr	0	0
KLHDC7A	0	AfrAmr	0	0
KLHDC7B	0	AfrAmr	0	0
KLHL10	0	AfrAmr	0	0
KLHL12	0	AfrAmr	0	0
KLHL18	0	AfrAmr	0	0
KLHL20	0	AfrAmr	0	0
KLHL22	0	AfrAmr	0	0
KLHL23	0	AfrAmr	0	0
KLHL24	0	AfrAmr	0	0
KLHL26	0	AfrAmr	0	0
KLHL30	0	AfrAmr	0	0
KLHL31	0	AfrAmr	0	0
KLHL32	0	AfrAmr	0	0
KLHL34	0	AfrAmr	0	0
KLHL6	0	AfrAmr	0	0
KLHL9	0	AfrAmr	0	0
KLK13	0	AfrAmr	0	0
KLK14	0	AfrAmr	0	0
KLK3	0	AfrAmr	0	0
KLK7	0	AfrAmr	0	0
KLRG2	0	AfrAmr	0	0
KMO	0	AfrAmr	0	0
KNTC1	0	AfrAmr	0	0
KPNA6	0	AfrAmr	0	0
KPRP	0	AfrAmr	0	0
KPTN	0	AfrAmr	0	0
KRBA1	0	AfrAmr	0	0
KRBA2	0	AfrAmr	0	0
KRCC1	0	AfrAmr	0	0
KREMEN1	0	AfrAmr	0	0
KRI1	0	AfrAmr	0	0
KRIT1	0	AfrAmr	0	0
KRT1	0	AfrAmr	0	0
KRT16	0	AfrAmr	0	0
KRT17	0	AfrAmr	0	0
KRT19	0	AfrAmr	0	0
KRT2	0	AfrAmr	0	0
KRT20	0	AfrAmr	0	0
KRT25	0	AfrAmr	0	0
KRT27	0	AfrAmr	0	0
KRT28	0	AfrAmr	0	0
KRT3	0	AfrAmr	0	0
KRT31	0	AfrAmr	0	0
KRT33A	0	AfrAmr	0	0
KRT40	0	AfrAmr	0	0
KRT5	0	AfrAmr	0	0
KRT7	0	AfrAmr	0	0
KRT79	0	AfrAmr	0	0
KRT80	0	AfrAmr	0	0
KRT82	0	AfrAmr	0	0
KRT86	0	AfrAmr	0	0
KRTAP10-12	0	AfrAmr	0	0
KRTAP10-4	0	AfrAmr	0	0
KRTAP10-8	0	AfrAmr	0	0
KRTAP12-2	0	AfrAmr	0	0
KRTAP13-2	0	AfrAmr	0	0
KRTAP13-4	0	AfrAmr	0	0
KRTAP15-1	0	AfrAmr	0	0
KRTAP17-1	0	AfrAmr	0	0
KRTAP19-1	0	AfrAmr	0	0
KRTAP19-8	0	AfrAmr	0	0
KRTAP20-2	0	AfrAmr	0	0
KRTAP21-1	0	AfrAmr	0	0
KRTAP4-5	0	AfrAmr	0	0
KRTAP4-9	0	AfrAmr	0	0
KRTAP5-6	0	AfrAmr	0	0
KSR1	0	AfrAmr	0	0
KTI12	0	AfrAmr	0	0
KTN1	0	AfrAmr	0	0
KYNU	0	AfrAmr	0	0
L2HGDH	0	AfrAmr	0	0
L3MBTL1	0	AfrAmr	0	0
L3MBTL2	0	AfrAmr	0	0
L3MBTL4	0	AfrAmr	0	0
LACC1	0	AfrAmr	0	0
LAIR2	0	AfrAmr	0	0
LAMA3	0	AfrAmr	0	0
LAMA5	0	AfrAmr	0	0
LAMB1	0	AfrAmr	0	0
LAMB4	0	AfrAmr	0	0
LAMC2	0	AfrAmr	0	0
LAMC3	0	AfrAmr	0	0
LAMTOR3	0	AfrAmr	0	0
LAMTOR5	0	AfrAmr	0	0
LANCL1	0	AfrAmr	0	0
LAPTM4B	0	AfrAmr	0	0
LAPTM5	0	AfrAmr	0	0
LARGE	0	AfrAmr	0	0
LARP1	0	AfrAmr	0	0
LARP1B	0	AfrAmr	0	0
LARP4	0	AfrAmr	0	0
LARS	0	AfrAmr	0	0
LAX1	0	AfrAmr	0	0
LBH	0	AfrAmr	0	0
LBR	0	AfrAmr	0	0
LCA5	0	AfrAmr	0	0
LCE1C	0	AfrAmr	0	0
LCE1F	0	AfrAmr	0	0
LCE3A	0	AfrAmr	0	0
LCK	0	AfrAmr	0	0
LCLAT1	0	AfrAmr	0	0
LCMT1	0	AfrAmr	0	0
LCN9	0	AfrAmr	0	0
LCORL	0	AfrAmr	0	0
LCTL	0	AfrAmr	0	0
LDB1	0	AfrAmr	0	0
LDHB	0	AfrAmr	0	0
LDLRAD1	0	AfrAmr	0	0
LDLRAP1	0	AfrAmr	0	0
LDOC1	0	AfrAmr	0	0
LDOC1L	0	AfrAmr	0	0
LECT2	0	AfrAmr	0	0
LEF1	0	AfrAmr	0	0
LEFTY2	0	AfrAmr	0	0
LEMD1	0	AfrAmr	0	0
LEMD2	0	AfrAmr	0	0
LEMD3	0	AfrAmr	0	0
LENG8	0	AfrAmr	0	0
LETM1	0	AfrAmr	0	0
LFNG	0	AfrAmr	0	0
LGALS3	0	AfrAmr	0	0
LGALS4	0	AfrAmr	0	0
LGALS9	0	AfrAmr	0	0
LGALS9B	0	AfrAmr	0	0
LGI4	0	AfrAmr	0	0
LGR5	0	AfrAmr	0	0
LGSN	0	AfrAmr	0	0
LHFPL5	0	AfrAmr	0	0
LHX3	0	AfrAmr	0	0
LHX6	0	AfrAmr	0	0
LIF	0	AfrAmr	0	0
LIFR	0	AfrAmr	0	0
LIG4	0	AfrAmr	0	0
LILRA4	0	AfrAmr	0	0
LILRA5	0	AfrAmr	0	0
LILRB2	0	AfrAmr	0	0
LILRB5	0	AfrAmr	0	0
LIM2	0	AfrAmr	0	0
LIMA1	0	AfrAmr	0	0
LIMD1	0	AfrAmr	0	0
LIMK1	0	AfrAmr	0	0
LIMK2	0	AfrAmr	0	0
LIMS2	0	AfrAmr	0	0
LIN37	0	AfrAmr	0	0
LIN9	0	AfrAmr	0	0
LINGO3	0	AfrAmr	0	0
LINGO4	0	AfrAmr	0	0
LIPA	0	AfrAmr	0	0
LIPE	0	AfrAmr	0	0
LIPF	0	AfrAmr	0	0
LIPG	0	AfrAmr	0	0
LIPH	0	AfrAmr	0	0
LIPJ	0	AfrAmr	0	0
LIX1	0	AfrAmr	0	0
LLGL1	0	AfrAmr	0	0
LLGL2	0	AfrAmr	0	0
LMAN1	0	AfrAmr	0	0
LMAN2	0	AfrAmr	0	0
LMBRD2	0	AfrAmr	0	0
LMCD1	0	AfrAmr	0	0
LMF1	0	AfrAmr	0	0
LMNB2	0	AfrAmr	0	0
LMNTD1	0	AfrAmr	0	0
LMO1	0	AfrAmr	0	0
LMO7	0	AfrAmr	0	0
LMOD1	0	AfrAmr	0	0
LMOD3	0	AfrAmr	0	0
LMTK2	0	AfrAmr	0	0
LMTK3	0	AfrAmr	0	0
LMX1B	0	AfrAmr	0	0
LNP1	0	AfrAmr	0	0
LONP2	0	AfrAmr	0	0
LONRF2	0	AfrAmr	0	0
LOXL2	0	AfrAmr	0	0
LOXL3	0	AfrAmr	0	0
LOXL4	0	AfrAmr	0	0
LPAR1	0	AfrAmr	0	0
LPAR2	0	AfrAmr	0	0
LPAR4	0	AfrAmr	0	0
LPAR5	0	AfrAmr	0	0
LPCAT4	0	AfrAmr	0	0
LPIN1	0	AfrAmr	0	0
LPIN2	0	AfrAmr	0	0
LPL	0	AfrAmr	0	0
LPO	0	AfrAmr	0	0
LPP	0	AfrAmr	0	0
LRCH4	0	AfrAmr	0	0
LRFN2	0	AfrAmr	0	0
LRFN3	0	AfrAmr	0	0
LRG1	0	AfrAmr	0	0
LRGUK	0	AfrAmr	0	0
LRIG1	0	AfrAmr	0	0
LRIG2	0	AfrAmr	0	0
LRIG3	0	AfrAmr	0	0
LRIT1	0	AfrAmr	0	0
LRIT2	0	AfrAmr	0	0
LRMP	0	AfrAmr	0	0
LRP10	0	AfrAmr	0	0
LRP12	0	AfrAmr	0	0
LRP5	0	AfrAmr	0	0
LRP5L	0	AfrAmr	0	0
LRP6	0	AfrAmr	0	0
LRP8	0	AfrAmr	0	0
LRPPRC	0	AfrAmr	0	0
LRRC14	0	AfrAmr	0	0
LRRC14B	0	AfrAmr	0	0
LRRC16A	0	AfrAmr	0	0
LRRC16B	0	AfrAmr	0	0
LRRC18	0	AfrAmr	0	0
LRRC25	0	AfrAmr	0	0
LRRC30	0	AfrAmr	0	0
LRRC37A	0	AfrAmr	0	0
LRRC37B	0	AfrAmr	0	0
LRRC39	0	AfrAmr	0	0
LRRC46	0	AfrAmr	0	0
LRRC47	0	AfrAmr	0	0
LRRC48	0	AfrAmr	0	0
LRRC49	0	AfrAmr	0	0
LRRC4B	0	AfrAmr	0	0
LRRC52	0	AfrAmr	0	0
LRRC55	0	AfrAmr	0	0
LRRC59	0	AfrAmr	0	0
LRRC66	0	AfrAmr	0	0
LRRC71	0	AfrAmr	0	0
LRRC75A	0	AfrAmr	0	0
LRRC8B	0	AfrAmr	0	0
LRRC8C	0	AfrAmr	0	0
LRRC8D	0	AfrAmr	0	0
LRRC8E	0	AfrAmr	0	0
LRRFIP1	0	AfrAmr	0	0
LRRIQ1	0	AfrAmr	0	0
LRRIQ4	0	AfrAmr	0	0
LRRN1	0	AfrAmr	0	0
LRRN4	0	AfrAmr	0	0
LRRTM1	0	AfrAmr	0	0
LRRTM3	0	AfrAmr	0	0
LRSAM1	0	AfrAmr	0	0
LRWD1	0	AfrAmr	0	0
LSAMP	0	AfrAmr	0	0
LSM11	0	AfrAmr	0	0
LSMEM1	0	AfrAmr	0	0
LSP1	0	AfrAmr	0	0
LST1	0	AfrAmr	0	0
LTB	0	AfrAmr	0	0
LTB4R2	0	AfrAmr	0	0
LTBP3	0	AfrAmr	0	0
LTF	0	AfrAmr	0	0
LUM	0	AfrAmr	0	0
LURAP1L	0	AfrAmr	0	0
LUZP1	0	AfrAmr	0	0
LY6E	0	AfrAmr	0	0
LY6H	0	AfrAmr	0	0
LY6K	0	AfrAmr	0	0
LY75-CD302	0	AfrAmr	0	0
LY96	0	AfrAmr	0	0
LYG2	0	AfrAmr	0	0
LYPD1	0	AfrAmr	0	0
LYRM4	0	AfrAmr	0	0
LYSMD4	0	AfrAmr	0	0
LYST	0	AfrAmr	0	0
LZIC	0	AfrAmr	0	0
LZTR1	0	AfrAmr	0	0
LZTS3	0	AfrAmr	0	0
M1AP	0	AfrAmr	0	0
MAATS1	0	AfrAmr	0	0
MAB21L1	0	AfrAmr	0	0
MAB21L2	0	AfrAmr	0	0
MACC1	0	AfrAmr	0	0
MACROD1	0	AfrAmr	0	0
MACROD2	0	AfrAmr	0	0
MAD1L1	0	AfrAmr	0	0
MAD2L1	0	AfrAmr	0	0
MADD	0	AfrAmr	0	0
MAEA	0	AfrAmr	0	0
MAEL	0	AfrAmr	0	0
MAF	0	AfrAmr	0	0
MAFF	0	AfrAmr	0	0
MAGEA11	0	AfrAmr	0	0
MAGEA3	0	AfrAmr	0	0
MAGEA6	0	AfrAmr	0	0
MAGEA8	0	AfrAmr	0	0
MAGEB4	0	AfrAmr	0	0
MAGEC1	0	AfrAmr	0	0
MAGEC3	0	AfrAmr	0	0
MAGEE1	0	AfrAmr	0	0
MAGI1	0	AfrAmr	0	0
MAGI3	0	AfrAmr	0	0
MAGIX	0	AfrAmr	0	0
MAGOHB	0	AfrAmr	0	0
MAK16	0	AfrAmr	0	0
MAL2	0	AfrAmr	0	0
MALSU1	0	AfrAmr	0	0
MALT1	0	AfrAmr	0	0
MAMDC2	0	AfrAmr	0	0
MAMDC4	0	AfrAmr	0	0
MAML3	0	AfrAmr	0	0
MAMLD1	0	AfrAmr	0	0
MAN1A2	0	AfrAmr	0	0
MAN2A1	0	AfrAmr	0	0
MAN2A2	0	AfrAmr	0	0
MAN2C1	0	AfrAmr	0	0
MANBA	0	AfrAmr	0	0
MANSC1	0	AfrAmr	0	0
MAP10	0	AfrAmr	0	0
MAP1A	0	AfrAmr	0	0
MAP1LC3B2	0	AfrAmr	0	0
MAP1LC3C	0	AfrAmr	0	0
MAP1S	0	AfrAmr	0	0
MAP2K1	0	AfrAmr	0	0
MAP2K2	0	AfrAmr	0	0
MAP3K1	0	AfrAmr	0	0
MAP3K12	0	AfrAmr	0	0
MAP3K13	0	AfrAmr	0	0
MAP3K15	0	AfrAmr	0	0
MAP3K2	0	AfrAmr	0	0
MAP3K7CL	0	AfrAmr	0	0
MAP3K8	0	AfrAmr	0	0
MAP3K9	0	AfrAmr	0	0
MAP4	0	AfrAmr	0	0
MAP4K1	0	AfrAmr	0	0
MAP4K3	0	AfrAmr	0	0
MAP7	0	AfrAmr	0	0
MAP7D2	0	AfrAmr	0	0
MAPK12	0	AfrAmr	0	0
MAPK15	0	AfrAmr	0	0
MAPK6	0	AfrAmr	0	0
MAPK7	0	AfrAmr	0	0
MAPK8	0	AfrAmr	0	0
MAPK8IP1	0	AfrAmr	0	0
MAPK8IP2	0	AfrAmr	0	0
MAPK9	0	AfrAmr	0	0
MAPKAPK3	0	AfrAmr	0	0
MAPKBP1	0	AfrAmr	0	0
MAPRE1	0	AfrAmr	0	0
MAPRE2	0	AfrAmr	0	0
MARCH10	0	AfrAmr	0	0
MARCH11	0	AfrAmr	0	0
MARCH2	0	AfrAmr	0	0
MARCH6	0	AfrAmr	0	0
MARCH9	0	AfrAmr	0	0
MARCO	0	AfrAmr	0	0
MARK3	0	AfrAmr	0	0
MARK4	0	AfrAmr	0	0
MARS2	0	AfrAmr	0	0
MASP1	0	AfrAmr	0	0
MASP2	0	AfrAmr	0	0
MAST2	0	AfrAmr	0	0
MAST3	0	AfrAmr	0	0
MASTL	0	AfrAmr	0	0
MATK	0	AfrAmr	0	0
MATR3	0	AfrAmr	0	0
MAU2	0	AfrAmr	0	0
MAVS	0	AfrAmr	0	0
MB21D2	0	AfrAmr	0	0
MBD1	0	AfrAmr	0	0
MBD2	0	AfrAmr	0	0
MBD3	0	AfrAmr	0	0
MBD3L1	0	AfrAmr	0	0
MBD5	0	AfrAmr	0	0
MBLAC2	0	AfrAmr	0	0
MBNL1	0	AfrAmr	0	0
MBOAT1	0	AfrAmr	0	0
MC3R	0	AfrAmr	0	0
MC4R	0	AfrAmr	0	0
MC5R	0	AfrAmr	0	0
MCAM	0	AfrAmr	0	0
MCAT	0	AfrAmr	0	0
MCC	0	AfrAmr	0	0
MCCC1	0	AfrAmr	0	0
MCCC2	0	AfrAmr	0	0
MCEE	0	AfrAmr	0	0
MCHR2	0	AfrAmr	0	0
MCL1	0	AfrAmr	0	0
MCM5	0	AfrAmr	0	0
MCM8	0	AfrAmr	0	0
MCMBP	0	AfrAmr	0	0
MCMDC2	0	AfrAmr	0	0
MCOLN1	0	AfrAmr	0	0
MCOLN2	0	AfrAmr	0	0
MCOLN3	0	AfrAmr	0	0
MCPH1	0	AfrAmr	0	0
MCTP2	0	AfrAmr	0	0
MDH1B	0	AfrAmr	0	0
MDK	0	AfrAmr	0	0
MDP1	0	AfrAmr	0	0
MDS2	0	AfrAmr	0	0
ME2	0	AfrAmr	0	0
MECOM	0	AfrAmr	0	0
MED10	0	AfrAmr	0	0
MED12	0	AfrAmr	0	0
MED13	0	AfrAmr	0	0
MED15	0	AfrAmr	0	0
MED17	0	AfrAmr	0	0
MED20	0	AfrAmr	0	0
MED22	0	AfrAmr	0	0
MED23	0	AfrAmr	0	0
MED25	0	AfrAmr	0	0
MED26	0	AfrAmr	0	0
MED29	0	AfrAmr	0	0
MED31	0	AfrAmr	0	0
MED8	0	AfrAmr	0	0
MED9	0	AfrAmr	0	0
MEDAG	0	AfrAmr	0	0
MEF2A	0	AfrAmr	0	0
MEGF10	0	AfrAmr	0	0
MEGF9	0	AfrAmr	0	0
MEI1	0	AfrAmr	0	0
MEIOB	0	AfrAmr	0	0
MEIS2	0	AfrAmr	0	0
MEOX1	0	AfrAmr	0	0
MEP1A	0	AfrAmr	0	0
MERTK	0	AfrAmr	0	0
MET	0	AfrAmr	0	0
METAP1D	0	AfrAmr	0	0
METTL13	0	AfrAmr	0	0
METTL2A	0	AfrAmr	0	0
METTL2B	0	AfrAmr	0	0
METTL6	0	AfrAmr	0	0
METTL7B	0	AfrAmr	0	0
MEX3A	0	AfrAmr	0	0
MFAP2	0	AfrAmr	0	0
MFAP3	0	AfrAmr	0	0
MFAP4	0	AfrAmr	0	0
MFF	0	AfrAmr	0	0
MFN1	0	AfrAmr	0	0
MFN2	0	AfrAmr	0	0
MFRP	0	AfrAmr	0	0
MFSD11	0	AfrAmr	0	0
MFSD12	0	AfrAmr	0	0
MFSD2B	0	AfrAmr	0	0
MFSD6	0	AfrAmr	0	0
MFSD6L	0	AfrAmr	0	0
MFSD9	0	AfrAmr	0	0
MGAT1	0	AfrAmr	0	0
MGAT2	0	AfrAmr	0	0
MGAT3	0	AfrAmr	0	0
MGAT4B	0	AfrAmr	0	0
MGAT5	0	AfrAmr	0	0
MGAT5B	0	AfrAmr	0	0
MGEA5	0	AfrAmr	0	0
MGRN1	0	AfrAmr	0	0
MGST2	0	AfrAmr	0	0
MIA	0	AfrAmr	0	0
MIA3	0	AfrAmr	0	0
MICAL1	0	AfrAmr	0	0
MICAL2	0	AfrAmr	0	0
MICAL3	0	AfrAmr	0	0
MICALCL	0	AfrAmr	0	0
MICALL1	0	AfrAmr	0	0
MICALL2	0	AfrAmr	0	0
MICU2	0	AfrAmr	0	0
MID1	0	AfrAmr	0	0
MID1IP1	0	AfrAmr	0	0
MID2	0	AfrAmr	0	0
MIER2	0	AfrAmr	0	0
MIER3	0	AfrAmr	0	0
MINK1	0	AfrAmr	0	0
MIPOL1	0	AfrAmr	0	0
MIS18A	0	AfrAmr	0	0
MIS18BP1	0	AfrAmr	0	0
MITD1	0	AfrAmr	0	0
MITF	0	AfrAmr	0	0
MIXL1	0	AfrAmr	0	0
MKL2	0	AfrAmr	0	0
MKLN1	0	AfrAmr	0	0
MKNK2	0	AfrAmr	0	0
MKRN1	0	AfrAmr	0	0
MKRN2	0	AfrAmr	0	0
MLH1	0	AfrAmr	0	0
MLH3	0	AfrAmr	0	0
MLIP	0	AfrAmr	0	0
MLKL	0	AfrAmr	0	0
MLLT1	0	AfrAmr	0	0
MLLT10	0	AfrAmr	0	0
MLN	0	AfrAmr	0	0
MLNR	0	AfrAmr	0	0
MLPH	0	AfrAmr	0	0
MLST8	0	AfrAmr	0	0
MLXIP	0	AfrAmr	0	0
MMD2	0	AfrAmr	0	0
MME	0	AfrAmr	0	0
MMP10	0	AfrAmr	0	0
MMP11	0	AfrAmr	0	0
MMP13	0	AfrAmr	0	0
MMP14	0	AfrAmr	0	0
MMP15	0	AfrAmr	0	0
MMP16	0	AfrAmr	0	0
MMP17	0	AfrAmr	0	0
MMP21	0	AfrAmr	0	0
MMP24	0	AfrAmr	0	0
MMP26	0	AfrAmr	0	0
MMP28	0	AfrAmr	0	0
MMP7	0	AfrAmr	0	0
MMP8	0	AfrAmr	0	0
MMRN1	0	AfrAmr	0	0
MMS19	0	AfrAmr	0	0
MMS22L	0	AfrAmr	0	0
MN1	0	AfrAmr	0	0
MNDA	0	AfrAmr	0	0
MNX1	0	AfrAmr	0	0
MOB2	0	AfrAmr	0	0
MOB3A	0	AfrAmr	0	0
MOB4	0	AfrAmr	0	0
MOCOS	0	AfrAmr	0	0
MOCS1	0	AfrAmr	0	0
MOCS2	0	AfrAmr	0	0
MOCS3	0	AfrAmr	0	0
MOG	0	AfrAmr	0	0
MOGAT2	0	AfrAmr	0	0
MOGAT3	0	AfrAmr	0	0
MOK	0	AfrAmr	0	0
MON1A	0	AfrAmr	0	0
MON1B	0	AfrAmr	0	0
MON2	0	AfrAmr	0	0
MORC4	0	AfrAmr	0	0
MORN1	0	AfrAmr	0	0
MORN3	0	AfrAmr	0	0
MOSPD2	0	AfrAmr	0	0
MOSPD3	0	AfrAmr	0	0
MOV10	0	AfrAmr	0	0
MPDZ	0	AfrAmr	0	0
MPEG1	0	AfrAmr	0	0
MPI	0	AfrAmr	0	0
MPO	0	AfrAmr	0	0
MPP2	0	AfrAmr	0	0
MPP4	0	AfrAmr	0	0
MPP6	0	AfrAmr	0	0
MPP7	0	AfrAmr	0	0
MR1	0	AfrAmr	0	0
MRAP2	0	AfrAmr	0	0
MRC2	0	AfrAmr	0	0
MRE11A	0	AfrAmr	0	0
MRGPRD	0	AfrAmr	0	0
MRGPRE	0	AfrAmr	0	0
MRGPRX1	0	AfrAmr	0	0
MRGPRX3	0	AfrAmr	0	0
MRM1	0	AfrAmr	0	0
MROH2B	0	AfrAmr	0	0
MROH8	0	AfrAmr	0	0
MROH9	0	AfrAmr	0	0
MRPL1	0	AfrAmr	0	0
MRPL10	0	AfrAmr	0	0
MRPL13	0	AfrAmr	0	0
MRPL15	0	AfrAmr	0	0
MRPL21	0	AfrAmr	0	0
MRPL28	0	AfrAmr	0	0
MRPL37	0	AfrAmr	0	0
MRPL38	0	AfrAmr	0	0
MRPL40	0	AfrAmr	0	0
MRPL47	0	AfrAmr	0	0
MRPL51	0	AfrAmr	0	0
MRPL54	0	AfrAmr	0	0
MRPS11	0	AfrAmr	0	0
MRPS15	0	AfrAmr	0	0
MRPS21	0	AfrAmr	0	0
MRPS31	0	AfrAmr	0	0
MRPS34	0	AfrAmr	0	0
MRPS35	0	AfrAmr	0	0
MRTO4	0	AfrAmr	0	0
MRVI1	0	AfrAmr	0	0
MS4A1	0	AfrAmr	0	0
MS4A12	0	AfrAmr	0	0
MS4A14	0	AfrAmr	0	0
MS4A15	0	AfrAmr	0	0
MS4A2	0	AfrAmr	0	0
MS4A6A	0	AfrAmr	0	0
MS4A6E	0	AfrAmr	0	0
MS4A7	0	AfrAmr	0	0
MSANTD3	0	AfrAmr	0	0
MSGN1	0	AfrAmr	0	0
MSH3	0	AfrAmr	0	0
MSH4	0	AfrAmr	0	0
MSH6	0	AfrAmr	0	0
MSI1	0	AfrAmr	0	0
MSI2	0	AfrAmr	0	0
MSL1	0	AfrAmr	0	0
MSL2	0	AfrAmr	0	0
MSLN	0	AfrAmr	0	0
MSLNL	0	AfrAmr	0	0
MSMO1	0	AfrAmr	0	0
MSRA	0	AfrAmr	0	0
MSRB2	0	AfrAmr	0	0
MST1	0	AfrAmr	0	0
MSTN	0	AfrAmr	0	0
MSTO1	0	AfrAmr	0	0
MSX1	0	AfrAmr	0	0
MT1H	0	AfrAmr	0	0
MT1HL1	0	AfrAmr	0	0
MT1M	0	AfrAmr	0	0
MTA1	0	AfrAmr	0	0
MTCH2	0	AfrAmr	0	0
MTF1	0	AfrAmr	0	0
MTF2	0	AfrAmr	0	0
MTFMT	0	AfrAmr	0	0
MTFR1	0	AfrAmr	0	0
MTFR1L	0	AfrAmr	0	0
MTHFD1L	0	AfrAmr	0	0
MTHFR	0	AfrAmr	0	0
MTL5	0	AfrAmr	0	0
MTMR1	0	AfrAmr	0	0
MTMR11	0	AfrAmr	0	0
MTMR14	0	AfrAmr	0	0
MTMR4	0	AfrAmr	0	0
MTMR6	0	AfrAmr	0	0
MTMR7	0	AfrAmr	0	0
MTMR9	0	AfrAmr	0	0
MTNR1A	0	AfrAmr	0	0
MTO1	0	AfrAmr	0	0
MTPAP	0	AfrAmr	0	0
MTR	0	AfrAmr	0	0
MTRF1	0	AfrAmr	0	0
MTRF1L	0	AfrAmr	0	0
MTRR	0	AfrAmr	0	0
MTSS1	0	AfrAmr	0	0
MTSS1L	0	AfrAmr	0	0
MTURN	0	AfrAmr	0	0
MUC15	0	AfrAmr	0	0
MUC3A	0	AfrAmr	0	0
MUC4	0	AfrAmr	0	0
MUS81	0	AfrAmr	0	0
MUSK	0	AfrAmr	0	0
MUT	0	AfrAmr	0	0
MVB12B	0	AfrAmr	0	0
MVD	0	AfrAmr	0	0
MVK	0	AfrAmr	0	0
MX1	0	AfrAmr	0	0
MXD1	0	AfrAmr	0	0
MXD4	0	AfrAmr	0	0
MXRA5	0	AfrAmr	0	0
MYADM	0	AfrAmr	0	0
MYBL2	0	AfrAmr	0	0
MYBPC2	0	AfrAmr	0	0
MYBPC3	0	AfrAmr	0	0
MYCBP2	0	AfrAmr	0	0
MYCN	0	AfrAmr	0	0
MYEF2	0	AfrAmr	0	0
MYEOV2	0	AfrAmr	0	0
MYH3	0	AfrAmr	0	0
MYH8	0	AfrAmr	0	0
MYH9	0	AfrAmr	0	0
MYL10	0	AfrAmr	0	0
MYL2	0	AfrAmr	0	0
MYLIP	0	AfrAmr	0	0
MYLK2	0	AfrAmr	0	0
MYLK4	0	AfrAmr	0	0
MYNN	0	AfrAmr	0	0
MYO18A	0	AfrAmr	0	0
MYO19	0	AfrAmr	0	0
MYO1C	0	AfrAmr	0	0
MYO1D	0	AfrAmr	0	0
MYO1G	0	AfrAmr	0	0
MYO5B	0	AfrAmr	0	0
MYO5C	0	AfrAmr	0	0
MYO7A	0	AfrAmr	0	0
MYO7B	0	AfrAmr	0	0
MYOC	0	AfrAmr	0	0
MYOF	0	AfrAmr	0	0
MYOG	0	AfrAmr	0	0
MYOM3	0	AfrAmr	0	0
MYOT	0	AfrAmr	0	0
MYOZ2	0	AfrAmr	0	0
MYOZ3	0	AfrAmr	0	0
MYPN	0	AfrAmr	0	0
MYPOP	0	AfrAmr	0	0
MYRIP	0	AfrAmr	0	0
MZF1	0	AfrAmr	0	0
MZT2B	0	AfrAmr	0	0
N4BP1	0	AfrAmr	0	0
N4BP2	0	AfrAmr	0	0
N4BP3	0	AfrAmr	0	0
N6AMT2	0	AfrAmr	0	0
NAA40	0	AfrAmr	0	0
NAALADL1	0	AfrAmr	0	0
NAALADL2	0	AfrAmr	0	0
NAB2	0	AfrAmr	0	0
NABP2	0	AfrAmr	0	0
NACC1	0	AfrAmr	0	0
NADK2	0	AfrAmr	0	0
NADSYN1	0	AfrAmr	0	0
NAGK	0	AfrAmr	0	0
NAGLU	0	AfrAmr	0	0
NAGPA	0	AfrAmr	0	0
NALCN	0	AfrAmr	0	0
NANOG	0	AfrAmr	0	0
NANOS3	0	AfrAmr	0	0
NAP1L2	0	AfrAmr	0	0
NAPA	0	AfrAmr	0	0
NAPEPLD	0	AfrAmr	0	0
NASP	0	AfrAmr	0	0
NAT10	0	AfrAmr	0	0
NAT2	0	AfrAmr	0	0
NAT8L	0	AfrAmr	0	0
NAV1	0	AfrAmr	0	0
NAV2	0	AfrAmr	0	0
NAV3	0	AfrAmr	0	0
NBAS	0	AfrAmr	0	0
NBEA	0	AfrAmr	0	0
NBPF12	0	AfrAmr	0	0
NBPF3	0	AfrAmr	0	0
NBPF9	0	AfrAmr	0	0
NCALD	0	AfrAmr	0	0
NCAM1	0	AfrAmr	0	0
NCAM2	0	AfrAmr	0	0
NCAN	0	AfrAmr	0	0
NCAPD2	0	AfrAmr	0	0
NCAPG2	0	AfrAmr	0	0
NCBP2	0	AfrAmr	0	0
NCDN	0	AfrAmr	0	0
NCEH1	0	AfrAmr	0	0
NCF2	0	AfrAmr	0	0
NCK1	0	AfrAmr	0	0
NCK2	0	AfrAmr	0	0
NCKAP1	0	AfrAmr	0	0
NCKIPSD	0	AfrAmr	0	0
NCLN	0	AfrAmr	0	0
NCOA1	0	AfrAmr	0	0
NCOA3	0	AfrAmr	0	0
NCOA4	0	AfrAmr	0	0
NCOA6	0	AfrAmr	0	0
NCR1	0	AfrAmr	0	0
NDE1	0	AfrAmr	0	0
NDFIP1	0	AfrAmr	0	0
NDNF	0	AfrAmr	0	0
NDNL2	0	AfrAmr	0	0
NDOR1	0	AfrAmr	0	0
NDP	0	AfrAmr	0	0
NDRG4	0	AfrAmr	0	0
NDST1	0	AfrAmr	0	0
NDST3	0	AfrAmr	0	0
NDST4	0	AfrAmr	0	0
NDUFA10	0	AfrAmr	0	0
NDUFA11	0	AfrAmr	0	0
NDUFA6	0	AfrAmr	0	0
NDUFA7	0	AfrAmr	0	0
NDUFA8	0	AfrAmr	0	0
NDUFA9	0	AfrAmr	0	0
NDUFAF3	0	AfrAmr	0	0
NDUFAF7	0	AfrAmr	0	0
NDUFB4	0	AfrAmr	0	0
NDUFB9	0	AfrAmr	0	0
NDUFS1	0	AfrAmr	0	0
NDUFS6	0	AfrAmr	0	0
NDUFS7	0	AfrAmr	0	0
NECAP2	0	AfrAmr	0	0
NEDD4	0	AfrAmr	0	0
NEDD4L	0	AfrAmr	0	0
NEFM	0	AfrAmr	0	0
NEIL3	0	AfrAmr	0	0
NEK5	0	AfrAmr	0	0
NEK7	0	AfrAmr	0	0
NEK8	0	AfrAmr	0	0
NEK9	0	AfrAmr	0	0
NEMF	0	AfrAmr	0	0
NES	0	AfrAmr	0	0
NETO1	0	AfrAmr	0	0
NEURL2	0	AfrAmr	0	0
NEURL3	0	AfrAmr	0	0
NEUROD1	0	AfrAmr	0	0
NEUROD6	0	AfrAmr	0	0
NEUROG1	0	AfrAmr	0	0
NEXN	0	AfrAmr	0	0
NFASC	0	AfrAmr	0	0
NFATC1	0	AfrAmr	0	0
NFATC3	0	AfrAmr	0	0
NFATC4	0	AfrAmr	0	0
NFE2	0	AfrAmr	0	0
NFE2L1	0	AfrAmr	0	0
NFE2L3	0	AfrAmr	0	0
NFIB	0	AfrAmr	0	0
NFIC	0	AfrAmr	0	0
NFIL3	0	AfrAmr	0	0
NFIX	0	AfrAmr	0	0
NFKB2	0	AfrAmr	0	0
NFKBID	0	AfrAmr	0	0
NFKBIE	0	AfrAmr	0	0
NFYC	0	AfrAmr	0	0
NGFR	0	AfrAmr	0	0
NGLY1	0	AfrAmr	0	0
NGRN	0	AfrAmr	0	0
NHLRC1	0	AfrAmr	0	0
NHLRC2	0	AfrAmr	0	0
NHLRC3	0	AfrAmr	0	0
NHSL2	0	AfrAmr	0	0
NICN1	0	AfrAmr	0	0
NID1	0	AfrAmr	0	0
NIFK	0	AfrAmr	0	0
NIM1K	0	AfrAmr	0	0
NIN	0	AfrAmr	0	0
NINL	0	AfrAmr	0	0
NIPAL2	0	AfrAmr	0	0
NIPAL3	0	AfrAmr	0	0
NIPAL4	0	AfrAmr	0	0
NIPSNAP3B	0	AfrAmr	0	0
NISCH	0	AfrAmr	0	0
NKAIN3	0	AfrAmr	0	0
NKAP	0	AfrAmr	0	0
NKD2	0	AfrAmr	0	0
NKRF	0	AfrAmr	0	0
NKTR	0	AfrAmr	0	0
NKX2-1	0	AfrAmr	0	0
NKX6-2	0	AfrAmr	0	0
NLE1	0	AfrAmr	0	0
NLGN1	0	AfrAmr	0	0
NLGN2	0	AfrAmr	0	0
NLRC4	0	AfrAmr	0	0
NLRP1	0	AfrAmr	0	0
NLRP10	0	AfrAmr	0	0
NLRP11	0	AfrAmr	0	0
NLRP14	0	AfrAmr	0	0
NLRP8	0	AfrAmr	0	0
NMBR	0	AfrAmr	0	0
NMD3	0	AfrAmr	0	0
NME1	0	AfrAmr	0	0
NME2	0	AfrAmr	0	0
NME4	0	AfrAmr	0	0
NMNAT3	0	AfrAmr	0	0
NMRK1	0	AfrAmr	0	0
NMRK2	0	AfrAmr	0	0
NMT1	0	AfrAmr	0	0
NMT2	0	AfrAmr	0	0
NMUR1	0	AfrAmr	0	0
NMUR2	0	AfrAmr	0	0
NOA1	0	AfrAmr	0	0
NOBOX	0	AfrAmr	0	0
NOC2L	0	AfrAmr	0	0
NOC3L	0	AfrAmr	0	0
NOD1	0	AfrAmr	0	0
NOL10	0	AfrAmr	0	0
NOL11	0	AfrAmr	0	0
NOL8	0	AfrAmr	0	0
NOL9	0	AfrAmr	0	0
NOLC1	0	AfrAmr	0	0
NOM1	0	AfrAmr	0	0
NOMO1	0	AfrAmr	0	0
NOMO2	0	AfrAmr	0	0
NOP14	0	AfrAmr	0	0
NOP2	0	AfrAmr	0	0
NOP56	0	AfrAmr	0	0
NOP9	0	AfrAmr	0	0
NOS1AP	0	AfrAmr	0	0
NOSIP	0	AfrAmr	0	0
NOTCH2	0	AfrAmr	0	0
NOV	0	AfrAmr	0	0
NOVA1	0	AfrAmr	0	0
NOVA2	0	AfrAmr	0	0
NOX4	0	AfrAmr	0	0
NOX5	0	AfrAmr	0	0
NOXA1	0	AfrAmr	0	0
NPAS1	0	AfrAmr	0	0
NPAS2	0	AfrAmr	0	0
NPBWR1	0	AfrAmr	0	0
NPC1	0	AfrAmr	0	0
NPC1L1	0	AfrAmr	0	0
NPFF	0	AfrAmr	0	0
NPFFR2	0	AfrAmr	0	0
NPHP1	0	AfrAmr	0	0
NPHP4	0	AfrAmr	0	0
NPIPA2	0	AfrAmr	0	0
NPIPB15	0	AfrAmr	0	0
NPM3	0	AfrAmr	0	0
NPNT	0	AfrAmr	0	0
NPR1	0	AfrAmr	0	0
NPR2	0	AfrAmr	0	0
NPR3	0	AfrAmr	0	0
NPRL3	0	AfrAmr	0	0
NPY	0	AfrAmr	0	0
NPY2R	0	AfrAmr	0	0
NQO2	0	AfrAmr	0	0
NR1D2	0	AfrAmr	0	0
NR1H2	0	AfrAmr	0	0
NR1H3	0	AfrAmr	0	0
NR1H4	0	AfrAmr	0	0
NR1I2	0	AfrAmr	0	0
NR1I3	0	AfrAmr	0	0
NR2C1	0	AfrAmr	0	0
NR2C2	0	AfrAmr	0	0
NR2E1	0	AfrAmr	0	0
NR2E3	0	AfrAmr	0	0
NR2F2	0	AfrAmr	0	0
NR2F6	0	AfrAmr	0	0
NR3C1	0	AfrAmr	0	0
NR4A1	0	AfrAmr	0	0
NR4A3	0	AfrAmr	0	0
NR5A1	0	AfrAmr	0	0
NRAP	0	AfrAmr	0	0
NRAS	0	AfrAmr	0	0
NRBP2	0	AfrAmr	0	0
NRD1	0	AfrAmr	0	0
NRDE2	0	AfrAmr	0	0
NREP	0	AfrAmr	0	0
NRF1	0	AfrAmr	0	0
NRG1	0	AfrAmr	0	0
NRIP1	0	AfrAmr	0	0
NRIP3	0	AfrAmr	0	0
NRP2	0	AfrAmr	0	0
NSD1	0	AfrAmr	0	0
NSFL1C	0	AfrAmr	0	0
NSRP1	0	AfrAmr	0	0
NSUN2	0	AfrAmr	0	0
NSUN4	0	AfrAmr	0	0
NT5C	0	AfrAmr	0	0
NT5C3A	0	AfrAmr	0	0
NT5DC1	0	AfrAmr	0	0
NT5DC2	0	AfrAmr	0	0
NT5DC3	0	AfrAmr	0	0
NT5E	0	AfrAmr	0	0
NT5M	0	AfrAmr	0	0
NTHL1	0	AfrAmr	0	0
NTN3	0	AfrAmr	0	0
NTN4	0	AfrAmr	0	0
NTN5	0	AfrAmr	0	0
NTRK2	0	AfrAmr	0	0
NTS	0	AfrAmr	0	0
NUCB2	0	AfrAmr	0	0
NUDCD1	0	AfrAmr	0	0
NUDCD3	0	AfrAmr	0	0
NUDT11	0	AfrAmr	0	0
NUDT12	0	AfrAmr	0	0
NUDT16	0	AfrAmr	0	0
NUDT8	0	AfrAmr	0	0
NUFIP1	0	AfrAmr	0	0
NUMA1	0	AfrAmr	0	0
NUMBL	0	AfrAmr	0	0
NUP107	0	AfrAmr	0	0
NUP160	0	AfrAmr	0	0
NUP188	0	AfrAmr	0	0
NUP210	0	AfrAmr	0	0
NUP210L	0	AfrAmr	0	0
NUP214	0	AfrAmr	0	0
NUP37	0	AfrAmr	0	0
NUP85	0	AfrAmr	0	0
NUP88	0	AfrAmr	0	0
NUP93	0	AfrAmr	0	0
NUP98	0	AfrAmr	0	0
NUPL1	0	AfrAmr	0	0
NUS1	0	AfrAmr	0	0
NUSAP1	0	AfrAmr	0	0
NUTM1	0	AfrAmr	0	0
NUTM2A	0	AfrAmr	0	0
NUTM2F	0	AfrAmr	0	0
NXPE2	0	AfrAmr	0	0
NXPE3	0	AfrAmr	0	0
NXT1	0	AfrAmr	0	0
NYAP1	0	AfrAmr	0	0
NYNRIN	0	AfrAmr	0	0
NYX	0	AfrAmr	0	0
OAF	0	AfrAmr	0	0
OARD1	0	AfrAmr	0	0
OAS3	0	AfrAmr	0	0
OASL	0	AfrAmr	0	0
OAT	0	AfrAmr	0	0
OBFC1	0	AfrAmr	0	0
OCIAD1	0	AfrAmr	0	0
OCLM	0	AfrAmr	0	0
ODAM	0	AfrAmr	0	0
ODF4	0	AfrAmr	0	0
OFD1	0	AfrAmr	0	0
OGFOD2	0	AfrAmr	0	0
OGFOD3	0	AfrAmr	0	0
OGFRL1	0	AfrAmr	0	0
OGG1	0	AfrAmr	0	0
OLFM2	0	AfrAmr	0	0
OMA1	0	AfrAmr	0	0
OMP	0	AfrAmr	0	0
ONECUT2	0	AfrAmr	0	0
OPA3	0	AfrAmr	0	0
OPALIN	0	AfrAmr	0	0
OPHN1	0	AfrAmr	0	0
OPN1SW	0	AfrAmr	0	0
OPN3	0	AfrAmr	0	0
OPN4	0	AfrAmr	0	0
OPRD1	0	AfrAmr	0	0
OPRM1	0	AfrAmr	0	0
OR10A5	0	AfrAmr	0	0
OR10A6	0	AfrAmr	0	0
OR10C1	0	AfrAmr	0	0
OR10G2	0	AfrAmr	0	0
OR10G3	0	AfrAmr	0	0
OR10J1	0	AfrAmr	0	0
OR10J3	0	AfrAmr	0	0
OR10J5	0	AfrAmr	0	0
OR10P1	0	AfrAmr	0	0
OR10Q1	0	AfrAmr	0	0
OR10T2	0	AfrAmr	0	0
OR11G2	0	AfrAmr	0	0
OR11H6	0	AfrAmr	0	0
OR13A1	0	AfrAmr	0	0
OR13C5	0	AfrAmr	0	0
OR13C8	0	AfrAmr	0	0
OR13C9	0	AfrAmr	0	0
OR13F1	0	AfrAmr	0	0
OR13G1	0	AfrAmr	0	0
OR14J1	0	AfrAmr	0	0
OR1E1	0	AfrAmr	0	0
OR1K1	0	AfrAmr	0	0
OR1L4	0	AfrAmr	0	0
OR1L6	0	AfrAmr	0	0
OR1L8	0	AfrAmr	0	0
OR1M1	0	AfrAmr	0	0
OR1N2	0	AfrAmr	0	0
OR1S1	0	AfrAmr	0	0
OR2A12	0	AfrAmr	0	0
OR2A2	0	AfrAmr	0	0
OR2A25	0	AfrAmr	0	0
OR2A42	0	AfrAmr	0	0
OR2AE1	0	AfrAmr	0	0
OR2AK2	0	AfrAmr	0	0
OR2B2	0	AfrAmr	0	0
OR2B6	0	AfrAmr	0	0
OR2C1	0	AfrAmr	0	0
OR2C3	0	AfrAmr	0	0
OR2D2	0	AfrAmr	0	0
OR2F1	0	AfrAmr	0	0
OR2F2	0	AfrAmr	0	0
OR2G6	0	AfrAmr	0	0
OR2H2	0	AfrAmr	0	0
OR2K2	0	AfrAmr	0	0
OR2L2	0	AfrAmr	0	0
OR2S2	0	AfrAmr	0	0
OR2T11	0	AfrAmr	0	0
OR2T12	0	AfrAmr	0	0
OR2T27	0	AfrAmr	0	0
OR2T3	0	AfrAmr	0	0
OR2T4	0	AfrAmr	0	0
OR2T8	0	AfrAmr	0	0
OR2W3	0	AfrAmr	0	0
OR2Z1	0	AfrAmr	0	0
OR4A15	0	AfrAmr	0	0
OR4A5	0	AfrAmr	0	0
OR4C11	0	AfrAmr	0	0
OR4C3	0	AfrAmr	0	0
OR4C46	0	AfrAmr	0	0
OR4D11	0	AfrAmr	0	0
OR4D2	0	AfrAmr	0	0
OR4D6	0	AfrAmr	0	0
OR4F4	0	AfrAmr	0	0
OR4K1	0	AfrAmr	0	0
OR4K5	0	AfrAmr	0	0
OR4N2	0	AfrAmr	0	0
OR4P4	0	AfrAmr	0	0
OR4S2	0	AfrAmr	0	0
OR4X1	0	AfrAmr	0	0
OR4X2	0	AfrAmr	0	0
OR51B4	0	AfrAmr	0	0
OR51D1	0	AfrAmr	0	0
OR51E1	0	AfrAmr	0	0
OR51E2	0	AfrAmr	0	0
OR51F1	0	AfrAmr	0	0
OR51Q1	0	AfrAmr	0	0
OR51V1	0	AfrAmr	0	0
OR52A1	0	AfrAmr	0	0
OR52A5	0	AfrAmr	0	0
OR52B4	0	AfrAmr	0	0
OR52D1	0	AfrAmr	0	0
OR52E2	0	AfrAmr	0	0
OR52E8	0	AfrAmr	0	0
OR52H1	0	AfrAmr	0	0
OR52I1	0	AfrAmr	0	0
OR52I2	0	AfrAmr	0	0
OR52L1	0	AfrAmr	0	0
OR52N2	0	AfrAmr	0	0
OR52N4	0	AfrAmr	0	0
OR52R1	0	AfrAmr	0	0
OR5A2	0	AfrAmr	0	0
OR5AC2	0	AfrAmr	0	0
OR5AK2	0	AfrAmr	0	0
OR5AS1	0	AfrAmr	0	0
OR5B12	0	AfrAmr	0	0
OR5B3	0	AfrAmr	0	0
OR5C1	0	AfrAmr	0	0
OR5D16	0	AfrAmr	0	0
OR5D18	0	AfrAmr	0	0
OR5F1	0	AfrAmr	0	0
OR5H14	0	AfrAmr	0	0
OR5H6	0	AfrAmr	0	0
OR5K1	0	AfrAmr	0	0
OR5M10	0	AfrAmr	0	0
OR5M9	0	AfrAmr	0	0
OR5P3	0	AfrAmr	0	0
OR5R1	0	AfrAmr	0	0
OR5T1	0	AfrAmr	0	0
OR5W2	0	AfrAmr	0	0
OR6A2	0	AfrAmr	0	0
OR6B1	0	AfrAmr	0	0
OR6B2	0	AfrAmr	0	0
OR6C1	0	AfrAmr	0	0
OR6C3	0	AfrAmr	0	0
OR6C70	0	AfrAmr	0	0
OR6C74	0	AfrAmr	0	0
OR6K2	0	AfrAmr	0	0
OR6M1	0	AfrAmr	0	0
OR6N1	0	AfrAmr	0	0
OR6Q1	0	AfrAmr	0	0
OR7D2	0	AfrAmr	0	0
OR7E24	0	AfrAmr	0	0
OR7G3	0	AfrAmr	0	0
OR8D2	0	AfrAmr	0	0
OR8D4	0	AfrAmr	0	0
OR8G5	0	AfrAmr	0	0
OR8J1	0	AfrAmr	0	0
OR8U1	0	AfrAmr	0	0
OR9G1	0	AfrAmr	0	0
OR9K2	0	AfrAmr	0	0
ORC2	0	AfrAmr	0	0
ORC4	0	AfrAmr	0	0
ORC5	0	AfrAmr	0	0
ORMDL2	0	AfrAmr	0	0
OSBP2	0	AfrAmr	0	0
OSBPL11	0	AfrAmr	0	0
OSBPL1A	0	AfrAmr	0	0
OSBPL2	0	AfrAmr	0	0
OSBPL5	0	AfrAmr	0	0
OSBPL8	0	AfrAmr	0	0
OSBPL9	0	AfrAmr	0	0
OSCAR	0	AfrAmr	0	0
OSGEP	0	AfrAmr	0	0
OSGIN2	0	AfrAmr	0	0
OSMR	0	AfrAmr	0	0
OSR1	0	AfrAmr	0	0
OSR2	0	AfrAmr	0	0
OTOA	0	AfrAmr	0	0
OTOP2	0	AfrAmr	0	0
OTP	0	AfrAmr	0	0
OTUD3	0	AfrAmr	0	0
OTUD7A	0	AfrAmr	0	0
OTX1	0	AfrAmr	0	0
OVCA2	0	AfrAmr	0	0
OVCH1	0	AfrAmr	0	0
OVCH2	0	AfrAmr	0	0
OVGP1	0	AfrAmr	0	0
OVOL1	0	AfrAmr	0	0
OXA1L	0	AfrAmr	0	0
OXCT1	0	AfrAmr	0	0
OXNAD1	0	AfrAmr	0	0
OXSR1	0	AfrAmr	0	0
P2RX2	0	AfrAmr	0	0
P2RX5	0	AfrAmr	0	0
P2RX6	0	AfrAmr	0	0
P2RY1	0	AfrAmr	0	0
P2RY13	0	AfrAmr	0	0
P2RY14	0	AfrAmr	0	0
P2RY2	0	AfrAmr	0	0
P3H1	0	AfrAmr	0	0
P4HA2	0	AfrAmr	0	0
P4HA3	0	AfrAmr	0	0
P4HTM	0	AfrAmr	0	0
PA2G4	0	AfrAmr	0	0
PAAF1	0	AfrAmr	0	0
PABPC3	0	AfrAmr	0	0
PABPN1	0	AfrAmr	0	0
PACRG	0	AfrAmr	0	0
PACRGL	0	AfrAmr	0	0
PACS1	0	AfrAmr	0	0
PADI1	0	AfrAmr	0	0
PADI2	0	AfrAmr	0	0
PADI3	0	AfrAmr	0	0
PADI4	0	AfrAmr	0	0
PADI6	0	AfrAmr	0	0
PAF1	0	AfrAmr	0	0
PAFAH1B1	0	AfrAmr	0	0
PAFAH2	0	AfrAmr	0	0
PAICS	0	AfrAmr	0	0
PAIP1	0	AfrAmr	0	0
PAK2	0	AfrAmr	0	0
PAK4	0	AfrAmr	0	0
PAK6	0	AfrAmr	0	0
PAK7	0	AfrAmr	0	0
PALB2	0	AfrAmr	0	0
PALD1	0	AfrAmr	0	0
PALM	0	AfrAmr	0	0
PALM2	0	AfrAmr	0	0
PALM2-AKAP2	0	AfrAmr	0	0
PAM	0	AfrAmr	0	0
PAMR1	0	AfrAmr	0	0
PAN2	0	AfrAmr	0	0
PAN3	0	AfrAmr	0	0
PANK2	0	AfrAmr	0	0
PANX2	0	AfrAmr	0	0
PAPD7	0	AfrAmr	0	0
PAPLN	0	AfrAmr	0	0
PAPOLA	0	AfrAmr	0	0
PAPOLB	0	AfrAmr	0	0
PAPPA	0	AfrAmr	0	0
PAPPA2	0	AfrAmr	0	0
PAPSS2	0	AfrAmr	0	0
PAQR4	0	AfrAmr	0	0
PAQR7	0	AfrAmr	0	0
PAQR8	0	AfrAmr	0	0
PARD3B	0	AfrAmr	0	0
PARK2	0	AfrAmr	0	0
PARM1	0	AfrAmr	0	0
PARP1	0	AfrAmr	0	0
PARP11	0	AfrAmr	0	0
PARP14	0	AfrAmr	0	0
PARP15	0	AfrAmr	0	0
PARP16	0	AfrAmr	0	0
PARP2	0	AfrAmr	0	0
PARP4	0	AfrAmr	0	0
PARP8	0	AfrAmr	0	0
PARPBP	0	AfrAmr	0	0
PARS2	0	AfrAmr	0	0
PARVB	0	AfrAmr	0	0
PARVG	0	AfrAmr	0	0
PASD1	0	AfrAmr	0	0
PATL1	0	AfrAmr	0	0
PATZ1	0	AfrAmr	0	0
PAX4	0	AfrAmr	0	0
PAX5	0	AfrAmr	0	0
PAX7	0	AfrAmr	0	0
PAX8	0	AfrAmr	0	0
PAXIP1	0	AfrAmr	0	0
PBX1	0	AfrAmr	0	0
PBX3	0	AfrAmr	0	0
PBX4	0	AfrAmr	0	0
PCBP1	0	AfrAmr	0	0
PCBP2	0	AfrAmr	0	0
PCDH1	0	AfrAmr	0	0
PCDH10	0	AfrAmr	0	0
PCDH20	0	AfrAmr	0	0
PCDH7	0	AfrAmr	0	0
PCDHA10	0	AfrAmr	0	0
PCDHA11	0	AfrAmr	0	0
PCDHA5	0	AfrAmr	0	0
PCDHAC1	0	AfrAmr	0	0
PCDHB1	0	AfrAmr	0	0
PCDHB14	0	AfrAmr	0	0
PCDHB4	0	AfrAmr	0	0
PCDHB5	0	AfrAmr	0	0
PCDHB8	0	AfrAmr	0	0
PCDHB9	0	AfrAmr	0	0
PCDHGA12	0	AfrAmr	0	0
PCDHGA3	0	AfrAmr	0	0
PCDHGA4	0	AfrAmr	0	0
PCDHGA7	0	AfrAmr	0	0
PCDHGA9	0	AfrAmr	0	0
PCDHGB2	0	AfrAmr	0	0
PCDHGC4	0	AfrAmr	0	0
PCED1A	0	AfrAmr	0	0
PCED1B	0	AfrAmr	0	0
PCF11	0	AfrAmr	0	0
PCGF5	0	AfrAmr	0	0
PCGF6	0	AfrAmr	0	0
PCIF1	0	AfrAmr	0	0
PCK1	0	AfrAmr	0	0
PCK2	0	AfrAmr	0	0
PCM1	0	AfrAmr	0	0
PCMT1	0	AfrAmr	0	0
PCMTD2	0	AfrAmr	0	0
PCNT	0	AfrAmr	0	0
PCNXL2	0	AfrAmr	0	0
PCNXL3	0	AfrAmr	0	0
PCNXL4	0	AfrAmr	0	0
PCOLCE	0	AfrAmr	0	0
PCOLCE2	0	AfrAmr	0	0
PCSK1	0	AfrAmr	0	0
PCSK2	0	AfrAmr	0	0
PCSK5	0	AfrAmr	0	0
PCSK6	0	AfrAmr	0	0
PCSK7	0	AfrAmr	0	0
PCTP	0	AfrAmr	0	0
PCYOX1	0	AfrAmr	0	0
PCYOX1L	0	AfrAmr	0	0
PCYT1B	0	AfrAmr	0	0
PDCD1	0	AfrAmr	0	0
PDCD5	0	AfrAmr	0	0
PDCD6IP	0	AfrAmr	0	0
PDCL	0	AfrAmr	0	0
PDCL3	0	AfrAmr	0	0
PDE1A	0	AfrAmr	0	0
PDE3B	0	AfrAmr	0	0
PDE4A	0	AfrAmr	0	0
PDE4D	0	AfrAmr	0	0
PDE4DIP	0	AfrAmr	0	0
PDE5A	0	AfrAmr	0	0
PDE6A	0	AfrAmr	0	0
PDE6B	0	AfrAmr	0	0
PDE6C	0	AfrAmr	0	0
PDE7B	0	AfrAmr	0	0
PDE8A	0	AfrAmr	0	0
PDE9A	0	AfrAmr	0	0
PDGFRA	0	AfrAmr	0	0
PDGFRB	0	AfrAmr	0	0
PDHA1	0	AfrAmr	0	0
PDIA2	0	AfrAmr	0	0
PDIA3	0	AfrAmr	0	0
PDIA4	0	AfrAmr	0	0
PDIA6	0	AfrAmr	0	0
PDILT	0	AfrAmr	0	0
PDK1	0	AfrAmr	0	0
PDK2	0	AfrAmr	0	0
PDLIM2	0	AfrAmr	0	0
PDLIM3	0	AfrAmr	0	0
PDP1	0	AfrAmr	0	0
PDPK1	0	AfrAmr	0	0
PDS5A	0	AfrAmr	0	0
PDS5B	0	AfrAmr	0	0
PDX1	0	AfrAmr	0	0
PDXDC1	0	AfrAmr	0	0
PDXK	0	AfrAmr	0	0
PDZD2	0	AfrAmr	0	0
PDZD7	0	AfrAmr	0	0
PDZK1	0	AfrAmr	0	0
PDZRN4	0	AfrAmr	0	0
PEAR1	0	AfrAmr	0	0
PELI3	0	AfrAmr	0	0
PENK	0	AfrAmr	0	0
PER1	0	AfrAmr	0	0
PER2	0	AfrAmr	0	0
PER3	0	AfrAmr	0	0
PERP	0	AfrAmr	0	0
PEX1	0	AfrAmr	0	0
PEX11G	0	AfrAmr	0	0
PEX12	0	AfrAmr	0	0
PEX14	0	AfrAmr	0	0
PEX19	0	AfrAmr	0	0
PEX3	0	AfrAmr	0	0
PEX5	0	AfrAmr	0	0
PEX7	0	AfrAmr	0	0
PF4	0	AfrAmr	0	0
PFDN1	0	AfrAmr	0	0
PFKFB1	0	AfrAmr	0	0
PFKFB2	0	AfrAmr	0	0
PFKL	0	AfrAmr	0	0
PFKM	0	AfrAmr	0	0
PGAM1	0	AfrAmr	0	0
PGBD1	0	AfrAmr	0	0
PGBD2	0	AfrAmr	0	0
PGBD4	0	AfrAmr	0	0
PGD	0	AfrAmr	0	0
PGK1	0	AfrAmr	0	0
PGLS	0	AfrAmr	0	0
PGLYRP2	0	AfrAmr	0	0
PGLYRP4	0	AfrAmr	0	0
PGM2L1	0	AfrAmr	0	0
PGM3	0	AfrAmr	0	0
PGM5	0	AfrAmr	0	0
PGP	0	AfrAmr	0	0
PGPEP1L	0	AfrAmr	0	0
PGR	0	AfrAmr	0	0
PHACTR2	0	AfrAmr	0	0
PHACTR4	0	AfrAmr	0	0
PHC2	0	AfrAmr	0	0
PHC3	0	AfrAmr	0	0
PHF10	0	AfrAmr	0	0
PHF11	0	AfrAmr	0	0
PHF12	0	AfrAmr	0	0
PHF2	0	AfrAmr	0	0
PHF20L1	0	AfrAmr	0	0
PHF21A	0	AfrAmr	0	0
PHF7	0	AfrAmr	0	0
PHGDH	0	AfrAmr	0	0
PHKA2	0	AfrAmr	0	0
PHKG1	0	AfrAmr	0	0
PHLDB1	0	AfrAmr	0	0
PHLPP2	0	AfrAmr	0	0
PHOX2B	0	AfrAmr	0	0
PHPT1	0	AfrAmr	0	0
PHRF1	0	AfrAmr	0	0
PHTF1	0	AfrAmr	0	0
PHTF2	0	AfrAmr	0	0
PHYH	0	AfrAmr	0	0
PHYHIP	0	AfrAmr	0	0
PI4K2A	0	AfrAmr	0	0
PI4KA	0	AfrAmr	0	0
PIAS1	0	AfrAmr	0	0
PIAS2	0	AfrAmr	0	0
PIAS4	0	AfrAmr	0	0
PICALM	0	AfrAmr	0	0
PICK1	0	AfrAmr	0	0
PIDD1	0	AfrAmr	0	0
PIGB	0	AfrAmr	0	0
PIGG	0	AfrAmr	0	0
PIGL	0	AfrAmr	0	0
PIGS	0	AfrAmr	0	0
PIGW	0	AfrAmr	0	0
PIH1D1	0	AfrAmr	0	0
PIH1D2	0	AfrAmr	0	0
PIK3AP1	0	AfrAmr	0	0
PIK3C2A	0	AfrAmr	0	0
PIK3C2G	0	AfrAmr	0	0
PIK3C3	0	AfrAmr	0	0
PIK3CD	0	AfrAmr	0	0
PIK3R1	0	AfrAmr	0	0
PIK3R2	0	AfrAmr	0	0
PIK3R3	0	AfrAmr	0	0
PIK3R4	0	AfrAmr	0	0
PIK3R6	0	AfrAmr	0	0
PILRA	0	AfrAmr	0	0
PILRB	0	AfrAmr	0	0
PIN1	0	AfrAmr	0	0
PIP4K2B	0	AfrAmr	0	0
PIP4K2C	0	AfrAmr	0	0
PIP5K1B	0	AfrAmr	0	0
PIP5KL1	0	AfrAmr	0	0
PIR	0	AfrAmr	0	0
PISD	0	AfrAmr	0	0
PITPNB	0	AfrAmr	0	0
PITPNM3	0	AfrAmr	0	0
PIWIL2	0	AfrAmr	0	0
PIWIL3	0	AfrAmr	0	0
PIWIL4	0	AfrAmr	0	0
PJA1	0	AfrAmr	0	0
PKD2L2	0	AfrAmr	0	0
PKDREJ	0	AfrAmr	0	0
PKHD1L1	0	AfrAmr	0	0
PKIB	0	AfrAmr	0	0
PKLR	0	AfrAmr	0	0
PKM	0	AfrAmr	0	0
PKMYT1	0	AfrAmr	0	0
PKN3	0	AfrAmr	0	0
PKP1	0	AfrAmr	0	0
PKP3	0	AfrAmr	0	0
PKP4	0	AfrAmr	0	0
PLA2G12A	0	AfrAmr	0	0
PLA2G15	0	AfrAmr	0	0
PLA2G2E	0	AfrAmr	0	0
PLA2G3	0	AfrAmr	0	0
PLA2G4C	0	AfrAmr	0	0
PLA2G4D	0	AfrAmr	0	0
PLA2G4E	0	AfrAmr	0	0
PLA2G6	0	AfrAmr	0	0
PLA2G7	0	AfrAmr	0	0
PLA2R1	0	AfrAmr	0	0
PLAA	0	AfrAmr	0	0
PLAT	0	AfrAmr	0	0
PLAU	0	AfrAmr	0	0
PLBD2	0	AfrAmr	0	0
PLCB2	0	AfrAmr	0	0
PLCB3	0	AfrAmr	0	0
PLCB4	0	AfrAmr	0	0
PLCD1	0	AfrAmr	0	0
PLCD4	0	AfrAmr	0	0
PLCG1	0	AfrAmr	0	0
PLCG2	0	AfrAmr	0	0
PLCL1	0	AfrAmr	0	0
PLCL2	0	AfrAmr	0	0
PLD2	0	AfrAmr	0	0
PLEKHA1	0	AfrAmr	0	0
PLEKHA7	0	AfrAmr	0	0
PLEKHG1	0	AfrAmr	0	0
PLEKHG6	0	AfrAmr	0	0
PLEKHM3	0	AfrAmr	0	0
PLEKHO2	0	AfrAmr	0	0
PLEKHS1	0	AfrAmr	0	0
PLIN3	0	AfrAmr	0	0
PLIN5	0	AfrAmr	0	0
PLK1	0	AfrAmr	0	0
PLK2	0	AfrAmr	0	0
PLK3	0	AfrAmr	0	0
PLOD1	0	AfrAmr	0	0
PLOD3	0	AfrAmr	0	0
PLS1	0	AfrAmr	0	0
PLSCR4	0	AfrAmr	0	0
PLVAP	0	AfrAmr	0	0
PLXDC1	0	AfrAmr	0	0
PLXNA1	0	AfrAmr	0	0
PLXNA2	0	AfrAmr	0	0
PLXNA3	0	AfrAmr	0	0
PLXNA4	0	AfrAmr	0	0
PLXNB3	0	AfrAmr	0	0
PLXNC1	0	AfrAmr	0	0
PLXND1	0	AfrAmr	0	0
PM20D2	0	AfrAmr	0	0
PMF1	0	AfrAmr	0	0
PML	0	AfrAmr	0	0
PMM2	0	AfrAmr	0	0
PMP22	0	AfrAmr	0	0
PMPCA	0	AfrAmr	0	0
PMS2	0	AfrAmr	0	0
PNCK	0	AfrAmr	0	0
PNISR	0	AfrAmr	0	0
PNLDC1	0	AfrAmr	0	0
PNLIP	0	AfrAmr	0	0
PNLIPRP2	0	AfrAmr	0	0
PNLIPRP3	0	AfrAmr	0	0
PNMA2	0	AfrAmr	0	0
PNMAL1	0	AfrAmr	0	0
PNN	0	AfrAmr	0	0
PNOC	0	AfrAmr	0	0
PNP	0	AfrAmr	0	0
PNPLA1	0	AfrAmr	0	0
PNPLA7	0	AfrAmr	0	0
PNPLA8	0	AfrAmr	0	0
PNPO	0	AfrAmr	0	0
PNPT1	0	AfrAmr	0	0
PNRC1	0	AfrAmr	0	0
POC1A	0	AfrAmr	0	0
POC1B	0	AfrAmr	0	0
PODXL	0	AfrAmr	0	0
POFUT2	0	AfrAmr	0	0
POGK	0	AfrAmr	0	0
POGLUT1	0	AfrAmr	0	0
POGZ	0	AfrAmr	0	0
POLA2	0	AfrAmr	0	0
POLD1	0	AfrAmr	0	0
POLD2	0	AfrAmr	0	0
POLDIP3	0	AfrAmr	0	0
POLE	0	AfrAmr	0	0
POLE2	0	AfrAmr	0	0
POLG	0	AfrAmr	0	0
POLH	0	AfrAmr	0	0
POLI	0	AfrAmr	0	0
POLL	0	AfrAmr	0	0
POLM	0	AfrAmr	0	0
POLN	0	AfrAmr	0	0
POLQ	0	AfrAmr	0	0
POLR1A	0	AfrAmr	0	0
POLR1B	0	AfrAmr	0	0
POLR2A	0	AfrAmr	0	0
POLR2E	0	AfrAmr	0	0
POLR2J	0	AfrAmr	0	0
POLR3B	0	AfrAmr	0	0
POLR3E	0	AfrAmr	0	0
POLRMT	0	AfrAmr	0	0
POM121	0	AfrAmr	0	0
POMC	0	AfrAmr	0	0
POMGNT1	0	AfrAmr	0	0
POMGNT2	0	AfrAmr	0	0
POMK	0	AfrAmr	0	0
POMT2	0	AfrAmr	0	0
PON1	0	AfrAmr	0	0
PON2	0	AfrAmr	0	0
POP1	0	AfrAmr	0	0
POPDC2	0	AfrAmr	0	0
PORCN	0	AfrAmr	0	0
POSTN	0	AfrAmr	0	0
POT1	0	AfrAmr	0	0
POTEF	0	AfrAmr	0	0
POTEG	0	AfrAmr	0	0
POTEH	0	AfrAmr	0	0
POU2F1	0	AfrAmr	0	0
POU3F2	0	AfrAmr	0	0
POU4F1	0	AfrAmr	0	0
POU5F2	0	AfrAmr	0	0
POU6F1	0	AfrAmr	0	0
PPAN-P2RY11	0	AfrAmr	0	0
PPAP2B	0	AfrAmr	0	0
PPAPDC1B	0	AfrAmr	0	0
PPARA	0	AfrAmr	0	0
PPARD	0	AfrAmr	0	0
PPARGC1A	0	AfrAmr	0	0
PPARGC1B	0	AfrAmr	0	0
PPAT	0	AfrAmr	0	0
PPEF1	0	AfrAmr	0	0
PPEF2	0	AfrAmr	0	0
PPFIA1	0	AfrAmr	0	0
PPFIA3	0	AfrAmr	0	0
PPFIA4	0	AfrAmr	0	0
PPFIBP2	0	AfrAmr	0	0
PPIG	0	AfrAmr	0	0
PPIL2	0	AfrAmr	0	0
PPL	0	AfrAmr	0	0
PPM1E	0	AfrAmr	0	0
PPM1H	0	AfrAmr	0	0
PPM1K	0	AfrAmr	0	0
PPP1CA	0	AfrAmr	0	0
PPP1CB	0	AfrAmr	0	0
PPP1R13L	0	AfrAmr	0	0
PPP1R15A	0	AfrAmr	0	0
PPP1R15B	0	AfrAmr	0	0
PPP1R16A	0	AfrAmr	0	0
PPP1R18	0	AfrAmr	0	0
PPP1R21	0	AfrAmr	0	0
PPP1R27	0	AfrAmr	0	0
PPP1R3B	0	AfrAmr	0	0
PPP1R42	0	AfrAmr	0	0
PPP1R7	0	AfrAmr	0	0
PPP1R9B	0	AfrAmr	0	0
PPP2CB	0	AfrAmr	0	0
PPP2R2A	0	AfrAmr	0	0
PPP2R3A	0	AfrAmr	0	0
PPP2R5B	0	AfrAmr	0	0
PPP2R5D	0	AfrAmr	0	0
PPP3CA	0	AfrAmr	0	0
PPP4C	0	AfrAmr	0	0
PPP4R1	0	AfrAmr	0	0
PPP4R4	0	AfrAmr	0	0
PPP5D1	0	AfrAmr	0	0
PPP6C	0	AfrAmr	0	0
PPP6R2	0	AfrAmr	0	0
PPRC1	0	AfrAmr	0	0
PPT2	0	AfrAmr	0	0
PQLC1	0	AfrAmr	0	0
PRAMEF1	0	AfrAmr	0	0
PRAMEF12	0	AfrAmr	0	0
PRAMEF20	0	AfrAmr	0	0
PRAMEF7	0	AfrAmr	0	0
PRB2	0	AfrAmr	0	0
PRC1	0	AfrAmr	0	0
PRCC	0	AfrAmr	0	0
PRDM1	0	AfrAmr	0	0
PRDM14	0	AfrAmr	0	0
PRDM16	0	AfrAmr	0	0
PRDM2	0	AfrAmr	0	0
PRDM4	0	AfrAmr	0	0
PRDM5	0	AfrAmr	0	0
PRDM8	0	AfrAmr	0	0
PRDX1	0	AfrAmr	0	0
PRELP	0	AfrAmr	0	0
PREP	0	AfrAmr	0	0
PRF1	0	AfrAmr	0	0
PRG2	0	AfrAmr	0	0
PRICKLE2	0	AfrAmr	0	0
PRICKLE4	0	AfrAmr	0	0
PRKAA1	0	AfrAmr	0	0
PRKAB2	0	AfrAmr	0	0
PRKAR1A	0	AfrAmr	0	0
PRKAR1B	0	AfrAmr	0	0
PRKAR2B	0	AfrAmr	0	0
PRKCB	0	AfrAmr	0	0
PRKCD	0	AfrAmr	0	0
PRKCDBP	0	AfrAmr	0	0
PRKCE	0	AfrAmr	0	0
PRKCG	0	AfrAmr	0	0
PRKCH	0	AfrAmr	0	0
PRKCI	0	AfrAmr	0	0
PRKCQ	0	AfrAmr	0	0
PRKCSH	0	AfrAmr	0	0
PRKCZ	0	AfrAmr	0	0
PRKD3	0	AfrAmr	0	0
PRLHR	0	AfrAmr	0	0
PRLR	0	AfrAmr	0	0
PRMT3	0	AfrAmr	0	0
PRMT6	0	AfrAmr	0	0
PRMT7	0	AfrAmr	0	0
PRMT9	0	AfrAmr	0	0
PRND	0	AfrAmr	0	0
PRNP	0	AfrAmr	0	0
PROC	0	AfrAmr	0	0
PROKR2	0	AfrAmr	0	0
PROM2	0	AfrAmr	0	0
PROS1	0	AfrAmr	0	0
PROSER1	0	AfrAmr	0	0
PROX1	0	AfrAmr	0	0
PROZ	0	AfrAmr	0	0
PRPF18	0	AfrAmr	0	0
PRPF3	0	AfrAmr	0	0
PRPF39	0	AfrAmr	0	0
PRPF4B	0	AfrAmr	0	0
PRPH	0	AfrAmr	0	0
PRPH2	0	AfrAmr	0	0
PRPSAP1	0	AfrAmr	0	0
PRR14	0	AfrAmr	0	0
PRR16	0	AfrAmr	0	0
PRR3	0	AfrAmr	0	0
PRR5	0	AfrAmr	0	0
PRR5-ARHGAP8	0	AfrAmr	0	0
PRRC2B	0	AfrAmr	0	0
PRRT1	0	AfrAmr	0	0
PRRT3	0	AfrAmr	0	0
PRSS1	0	AfrAmr	0	0
PRSS12	0	AfrAmr	0	0
PRSS16	0	AfrAmr	0	0
PRSS36	0	AfrAmr	0	0
PRSS45	0	AfrAmr	0	0
PRSS54	0	AfrAmr	0	0
PRSS58	0	AfrAmr	0	0
PRTG	0	AfrAmr	0	0
PSAP	0	AfrAmr	0	0
PSD2	0	AfrAmr	0	0
PSD3	0	AfrAmr	0	0
PSD4	0	AfrAmr	0	0
PSEN1	0	AfrAmr	0	0
PSEN2	0	AfrAmr	0	0
PSG4	0	AfrAmr	0	0
PSG5	0	AfrAmr	0	0
PSMA2	0	AfrAmr	0	0
PSMA4	0	AfrAmr	0	0
PSMA6	0	AfrAmr	0	0
PSMB10	0	AfrAmr	0	0
PSMB5	0	AfrAmr	0	0
PSMB7	0	AfrAmr	0	0
PSMC1	0	AfrAmr	0	0
PSMC2	0	AfrAmr	0	0
PSMC4	0	AfrAmr	0	0
PSMD11	0	AfrAmr	0	0
PSMD12	0	AfrAmr	0	0
PSMD3	0	AfrAmr	0	0
PSMD9	0	AfrAmr	0	0
PSMF1	0	AfrAmr	0	0
PSPC1	0	AfrAmr	0	0
PSTK	0	AfrAmr	0	0
PSTPIP1	0	AfrAmr	0	0
PTAR1	0	AfrAmr	0	0
PTBP1	0	AfrAmr	0	0
PTCD3	0	AfrAmr	0	0
PTCHD1	0	AfrAmr	0	0
PTCRA	0	AfrAmr	0	0
PTDSS2	0	AfrAmr	0	0
PTF1A	0	AfrAmr	0	0
PTGDR	0	AfrAmr	0	0
PTGDS	0	AfrAmr	0	0
PTGER3	0	AfrAmr	0	0
PTGER4	0	AfrAmr	0	0
PTGES3L-AARSD1	0	AfrAmr	0	0
PTGFR	0	AfrAmr	0	0
PTGS1	0	AfrAmr	0	0
PTGS2	0	AfrAmr	0	0
PTK2	0	AfrAmr	0	0
PTK7	0	AfrAmr	0	0
PTOV1	0	AfrAmr	0	0
PTP4A1	0	AfrAmr	0	0
PTPDC1	0	AfrAmr	0	0
PTPN11	0	AfrAmr	0	0
PTPN14	0	AfrAmr	0	0
PTPN22	0	AfrAmr	0	0
PTPN23	0	AfrAmr	0	0
PTPN4	0	AfrAmr	0	0
PTPRB	0	AfrAmr	0	0
PTPRC	0	AfrAmr	0	0
PTPRF	0	AfrAmr	0	0
PTPRG	0	AfrAmr	0	0
PTPRJ	0	AfrAmr	0	0
PTPRK	0	AfrAmr	0	0
PTPRN	0	AfrAmr	0	0
PTPRO	0	AfrAmr	0	0
PTPRU	0	AfrAmr	0	0
PTRF	0	AfrAmr	0	0
PUF60	0	AfrAmr	0	0
PURA	0	AfrAmr	0	0
PUS1	0	AfrAmr	0	0
PUS3	0	AfrAmr	0	0
PUS7L	0	AfrAmr	0	0
PWP1	0	AfrAmr	0	0
PWWP2B	0	AfrAmr	0	0
PXN	0	AfrAmr	0	0
PYCR1	0	AfrAmr	0	0
PYGB	0	AfrAmr	0	0
PYGL	0	AfrAmr	0	0
PYGM	0	AfrAmr	0	0
PYGO2	0	AfrAmr	0	0
PYHIN1	0	AfrAmr	0	0
PYROXD1	0	AfrAmr	0	0
QDPR	0	AfrAmr	0	0
QPCTL	0	AfrAmr	0	0
QRICH1	0	AfrAmr	0	0
QSOX1	0	AfrAmr	0	0
QSOX2	0	AfrAmr	0	0
R3HDM1	0	AfrAmr	0	0
R3HDM4	0	AfrAmr	0	0
RAB11A	0	AfrAmr	0	0
RAB11FIP3	0	AfrAmr	0	0
RAB11FIP4	0	AfrAmr	0	0
RAB13	0	AfrAmr	0	0
RAB19	0	AfrAmr	0	0
RAB1B	0	AfrAmr	0	0
RAB24	0	AfrAmr	0	0
RAB27A	0	AfrAmr	0	0
RAB28	0	AfrAmr	0	0
RAB29	0	AfrAmr	0	0
RAB2A	0	AfrAmr	0	0
RAB2B	0	AfrAmr	0	0
RAB32	0	AfrAmr	0	0
RAB33A	0	AfrAmr	0	0
RAB3D	0	AfrAmr	0	0
RAB3GAP1	0	AfrAmr	0	0
RAB40C	0	AfrAmr	0	0
RAB4A	0	AfrAmr	0	0
RAB4B	0	AfrAmr	0	0
RAB5A	0	AfrAmr	0	0
RAB6C	0	AfrAmr	0	0
RAB8B	0	AfrAmr	0	0
RAB9A	0	AfrAmr	0	0
RABEP1	0	AfrAmr	0	0
RABEP2	0	AfrAmr	0	0
RABEPK	0	AfrAmr	0	0
RABGAP1	0	AfrAmr	0	0
RABGAP1L	0	AfrAmr	0	0
RABGEF1	0	AfrAmr	0	0
RABL2A	0	AfrAmr	0	0
RABL2B	0	AfrAmr	0	0
RABL3	0	AfrAmr	0	0
RAC2	0	AfrAmr	0	0
RAC3	0	AfrAmr	0	0
RACGAP1	0	AfrAmr	0	0
RAD21	0	AfrAmr	0	0
RAD23A	0	AfrAmr	0	0
RAD51AP2	0	AfrAmr	0	0
RAD51C	0	AfrAmr	0	0
RAD51D	0	AfrAmr	0	0
RAD54B	0	AfrAmr	0	0
RAD54L	0	AfrAmr	0	0
RAD9A	0	AfrAmr	0	0
RAD9B	0	AfrAmr	0	0
RAET1L	0	AfrAmr	0	0
RAF1	0	AfrAmr	0	0
RAI1	0	AfrAmr	0	0
RAI14	0	AfrAmr	0	0
RALB	0	AfrAmr	0	0
RALBP1	0	AfrAmr	0	0
RALGAPA1	0	AfrAmr	0	0
RALGAPB	0	AfrAmr	0	0
RALGDS	0	AfrAmr	0	0
RALGPS1	0	AfrAmr	0	0
RALGPS2	0	AfrAmr	0	0
RANBP1	0	AfrAmr	0	0
RANBP17	0	AfrAmr	0	0
RANBP3L	0	AfrAmr	0	0
RANBP6	0	AfrAmr	0	0
RAP1B	0	AfrAmr	0	0
RAP1GAP	0	AfrAmr	0	0
RAP1GAP2	0	AfrAmr	0	0
RAP2A	0	AfrAmr	0	0
RAP2C	0	AfrAmr	0	0
RAPGEF4	0	AfrAmr	0	0
RAPGEF5	0	AfrAmr	0	0
RAPGEF6	0	AfrAmr	0	0
RAPH1	0	AfrAmr	0	0
RARB	0	AfrAmr	0	0
RARS	0	AfrAmr	0	0
RASAL1	0	AfrAmr	0	0
RASAL2	0	AfrAmr	0	0
RASD1	0	AfrAmr	0	0
RASD2	0	AfrAmr	0	0
RASGRF2	0	AfrAmr	0	0
RASGRP1	0	AfrAmr	0	0
RASGRP2	0	AfrAmr	0	0
RASGRP3	0	AfrAmr	0	0
RASL11B	0	AfrAmr	0	0
RASSF10	0	AfrAmr	0	0
RASSF6	0	AfrAmr	0	0
RAVER2	0	AfrAmr	0	0
RB1	0	AfrAmr	0	0
RB1CC1	0	AfrAmr	0	0
RBBP9	0	AfrAmr	0	0
RBCK1	0	AfrAmr	0	0
RBFA	0	AfrAmr	0	0
RBKS	0	AfrAmr	0	0
RBL1	0	AfrAmr	0	0
RBL2	0	AfrAmr	0	0
RBM11	0	AfrAmr	0	0
RBM19	0	AfrAmr	0	0
RBM22	0	AfrAmr	0	0
RBM23	0	AfrAmr	0	0
RBM25	0	AfrAmr	0	0
RBM26	0	AfrAmr	0	0
RBM33	0	AfrAmr	0	0
RBM39	0	AfrAmr	0	0
RBM42	0	AfrAmr	0	0
RBM46	0	AfrAmr	0	0
RBM47	0	AfrAmr	0	0
RBM48	0	AfrAmr	0	0
RBM4B	0	AfrAmr	0	0
RBM7	0	AfrAmr	0	0
RBM8A	0	AfrAmr	0	0
RBMS1	0	AfrAmr	0	0
RBMS3	0	AfrAmr	0	0
RBMX2	0	AfrAmr	0	0
RBP2	0	AfrAmr	0	0
RBP3	0	AfrAmr	0	0
RBP4	0	AfrAmr	0	0
RBPJ	0	AfrAmr	0	0
RBPJL	0	AfrAmr	0	0
RC3H1	0	AfrAmr	0	0
RC3H2	0	AfrAmr	0	0
RCAN1	0	AfrAmr	0	0
RCBTB1	0	AfrAmr	0	0
RCC1	0	AfrAmr	0	0
RCC2	0	AfrAmr	0	0
RCE1	0	AfrAmr	0	0
RCN3	0	AfrAmr	0	0
RCOR3	0	AfrAmr	0	0
RDH10	0	AfrAmr	0	0
RDH11	0	AfrAmr	0	0
RDH16	0	AfrAmr	0	0
RDH8	0	AfrAmr	0	0
RDX	0	AfrAmr	0	0
REC8	0	AfrAmr	0	0
RECK	0	AfrAmr	0	0
RECQL	0	AfrAmr	0	0
RECQL4	0	AfrAmr	0	0
REEP1	0	AfrAmr	0	0
REG3G	0	AfrAmr	0	0
REL	0	AfrAmr	0	0
RELA	0	AfrAmr	0	0
REM2	0	AfrAmr	0	0
REN	0	AfrAmr	0	0
RENBP	0	AfrAmr	0	0
REPIN1	0	AfrAmr	0	0
REPS1	0	AfrAmr	0	0
RERG	0	AfrAmr	0	0
RERGL	0	AfrAmr	0	0
REST	0	AfrAmr	0	0
RETNLB	0	AfrAmr	0	0
REXO1	0	AfrAmr	0	0
REXO2	0	AfrAmr	0	0
RFC1	0	AfrAmr	0	0
RFC2	0	AfrAmr	0	0
RFFL	0	AfrAmr	0	0
RFK	0	AfrAmr	0	0
RFPL2	0	AfrAmr	0	0
RFPL4B	0	AfrAmr	0	0
RFTN1	0	AfrAmr	0	0
RFTN2	0	AfrAmr	0	0
RFWD2	0	AfrAmr	0	0
RFWD3	0	AfrAmr	0	0
RFX2	0	AfrAmr	0	0
RFX4	0	AfrAmr	0	0
RFX6	0	AfrAmr	0	0
RFX7	0	AfrAmr	0	0
RFXANK	0	AfrAmr	0	0
RGAG4	0	AfrAmr	0	0
RGL4	0	AfrAmr	0	0
RGMB	0	AfrAmr	0	0
RGPD8	0	AfrAmr	0	0
RGR	0	AfrAmr	0	0
RGS1	0	AfrAmr	0	0
RGS10	0	AfrAmr	0	0
RGS12	0	AfrAmr	0	0
RGS14	0	AfrAmr	0	0
RGS17	0	AfrAmr	0	0
RGS19	0	AfrAmr	0	0
RGS7	0	AfrAmr	0	0
RGS8	0	AfrAmr	0	0
RGS9	0	AfrAmr	0	0
RGS9BP	0	AfrAmr	0	0
RHBDD1	0	AfrAmr	0	0
RHBDD2	0	AfrAmr	0	0
RHBG	0	AfrAmr	0	0
RHD	0	AfrAmr	0	0
RHOBTB1	0	AfrAmr	0	0
RHOBTB3	0	AfrAmr	0	0
RHOD	0	AfrAmr	0	0
RHOF	0	AfrAmr	0	0
RHOH	0	AfrAmr	0	0
RHOT2	0	AfrAmr	0	0
RHOV	0	AfrAmr	0	0
RHPN1	0	AfrAmr	0	0
RHPN2	0	AfrAmr	0	0
RIBC1	0	AfrAmr	0	0
RIC8A	0	AfrAmr	0	0
RIC8B	0	AfrAmr	0	0
RIF1	0	AfrAmr	0	0
RIMBP3	0	AfrAmr	0	0
RIMKLA	0	AfrAmr	0	0
RIMKLB	0	AfrAmr	0	0
RIN1	0	AfrAmr	0	0
RIN3	0	AfrAmr	0	0
RINL	0	AfrAmr	0	0
RIOK1	0	AfrAmr	0	0
RIOK3	0	AfrAmr	0	0
RIPK3	0	AfrAmr	0	0
RIPK4	0	AfrAmr	0	0
RLBP1	0	AfrAmr	0	0
RLF	0	AfrAmr	0	0
RLN2	0	AfrAmr	0	0
RMDN1	0	AfrAmr	0	0
RMDN2	0	AfrAmr	0	0
RMDN3	0	AfrAmr	0	0
RMND1	0	AfrAmr	0	0
RNASE11	0	AfrAmr	0	0
RNASE13	0	AfrAmr	0	0
RNASEH2A	0	AfrAmr	0	0
RNASEH2B	0	AfrAmr	0	0
RNASEL	0	AfrAmr	0	0
RNASET2	0	AfrAmr	0	0
RND3	0	AfrAmr	0	0
RNF10	0	AfrAmr	0	0
RNF103	0	AfrAmr	0	0
RNF11	0	AfrAmr	0	0
RNF111	0	AfrAmr	0	0
RNF112	0	AfrAmr	0	0
RNF113B	0	AfrAmr	0	0
RNF115	0	AfrAmr	0	0
RNF122	0	AfrAmr	0	0
RNF123	0	AfrAmr	0	0
RNF126	0	AfrAmr	0	0
RNF128	0	AfrAmr	0	0
RNF13	0	AfrAmr	0	0
RNF144A	0	AfrAmr	0	0
RNF144B	0	AfrAmr	0	0
RNF146	0	AfrAmr	0	0
RNF148	0	AfrAmr	0	0
RNF149	0	AfrAmr	0	0
RNF157	0	AfrAmr	0	0
RNF169	0	AfrAmr	0	0
RNF170	0	AfrAmr	0	0
RNF19A	0	AfrAmr	0	0
RNF19B	0	AfrAmr	0	0
RNF20	0	AfrAmr	0	0
RNF208	0	AfrAmr	0	0
RNF212	0	AfrAmr	0	0
RNF214	0	AfrAmr	0	0
RNF215	0	AfrAmr	0	0
RNF216	0	AfrAmr	0	0
RNF219	0	AfrAmr	0	0
RNF24	0	AfrAmr	0	0
RNF25	0	AfrAmr	0	0
RNF31	0	AfrAmr	0	0
RNF5	0	AfrAmr	0	0
RNF6	0	AfrAmr	0	0
RNF8	0	AfrAmr	0	0
RNH1	0	AfrAmr	0	0
RNLS	0	AfrAmr	0	0
ROBO4	0	AfrAmr	0	0
ROCK2	0	AfrAmr	0	0
ROMO1	0	AfrAmr	0	0
ROR1	0	AfrAmr	0	0
RORA	0	AfrAmr	0	0
ROS1	0	AfrAmr	0	0
RP11-108O10.8	0	AfrAmr	0	0
RP11-330H6.5	0	AfrAmr	0	0
RP11-35N6.1	0	AfrAmr	0	0
RP4-539M6.19	0	AfrAmr	0	0
RPA1	0	AfrAmr	0	0
RPA3	0	AfrAmr	0	0
RPAP1	0	AfrAmr	0	0
RPAP2	0	AfrAmr	0	0
RPAP3	0	AfrAmr	0	0
RPE	0	AfrAmr	0	0
RPF2	0	AfrAmr	0	0
RPH3AL	0	AfrAmr	0	0
RPL10	0	AfrAmr	0	0
RPL10L	0	AfrAmr	0	0
RPL18	0	AfrAmr	0	0
RPL21	0	AfrAmr	0	0
RPL34	0	AfrAmr	0	0
RPL35	0	AfrAmr	0	0
RPL3L	0	AfrAmr	0	0
RPL4	0	AfrAmr	0	0
RPL7A	0	AfrAmr	0	0
RPLP2	0	AfrAmr	0	0
RPP30	0	AfrAmr	0	0
RPP38	0	AfrAmr	0	0
RPP40	0	AfrAmr	0	0
RPRD1B	0	AfrAmr	0	0
RPS11	0	AfrAmr	0	0
RPS28	0	AfrAmr	0	0
RPS6	0	AfrAmr	0	0
RPS6KA2	0	AfrAmr	0	0
RPS6KA4	0	AfrAmr	0	0
RPS6KA5	0	AfrAmr	0	0
RPS6KB2	0	AfrAmr	0	0
RPS6KC1	0	AfrAmr	0	0
RPSAP58	0	AfrAmr	0	0
RPUSD1	0	AfrAmr	0	0
RPUSD2	0	AfrAmr	0	0
RPUSD4	0	AfrAmr	0	0
RRAGA	0	AfrAmr	0	0
RRAGB	0	AfrAmr	0	0
RRBP1	0	AfrAmr	0	0
RRM2B	0	AfrAmr	0	0
RSAD2	0	AfrAmr	0	0
RSG1	0	AfrAmr	0	0
RSL1D1	0	AfrAmr	0	0
RSL24D1	0	AfrAmr	0	0
RSPH4A	0	AfrAmr	0	0
RSPH9	0	AfrAmr	0	0
RSPO3	0	AfrAmr	0	0
RSPO4	0	AfrAmr	0	0
RSPRY1	0	AfrAmr	0	0
RTCB	0	AfrAmr	0	0
RTEL1	0	AfrAmr	0	0
RTF1	0	AfrAmr	0	0
RTKN	0	AfrAmr	0	0
RTN1	0	AfrAmr	0	0
RTP5	0	AfrAmr	0	0
RTTN	0	AfrAmr	0	0
RUFY1	0	AfrAmr	0	0
RUFY3	0	AfrAmr	0	0
RUNX2	0	AfrAmr	0	0
RUNX3	0	AfrAmr	0	0
RUSC1	0	AfrAmr	0	0
RUSC2	0	AfrAmr	0	0
RUVBL2	0	AfrAmr	0	0
RXFP1	0	AfrAmr	0	0
S100A11	0	AfrAmr	0	0
S100A13	0	AfrAmr	0	0
S100A7A	0	AfrAmr	0	0
S1PR4	0	AfrAmr	0	0
S1PR5	0	AfrAmr	0	0
SALL4	0	AfrAmr	0	0
SAMD1	0	AfrAmr	0	0
SAMD11	0	AfrAmr	0	0
SAMD3	0	AfrAmr	0	0
SAMD9L	0	AfrAmr	0	0
SAMHD1	0	AfrAmr	0	0
SAP18	0	AfrAmr	0	0
SAR1B	0	AfrAmr	0	0
SARAF	0	AfrAmr	0	0
SASH1	0	AfrAmr	0	0
SAT2	0	AfrAmr	0	0
SATL1	0	AfrAmr	0	0
SAXO2	0	AfrAmr	0	0
SAYSD1	0	AfrAmr	0	0
SBF1	0	AfrAmr	0	0
SBF2	0	AfrAmr	0	0
SBK1	0	AfrAmr	0	0
SBNO1	0	AfrAmr	0	0
SBNO2	0	AfrAmr	0	0
SBSPON	0	AfrAmr	0	0
SCAF11	0	AfrAmr	0	0
SCAF4	0	AfrAmr	0	0
SCAMP5	0	AfrAmr	0	0
SCAPER	0	AfrAmr	0	0
SCARA3	0	AfrAmr	0	0
SCARB1	0	AfrAmr	0	0
SCARB2	0	AfrAmr	0	0
SCFD1	0	AfrAmr	0	0
SCGB1D4	0	AfrAmr	0	0
SCGB2A1	0	AfrAmr	0	0
SCGN	0	AfrAmr	0	0
SCIN	0	AfrAmr	0	0
SCLY	0	AfrAmr	0	0
SCN10A	0	AfrAmr	0	0
SCN11A	0	AfrAmr	0	0
SCN1B	0	AfrAmr	0	0
SCN2B	0	AfrAmr	0	0
SCN4B	0	AfrAmr	0	0
SCN7A	0	AfrAmr	0	0
SCN8A	0	AfrAmr	0	0
SCNN1A	0	AfrAmr	0	0
SCNN1B	0	AfrAmr	0	0
SCNN1D	0	AfrAmr	0	0
SCNN1G	0	AfrAmr	0	0
SCO1	0	AfrAmr	0	0
SCP2	0	AfrAmr	0	0
SCRN1	0	AfrAmr	0	0
SCRT2	0	AfrAmr	0	0
SCUBE3	0	AfrAmr	0	0
SCYL1	0	AfrAmr	0	0
SCYL2	0	AfrAmr	0	0
SCYL3	0	AfrAmr	0	0
SDC1	0	AfrAmr	0	0
SDC3	0	AfrAmr	0	0
SDC4	0	AfrAmr	0	0
SDCCAG8	0	AfrAmr	0	0
SDF2L1	0	AfrAmr	0	0
SDF4	0	AfrAmr	0	0
SDHA	0	AfrAmr	0	0
SDHAF2	0	AfrAmr	0	0
SDR16C5	0	AfrAmr	0	0
SEC13	0	AfrAmr	0	0
SEC14L2	0	AfrAmr	0	0
SEC14L3	0	AfrAmr	0	0
SEC14L4	0	AfrAmr	0	0
SEC14L5	0	AfrAmr	0	0
SEC16A	0	AfrAmr	0	0
SEC16B	0	AfrAmr	0	0
SEC23A	0	AfrAmr	0	0
SEC23IP	0	AfrAmr	0	0
SEC24A	0	AfrAmr	0	0
SEC24B	0	AfrAmr	0	0
SEC24D	0	AfrAmr	0	0
SEC61A1	0	AfrAmr	0	0
SEC61A2	0	AfrAmr	0	0
SEC61G	0	AfrAmr	0	0
SEC63	0	AfrAmr	0	0
SECISBP2	0	AfrAmr	0	0
SEL1L3	0	AfrAmr	0	0
SELO	0	AfrAmr	0	0
SELP	0	AfrAmr	0	0
SEMA3B	0	AfrAmr	0	0
SEMA3C	0	AfrAmr	0	0
SEMA3D	0	AfrAmr	0	0
SEMA3F	0	AfrAmr	0	0
SEMA3G	0	AfrAmr	0	0
SEMA4B	0	AfrAmr	0	0
SEMA4D	0	AfrAmr	0	0
SEMA6A	0	AfrAmr	0	0
SEMA6D	0	AfrAmr	0	0
SEMA7A	0	AfrAmr	0	0
SENP2	0	AfrAmr	0	0
SENP5	0	AfrAmr	0	0
SENP6	0	AfrAmr	0	0
SENP8	0	AfrAmr	0	0
SEP15	0	AfrAmr	0	0
SEPP1	0	AfrAmr	0	0
SEPT2	0	AfrAmr	0	0
SEPT5	0	AfrAmr	0	0
SEPT8	0	AfrAmr	0	0
SEPT9	0	AfrAmr	0	0
SERAC1	0	AfrAmr	0	0
SERHL2	0	AfrAmr	0	0
SERINC2	0	AfrAmr	0	0
SERINC3	0	AfrAmr	0	0
SERINC4	0	AfrAmr	0	0
SERPINA1	0	AfrAmr	0	0
SERPINA10	0	AfrAmr	0	0
SERPINA12	0	AfrAmr	0	0
SERPINA5	0	AfrAmr	0	0
SERPINA7	0	AfrAmr	0	0
SERPINA9	0	AfrAmr	0	0
SERPINB10	0	AfrAmr	0	0
SERPINB11	0	AfrAmr	0	0
SERPINB12	0	AfrAmr	0	0
SERPINB13	0	AfrAmr	0	0
SERPINB4	0	AfrAmr	0	0
SERPINB8	0	AfrAmr	0	0
SERPINB9	0	AfrAmr	0	0
SERPINC1	0	AfrAmr	0	0
SERPIND1	0	AfrAmr	0	0
SERPINE1	0	AfrAmr	0	0
SERPINE2	0	AfrAmr	0	0
SERPING1	0	AfrAmr	0	0
SERPINI2	0	AfrAmr	0	0
SERTAD1	0	AfrAmr	0	0
SERTAD2	0	AfrAmr	0	0
SERTAD3	0	AfrAmr	0	0
SESN2	0	AfrAmr	0	0
SESN3	0	AfrAmr	0	0
SET	0	AfrAmr	0	0
SETD4	0	AfrAmr	0	0
SETD6	0	AfrAmr	0	0
SETD8	0	AfrAmr	0	0
SETX	0	AfrAmr	0	0
SEZ6	0	AfrAmr	0	0
SEZ6L2	0	AfrAmr	0	0
SF1	0	AfrAmr	0	0
SF3A1	0	AfrAmr	0	0
SF3A2	0	AfrAmr	0	0
SF3B2	0	AfrAmr	0	0
SF3B3	0	AfrAmr	0	0
SF3B5	0	AfrAmr	0	0
SFI1	0	AfrAmr	0	0
SFMBT1	0	AfrAmr	0	0
SFMBT2	0	AfrAmr	0	0
SFRP1	0	AfrAmr	0	0
SFRP4	0	AfrAmr	0	0
SFT2D2	0	AfrAmr	0	0
SFTPB	0	AfrAmr	0	0
SFTPC	0	AfrAmr	0	0
SFTPD	0	AfrAmr	0	0
SFXN1	0	AfrAmr	0	0
SFXN5	0	AfrAmr	0	0
SGCA	0	AfrAmr	0	0
SGCE	0	AfrAmr	0	0
SGK2	0	AfrAmr	0	0
SGK3	0	AfrAmr	0	0
SGMS1	0	AfrAmr	0	0
SGPL1	0	AfrAmr	0	0
SGPP1	0	AfrAmr	0	0
SGSH	0	AfrAmr	0	0
SGSM2	0	AfrAmr	0	0
SGSM3	0	AfrAmr	0	0
SGTA	0	AfrAmr	0	0
SH2D2A	0	AfrAmr	0	0
SH2D3A	0	AfrAmr	0	0
SH3BGRL3	0	AfrAmr	0	0
SH3BP1	0	AfrAmr	0	0
SH3BP5L	0	AfrAmr	0	0
SH3D19	0	AfrAmr	0	0
SH3GL1	0	AfrAmr	0	0
SH3GL3	0	AfrAmr	0	0
SH3GLB1	0	AfrAmr	0	0
SH3PXD2A	0	AfrAmr	0	0
SH3PXD2B	0	AfrAmr	0	0
SH3RF1	0	AfrAmr	0	0
SH3RF2	0	AfrAmr	0	0
SH3RF3	0	AfrAmr	0	0
SHANK1	0	AfrAmr	0	0
SHANK2	0	AfrAmr	0	0
SHB	0	AfrAmr	0	0
SHC2	0	AfrAmr	0	0
SHCBP1	0	AfrAmr	0	0
SHCBP1L	0	AfrAmr	0	0
SHD	0	AfrAmr	0	0
SHFM1	0	AfrAmr	0	0
SHMT1	0	AfrAmr	0	0
SHMT2	0	AfrAmr	0	0
SHOC2	0	AfrAmr	0	0
SHOX2	0	AfrAmr	0	0
SHPK	0	AfrAmr	0	0
SHPRH	0	AfrAmr	0	0
SHQ1	0	AfrAmr	0	0
SHROOM1	0	AfrAmr	0	0
SHROOM3	0	AfrAmr	0	0
SIAE	0	AfrAmr	0	0
SIGLEC10	0	AfrAmr	0	0
SIGLEC12	0	AfrAmr	0	0
SIGLEC5	0	AfrAmr	0	0
SIGMAR1	0	AfrAmr	0	0
SIK2	0	AfrAmr	0	0
SIK3	0	AfrAmr	0	0
SIL1	0	AfrAmr	0	0
SIM1	0	AfrAmr	0	0
SIMC1	0	AfrAmr	0	0
SIN3A	0	AfrAmr	0	0
SIN3B	0	AfrAmr	0	0
SIPA1L1	0	AfrAmr	0	0
SIPA1L2	0	AfrAmr	0	0
SIPA1L3	0	AfrAmr	0	0
SIRPA	0	AfrAmr	0	0
SIRPB2	0	AfrAmr	0	0
SIRPG	0	AfrAmr	0	0
SIRT1	0	AfrAmr	0	0
SIRT2	0	AfrAmr	0	0
SIX1	0	AfrAmr	0	0
SIX4	0	AfrAmr	0	0
SIX5	0	AfrAmr	0	0
SIX6	0	AfrAmr	0	0
SKA3	0	AfrAmr	0	0
SKI	0	AfrAmr	0	0
SKIV2L	0	AfrAmr	0	0
SKIV2L2	0	AfrAmr	0	0
SKP1	0	AfrAmr	0	0
SLA	0	AfrAmr	0	0
SLC10A3	0	AfrAmr	0	0
SLC10A4	0	AfrAmr	0	0
SLC10A5	0	AfrAmr	0	0
SLC11A2	0	AfrAmr	0	0
SLC12A4	0	AfrAmr	0	0
SLC12A5	0	AfrAmr	0	0
SLC12A6	0	AfrAmr	0	0
SLC13A1	0	AfrAmr	0	0
SLC13A3	0	AfrAmr	0	0
SLC13A4	0	AfrAmr	0	0
SLC13A5	0	AfrAmr	0	0
SLC14A2	0	AfrAmr	0	0
SLC15A3	0	AfrAmr	0	0
SLC15A4	0	AfrAmr	0	0
SLC16A1	0	AfrAmr	0	0
SLC16A12	0	AfrAmr	0	0
SLC16A13	0	AfrAmr	0	0
SLC16A14	0	AfrAmr	0	0
SLC16A5	0	AfrAmr	0	0
SLC16A7	0	AfrAmr	0	0
SLC17A3	0	AfrAmr	0	0
SLC17A4	0	AfrAmr	0	0
SLC17A5	0	AfrAmr	0	0
SLC17A6	0	AfrAmr	0	0
SLC18A2	0	AfrAmr	0	0
SLC18A3	0	AfrAmr	0	0
SLC19A1	0	AfrAmr	0	0
SLC1A1	0	AfrAmr	0	0
SLC1A2	0	AfrAmr	0	0
SLC1A6	0	AfrAmr	0	0
SLC20A1	0	AfrAmr	0	0
SLC22A12	0	AfrAmr	0	0
SLC22A13	0	AfrAmr	0	0
SLC22A15	0	AfrAmr	0	0
SLC22A2	0	AfrAmr	0	0
SLC22A3	0	AfrAmr	0	0
SLC22A4	0	AfrAmr	0	0
SLC22A5	0	AfrAmr	0	0
SLC22A6	0	AfrAmr	0	0
SLC22A8	0	AfrAmr	0	0
SLC23A2	0	AfrAmr	0	0
SLC24A1	0	AfrAmr	0	0
SLC24A2	0	AfrAmr	0	0
SLC24A4	0	AfrAmr	0	0
SLC24A5	0	AfrAmr	0	0
SLC25A1	0	AfrAmr	0	0
SLC25A11	0	AfrAmr	0	0
SLC25A12	0	AfrAmr	0	0
SLC25A16	0	AfrAmr	0	0
SLC25A17	0	AfrAmr	0	0
SLC25A21	0	AfrAmr	0	0
SLC25A22	0	AfrAmr	0	0
SLC25A24	0	AfrAmr	0	0
SLC25A26	0	AfrAmr	0	0
SLC25A28	0	AfrAmr	0	0
SLC25A29	0	AfrAmr	0	0
SLC25A30	0	AfrAmr	0	0
SLC25A31	0	AfrAmr	0	0
SLC25A35	0	AfrAmr	0	0
SLC25A39	0	AfrAmr	0	0
SLC25A41	0	AfrAmr	0	0
SLC25A42	0	AfrAmr	0	0
SLC25A44	0	AfrAmr	0	0
SLC25A46	0	AfrAmr	0	0
SLC25A52	0	AfrAmr	0	0
SLC26A11	0	AfrAmr	0	0
SLC26A3	0	AfrAmr	0	0
SLC26A4	0	AfrAmr	0	0
SLC26A5	0	AfrAmr	0	0
SLC26A7	0	AfrAmr	0	0
SLC26A8	0	AfrAmr	0	0
SLC27A1	0	AfrAmr	0	0
SLC27A4	0	AfrAmr	0	0
SLC27A5	0	AfrAmr	0	0
SLC28A1	0	AfrAmr	0	0
SLC28A3	0	AfrAmr	0	0
SLC29A2	0	AfrAmr	0	0
SLC29A3	0	AfrAmr	0	0
SLC29A4	0	AfrAmr	0	0
SLC2A1	0	AfrAmr	0	0
SLC2A14	0	AfrAmr	0	0
SLC2A3	0	AfrAmr	0	0
SLC2A4RG	0	AfrAmr	0	0
SLC2A6	0	AfrAmr	0	0
SLC30A1	0	AfrAmr	0	0
SLC30A10	0	AfrAmr	0	0
SLC30A3	0	AfrAmr	0	0
SLC34A1	0	AfrAmr	0	0
SLC34A2	0	AfrAmr	0	0
SLC34A3	0	AfrAmr	0	0
SLC35A2	0	AfrAmr	0	0
SLC35A3	0	AfrAmr	0	0
SLC35A4	0	AfrAmr	0	0
SLC35A5	0	AfrAmr	0	0
SLC35B4	0	AfrAmr	0	0
SLC35C1	0	AfrAmr	0	0
SLC35E1	0	AfrAmr	0	0
SLC35E2	0	AfrAmr	0	0
SLC35E2B	0	AfrAmr	0	0
SLC35E4	0	AfrAmr	0	0
SLC35F1	0	AfrAmr	0	0
SLC35F3	0	AfrAmr	0	0
SLC35F4	0	AfrAmr	0	0
SLC35F5	0	AfrAmr	0	0
SLC35F6	0	AfrAmr	0	0
SLC35G3	0	AfrAmr	0	0
SLC36A1	0	AfrAmr	0	0
SLC36A4	0	AfrAmr	0	0
SLC37A2	0	AfrAmr	0	0
SLC37A3	0	AfrAmr	0	0
SLC38A1	0	AfrAmr	0	0
SLC38A10	0	AfrAmr	0	0
SLC38A2	0	AfrAmr	0	0
SLC38A3	0	AfrAmr	0	0
SLC38A4	0	AfrAmr	0	0
SLC38A7	0	AfrAmr	0	0
SLC39A13	0	AfrAmr	0	0
SLC39A4	0	AfrAmr	0	0
SLC39A7	0	AfrAmr	0	0
SLC39A9	0	AfrAmr	0	0
SLC40A1	0	AfrAmr	0	0
SLC41A1	0	AfrAmr	0	0
SLC43A2	0	AfrAmr	0	0
SLC43A3	0	AfrAmr	0	0
SLC44A1	0	AfrAmr	0	0
SLC44A2	0	AfrAmr	0	0
SLC44A5	0	AfrAmr	0	0
SLC45A3	0	AfrAmr	0	0
SLC46A2	0	AfrAmr	0	0
SLC46A3	0	AfrAmr	0	0
SLC47A2	0	AfrAmr	0	0
SLC4A11	0	AfrAmr	0	0
SLC4A1AP	0	AfrAmr	0	0
SLC50A1	0	AfrAmr	0	0
SLC51A	0	AfrAmr	0	0
SLC52A1	0	AfrAmr	0	0
SLC52A2	0	AfrAmr	0	0
SLC5A10	0	AfrAmr	0	0
SLC5A11	0	AfrAmr	0	0
SLC5A3	0	AfrAmr	0	0
SLC5A5	0	AfrAmr	0	0
SLC5A7	0	AfrAmr	0	0
SLC5A8	0	AfrAmr	0	0
SLC5A9	0	AfrAmr	0	0
SLC6A11	0	AfrAmr	0	0
SLC6A16	0	AfrAmr	0	0
SLC6A18	0	AfrAmr	0	0
SLC6A4	0	AfrAmr	0	0
SLC6A6	0	AfrAmr	0	0
SLC7A1	0	AfrAmr	0	0
SLC7A11	0	AfrAmr	0	0
SLC7A13	0	AfrAmr	0	0
SLC7A2	0	AfrAmr	0	0
SLC7A4	0	AfrAmr	0	0
SLC7A5	0	AfrAmr	0	0
SLC7A8	0	AfrAmr	0	0
SLC7A9	0	AfrAmr	0	0
SLC9A1	0	AfrAmr	0	0
SLC9A3R1	0	AfrAmr	0	0
SLC9A4	0	AfrAmr	0	0
SLC9A5	0	AfrAmr	0	0
SLC9A6	0	AfrAmr	0	0
SLC9A7	0	AfrAmr	0	0
SLC9B2	0	AfrAmr	0	0
SLC9C2	0	AfrAmr	0	0
SLCO1A2	0	AfrAmr	0	0
SLCO1B1	0	AfrAmr	0	0
SLCO2A1	0	AfrAmr	0	0
SLCO2B1	0	AfrAmr	0	0
SLCO4A1	0	AfrAmr	0	0
SLCO4C1	0	AfrAmr	0	0
SLFN12L	0	AfrAmr	0	0
SLFN5	0	AfrAmr	0	0
SLIT1	0	AfrAmr	0	0
SLIT2	0	AfrAmr	0	0
SLITRK1	0	AfrAmr	0	0
SLITRK2	0	AfrAmr	0	0
SLITRK4	0	AfrAmr	0	0
SLITRK5	0	AfrAmr	0	0
SLK	0	AfrAmr	0	0
SLU7	0	AfrAmr	0	0
SMAD7	0	AfrAmr	0	0
SMAD9	0	AfrAmr	0	0
SMAP2	0	AfrAmr	0	0
SMARCA2	0	AfrAmr	0	0
SMARCA4	0	AfrAmr	0	0
SMARCA5	0	AfrAmr	0	0
SMARCAD1	0	AfrAmr	0	0
SMARCB1	0	AfrAmr	0	0
SMARCC1	0	AfrAmr	0	0
SMARCC2	0	AfrAmr	0	0
SMARCD2	0	AfrAmr	0	0
SMARCD3	0	AfrAmr	0	0
SMC1A	0	AfrAmr	0	0
SMC1B	0	AfrAmr	0	0
SMC3	0	AfrAmr	0	0
SMC4	0	AfrAmr	0	0
SMC5	0	AfrAmr	0	0
SMCR8	0	AfrAmr	0	0
SMEK1	0	AfrAmr	0	0
SMG1	0	AfrAmr	0	0
SMG5	0	AfrAmr	0	0
SMG6	0	AfrAmr	0	0
SMG7	0	AfrAmr	0	0
SMG8	0	AfrAmr	0	0
SMIM21	0	AfrAmr	0	0
SMIM8	0	AfrAmr	0	0
SMO	0	AfrAmr	0	0
SMOC1	0	AfrAmr	0	0
SMOC2	0	AfrAmr	0	0
SMOX	0	AfrAmr	0	0
SMPD3	0	AfrAmr	0	0
SMPD4	0	AfrAmr	0	0
SMPDL3A	0	AfrAmr	0	0
SMPX	0	AfrAmr	0	0
SMTN	0	AfrAmr	0	0
SMUG1	0	AfrAmr	0	0
SMYD1	0	AfrAmr	0	0
SMYD2	0	AfrAmr	0	0
SMYD4	0	AfrAmr	0	0
SNAP29	0	AfrAmr	0	0
SNAP91	0	AfrAmr	0	0
SNAPC1	0	AfrAmr	0	0
SNAPC3	0	AfrAmr	0	0
SNAPC4	0	AfrAmr	0	0
SND1	0	AfrAmr	0	0
SNED1	0	AfrAmr	0	0
SNIP1	0	AfrAmr	0	0
SNRK	0	AfrAmr	0	0
SNRNP27	0	AfrAmr	0	0
SNRNP35	0	AfrAmr	0	0
SNRNP40	0	AfrAmr	0	0
SNRPA1	0	AfrAmr	0	0
SNTA1	0	AfrAmr	0	0
SNTB1	0	AfrAmr	0	0
SNW1	0	AfrAmr	0	0
SNX1	0	AfrAmr	0	0
SNX10	0	AfrAmr	0	0
SNX13	0	AfrAmr	0	0
SNX14	0	AfrAmr	0	0
SNX15	0	AfrAmr	0	0
SNX17	0	AfrAmr	0	0
SNX18	0	AfrAmr	0	0
SNX19	0	AfrAmr	0	0
SNX21	0	AfrAmr	0	0
SNX25	0	AfrAmr	0	0
SNX29	0	AfrAmr	0	0
SNX3	0	AfrAmr	0	0
SNX31	0	AfrAmr	0	0
SNX33	0	AfrAmr	0	0
SNX5	0	AfrAmr	0	0
SNX9	0	AfrAmr	0	0
SOAT2	0	AfrAmr	0	0
SOBP	0	AfrAmr	0	0
SOCS6	0	AfrAmr	0	0
SOGA1	0	AfrAmr	0	0
SOGA3	0	AfrAmr	0	0
SOHLH1	0	AfrAmr	0	0
SORBS1	0	AfrAmr	0	0
SORBS2	0	AfrAmr	0	0
SORCS3	0	AfrAmr	0	0
SORL1	0	AfrAmr	0	0
SOS1	0	AfrAmr	0	0
SOS2	0	AfrAmr	0	0
SOWAHB	0	AfrAmr	0	0
SOX11	0	AfrAmr	0	0
SOX13	0	AfrAmr	0	0
SOX2	0	AfrAmr	0	0
SOX30	0	AfrAmr	0	0
SOX7	0	AfrAmr	0	0
SP1	0	AfrAmr	0	0
SP110	0	AfrAmr	0	0
SP140L	0	AfrAmr	0	0
SP2	0	AfrAmr	0	0
SP7	0	AfrAmr	0	0
SPA17	0	AfrAmr	0	0
SPACA1	0	AfrAmr	0	0
SPACA3	0	AfrAmr	0	0
SPAG1	0	AfrAmr	0	0
SPAG11A	0	AfrAmr	0	0
SPAG11B	0	AfrAmr	0	0
SPAG5	0	AfrAmr	0	0
SPAG6	0	AfrAmr	0	0
SPAG8	0	AfrAmr	0	0
SPAG9	0	AfrAmr	0	0
SPARCL1	0	AfrAmr	0	0
SPATA25	0	AfrAmr	0	0
SPATA31A1	0	AfrAmr	0	0
SPATA31A3	0	AfrAmr	0	0
SPATA31A6	0	AfrAmr	0	0
SPATA31D1	0	AfrAmr	0	0
SPATA5	0	AfrAmr	0	0
SPATA7	0	AfrAmr	0	0
SPATS2	0	AfrAmr	0	0
SPC25	0	AfrAmr	0	0
SPCS3	0	AfrAmr	0	0
SPDYE3	0	AfrAmr	0	0
SPECC1L	0	AfrAmr	0	0
SPEF2	0	AfrAmr	0	0
SPEM1	0	AfrAmr	0	0
SPESP1	0	AfrAmr	0	0
SPG11	0	AfrAmr	0	0
SPG20	0	AfrAmr	0	0
SPHK1	0	AfrAmr	0	0
SPHKAP	0	AfrAmr	0	0
SPI1	0	AfrAmr	0	0
SPIN1	0	AfrAmr	0	0
SPIN3	0	AfrAmr	0	0
SPNS1	0	AfrAmr	0	0
SPNS2	0	AfrAmr	0	0
SPOCD1	0	AfrAmr	0	0
SPON1	0	AfrAmr	0	0
SPON2	0	AfrAmr	0	0
SPPL2B	0	AfrAmr	0	0
SPPL2C	0	AfrAmr	0	0
SPPL3	0	AfrAmr	0	0
SPRED2	0	AfrAmr	0	0
SPRR2A	0	AfrAmr	0	0
SPRR2B	0	AfrAmr	0	0
SPRR2G	0	AfrAmr	0	0
SPRTN	0	AfrAmr	0	0
SPRYD7	0	AfrAmr	0	0
SPSB1	0	AfrAmr	0	0
SPSB3	0	AfrAmr	0	0
SPTAN1	0	AfrAmr	0	0
SPTLC2	0	AfrAmr	0	0
SPTLC3	0	AfrAmr	0	0
SQLE	0	AfrAmr	0	0
SRC	0	AfrAmr	0	0
SRD5A3	0	AfrAmr	0	0
SREBF2	0	AfrAmr	0	0
SREK1	0	AfrAmr	0	0
SRGAP2	0	AfrAmr	0	0
SRI	0	AfrAmr	0	0
SRP54	0	AfrAmr	0	0
SRP68	0	AfrAmr	0	0
SRPK1	0	AfrAmr	0	0
SRPR	0	AfrAmr	0	0
SRPX	0	AfrAmr	0	0
SRRD	0	AfrAmr	0	0
SRRM1	0	AfrAmr	0	0
SRRM2	0	AfrAmr	0	0
SRRT	0	AfrAmr	0	0
SRSF11	0	AfrAmr	0	0
SRSF7	0	AfrAmr	0	0
SS18	0	AfrAmr	0	0
SSBP2	0	AfrAmr	0	0
SSBP4	0	AfrAmr	0	0
SSC4D	0	AfrAmr	0	0
SSFA2	0	AfrAmr	0	0
SSH1	0	AfrAmr	0	0
SSMEM1	0	AfrAmr	0	0
SSPN	0	AfrAmr	0	0
SSRP1	0	AfrAmr	0	0
SSTR4	0	AfrAmr	0	0
SSUH2	0	AfrAmr	0	0
SSX7	0	AfrAmr	0	0
ST13	0	AfrAmr	0	0
ST14	0	AfrAmr	0	0
ST3GAL1	0	AfrAmr	0	0
ST3GAL4	0	AfrAmr	0	0
ST6GAL1	0	AfrAmr	0	0
ST6GALNAC1	0	AfrAmr	0	0
ST6GALNAC2	0	AfrAmr	0	0
ST6GALNAC4	0	AfrAmr	0	0
ST7L	0	AfrAmr	0	0
ST8SIA4	0	AfrAmr	0	0
STAC2	0	AfrAmr	0	0
STAG1	0	AfrAmr	0	0
STAG3	0	AfrAmr	0	0
STAM	0	AfrAmr	0	0
STAM2	0	AfrAmr	0	0
STAMBPL1	0	AfrAmr	0	0
STAR	0	AfrAmr	0	0
STARD3NL	0	AfrAmr	0	0
STARD4	0	AfrAmr	0	0
STARD5	0	AfrAmr	0	0
STARD8	0	AfrAmr	0	0
STAT1	0	AfrAmr	0	0
STAT4	0	AfrAmr	0	0
STAT5A	0	AfrAmr	0	0
STAT6	0	AfrAmr	0	0
STAU1	0	AfrAmr	0	0
STC1	0	AfrAmr	0	0
STH	0	AfrAmr	0	0
STIL	0	AfrAmr	0	0
STIM1	0	AfrAmr	0	0
STIP1	0	AfrAmr	0	0
STK11IP	0	AfrAmr	0	0
STK25	0	AfrAmr	0	0
STK32A	0	AfrAmr	0	0
STK35	0	AfrAmr	0	0
STK38L	0	AfrAmr	0	0
STKLD1	0	AfrAmr	0	0
STMN2	0	AfrAmr	0	0
STOM	0	AfrAmr	0	0
STOML2	0	AfrAmr	0	0
STON2	0	AfrAmr	0	0
STOX1	0	AfrAmr	0	0
STPG2	0	AfrAmr	0	0
STRA8	0	AfrAmr	0	0
STRADA	0	AfrAmr	0	0
STRADB	0	AfrAmr	0	0
STRC	0	AfrAmr	0	0
STRIP1	0	AfrAmr	0	0
STRN	0	AfrAmr	0	0
STRN4	0	AfrAmr	0	0
STX10	0	AfrAmr	0	0
STX12	0	AfrAmr	0	0
STX16	0	AfrAmr	0	0
STX18	0	AfrAmr	0	0
STX3	0	AfrAmr	0	0
STX4	0	AfrAmr	0	0
STX7	0	AfrAmr	0	0
STX8	0	AfrAmr	0	0
STXBP2	0	AfrAmr	0	0
STXBP5	0	AfrAmr	0	0
STYK1	0	AfrAmr	0	0
SUCLA2	0	AfrAmr	0	0
SUCLG1	0	AfrAmr	0	0
SUCNR1	0	AfrAmr	0	0
SUCO	0	AfrAmr	0	0
SUDS3	0	AfrAmr	0	0
SUFU	0	AfrAmr	0	0
SUGCT	0	AfrAmr	0	0
SUGP1	0	AfrAmr	0	0
SUGP2	0	AfrAmr	0	0
SULF1	0	AfrAmr	0	0
SULT1C4	0	AfrAmr	0	0
SULT2A1	0	AfrAmr	0	0
SULT6B1	0	AfrAmr	0	0
SUN2	0	AfrAmr	0	0
SUOX	0	AfrAmr	0	0
SUPT5H	0	AfrAmr	0	0
SUPT6H	0	AfrAmr	0	0
SUPV3L1	0	AfrAmr	0	0
SURF4	0	AfrAmr	0	0
SUSD4	0	AfrAmr	0	0
SUV420H1	0	AfrAmr	0	0
SUV420H2	0	AfrAmr	0	0
SVOP	0	AfrAmr	0	0
SWAP70	0	AfrAmr	0	0
SWI5	0	AfrAmr	0	0
SWT1	0	AfrAmr	0	0
SYCP2	0	AfrAmr	0	0
SYCP2L	0	AfrAmr	0	0
SYDE1	0	AfrAmr	0	0
SYDE2	0	AfrAmr	0	0
SYF2	0	AfrAmr	0	0
SYK	0	AfrAmr	0	0
SYMPK	0	AfrAmr	0	0
SYN2	0	AfrAmr	0	0
SYN3	0	AfrAmr	0	0
SYNCRIP	0	AfrAmr	0	0
SYNE3	0	AfrAmr	0	0
SYNGAP1	0	AfrAmr	0	0
SYNGR1	0	AfrAmr	0	0
SYNGR3	0	AfrAmr	0	0
SYNGR4	0	AfrAmr	0	0
SYNM	0	AfrAmr	0	0
SYNPO	0	AfrAmr	0	0
SYNPR	0	AfrAmr	0	0
SYNRG	0	AfrAmr	0	0
SYPL1	0	AfrAmr	0	0
SYT10	0	AfrAmr	0	0
SYT11	0	AfrAmr	0	0
SYT12	0	AfrAmr	0	0
SYT13	0	AfrAmr	0	0
SYT14	0	AfrAmr	0	0
SYT17	0	AfrAmr	0	0
SYT7	0	AfrAmr	0	0
SYTL2	0	AfrAmr	0	0
SYTL3	0	AfrAmr	0	0
SYTL5	0	AfrAmr	0	0
SYVN1	0	AfrAmr	0	0
T	0	AfrAmr	0	0
TAAR1	0	AfrAmr	0	0
TAAR2	0	AfrAmr	0	0
TAAR5	0	AfrAmr	0	0
TAAR8	0	AfrAmr	0	0
TAB1	0	AfrAmr	0	0
TAB2	0	AfrAmr	0	0
TAB3	0	AfrAmr	0	0
TACC1	0	AfrAmr	0	0
TACR2	0	AfrAmr	0	0
TADA1	0	AfrAmr	0	0
TADA2A	0	AfrAmr	0	0
TAF1	0	AfrAmr	0	0
TAF15	0	AfrAmr	0	0
TAF1B	0	AfrAmr	0	0
TAF1C	0	AfrAmr	0	0
TAF1D	0	AfrAmr	0	0
TAF3	0	AfrAmr	0	0
TAF4B	0	AfrAmr	0	0
TAF6	0	AfrAmr	0	0
TAF6L	0	AfrAmr	0	0
TAGAP	0	AfrAmr	0	0
TAL2	0	AfrAmr	0	0
TANC2	0	AfrAmr	0	0
TAOK2	0	AfrAmr	0	0
TAP2	0	AfrAmr	0	0
TAPBP	0	AfrAmr	0	0
TAPBPL	0	AfrAmr	0	0
TAPT1	0	AfrAmr	0	0
TARBP1	0	AfrAmr	0	0
TARBP2	0	AfrAmr	0	0
TARDBP	0	AfrAmr	0	0
TAS1R1	0	AfrAmr	0	0
TAS1R3	0	AfrAmr	0	0
TAS2R10	0	AfrAmr	0	0
TAS2R14	0	AfrAmr	0	0
TAS2R3	0	AfrAmr	0	0
TAS2R38	0	AfrAmr	0	0
TAS2R40	0	AfrAmr	0	0
TAS2R41	0	AfrAmr	0	0
TAS2R60	0	AfrAmr	0	0
TAS2R9	0	AfrAmr	0	0
TASP1	0	AfrAmr	0	0
TATDN2	0	AfrAmr	0	0
TAX1BP1	0	AfrAmr	0	0
TAZ	0	AfrAmr	0	0
TBC1D10B	0	AfrAmr	0	0
TBC1D14	0	AfrAmr	0	0
TBC1D15	0	AfrAmr	0	0
TBC1D17	0	AfrAmr	0	0
TBC1D2	0	AfrAmr	0	0
TBC1D22A	0	AfrAmr	0	0
TBC1D24	0	AfrAmr	0	0
TBC1D25	0	AfrAmr	0	0
TBC1D29	0	AfrAmr	0	0
TBC1D31	0	AfrAmr	0	0
TBC1D3B	0	AfrAmr	0	0
TBC1D4	0	AfrAmr	0	0
TBC1D5	0	AfrAmr	0	0
TBC1D7	0	AfrAmr	0	0
TBC1D8	0	AfrAmr	0	0
TBCC	0	AfrAmr	0	0
TBCD	0	AfrAmr	0	0
TBCK	0	AfrAmr	0	0
TBK1	0	AfrAmr	0	0
TBL2	0	AfrAmr	0	0
TBP	0	AfrAmr	0	0
TBR1	0	AfrAmr	0	0
TBRG4	0	AfrAmr	0	0
TBX10	0	AfrAmr	0	0
TBX15	0	AfrAmr	0	0
TBX19	0	AfrAmr	0	0
TBX2	0	AfrAmr	0	0
TBX21	0	AfrAmr	0	0
TBX3	0	AfrAmr	0	0
TBX4	0	AfrAmr	0	0
TBX6	0	AfrAmr	0	0
TBXA2R	0	AfrAmr	0	0
TBXAS1	0	AfrAmr	0	0
TC2N	0	AfrAmr	0	0
TCAIM	0	AfrAmr	0	0
TCEA2	0	AfrAmr	0	0
TCEB1	0	AfrAmr	0	0
TCEB2	0	AfrAmr	0	0
TCEB3B	0	AfrAmr	0	0
TCEB3CL	0	AfrAmr	0	0
TCF19	0	AfrAmr	0	0
TCF25	0	AfrAmr	0	0
TCF3	0	AfrAmr	0	0
TCF7	0	AfrAmr	0	0
TCF7L2	0	AfrAmr	0	0
TCFL5	0	AfrAmr	0	0
TCHH	0	AfrAmr	0	0
TCHHL1	0	AfrAmr	0	0
TCIRG1	0	AfrAmr	0	0
TCN1	0	AfrAmr	0	0
TCN2	0	AfrAmr	0	0
TCTN1	0	AfrAmr	0	0
TDO2	0	AfrAmr	0	0
TDP1	0	AfrAmr	0	0
TDRD1	0	AfrAmr	0	0
TDRD5	0	AfrAmr	0	0
TDRD6	0	AfrAmr	0	0
TDRD9	0	AfrAmr	0	0
TDRKH	0	AfrAmr	0	0
TEAD3	0	AfrAmr	0	0
TEAD4	0	AfrAmr	0	0
TEC	0	AfrAmr	0	0
TECPR1	0	AfrAmr	0	0
TECPR2	0	AfrAmr	0	0
TECTB	0	AfrAmr	0	0
TEF	0	AfrAmr	0	0
TEK	0	AfrAmr	0	0
TEKT1	0	AfrAmr	0	0
TEKT2	0	AfrAmr	0	0
TEKT3	0	AfrAmr	0	0
TEKT5	0	AfrAmr	0	0
TELO2	0	AfrAmr	0	0
TERF1	0	AfrAmr	0	0
TERF2	0	AfrAmr	0	0
TERF2IP	0	AfrAmr	0	0
TESC	0	AfrAmr	0	0
TESK1	0	AfrAmr	0	0
TESK2	0	AfrAmr	0	0
TET1	0	AfrAmr	0	0
TET2	0	AfrAmr	0	0
TET3	0	AfrAmr	0	0
TEX11	0	AfrAmr	0	0
TEX13B	0	AfrAmr	0	0
TEX15	0	AfrAmr	0	0
TEX29	0	AfrAmr	0	0
TEX33	0	AfrAmr	0	0
TEX35	0	AfrAmr	0	0
TFAP2B	0	AfrAmr	0	0
TFAP2D	0	AfrAmr	0	0
TFAP2E	0	AfrAmr	0	0
TFB2M	0	AfrAmr	0	0
TFCP2	0	AfrAmr	0	0
TFCP2L1	0	AfrAmr	0	0
TFDP1	0	AfrAmr	0	0
TFE3	0	AfrAmr	0	0
TFEC	0	AfrAmr	0	0
TFF1	0	AfrAmr	0	0
TFG	0	AfrAmr	0	0
TFIP11	0	AfrAmr	0	0
TFPI	0	AfrAmr	0	0
TG	0	AfrAmr	0	0
TGFB1	0	AfrAmr	0	0
TGFB2	0	AfrAmr	0	0
TGFBI	0	AfrAmr	0	0
TGFBR3	0	AfrAmr	0	0
TGFBRAP1	0	AfrAmr	0	0
TGIF2LX	0	AfrAmr	0	0
TGM1	0	AfrAmr	0	0
TGM2	0	AfrAmr	0	0
TGM4	0	AfrAmr	0	0
TGM6	0	AfrAmr	0	0
TH	0	AfrAmr	0	0
THAP10	0	AfrAmr	0	0
THAP3	0	AfrAmr	0	0
THAP7	0	AfrAmr	0	0
THAP9	0	AfrAmr	0	0
THBD	0	AfrAmr	0	0
THBS2	0	AfrAmr	0	0
THEG	0	AfrAmr	0	0
THEMIS	0	AfrAmr	0	0
THNSL2	0	AfrAmr	0	0
THOC1	0	AfrAmr	0	0
THOC2	0	AfrAmr	0	0
THOC6	0	AfrAmr	0	0
THOP1	0	AfrAmr	0	0
THPO	0	AfrAmr	0	0
THRB	0	AfrAmr	0	0
THSD1	0	AfrAmr	0	0
THSD7A	0	AfrAmr	0	0
TIAL1	0	AfrAmr	0	0
TICRR	0	AfrAmr	0	0
TIFA	0	AfrAmr	0	0
TIGIT	0	AfrAmr	0	0
TIMD4	0	AfrAmr	0	0
TIMM21	0	AfrAmr	0	0
TIMM50	0	AfrAmr	0	0
TIMP3	0	AfrAmr	0	0
TINAGL1	0	AfrAmr	0	0
TIPARP	0	AfrAmr	0	0
TIPIN	0	AfrAmr	0	0
TIPRL	0	AfrAmr	0	0
TJP1	0	AfrAmr	0	0
TJP2	0	AfrAmr	0	0
TJP3	0	AfrAmr	0	0
TKT	0	AfrAmr	0	0
TLDC1	0	AfrAmr	0	0
TLDC2	0	AfrAmr	0	0
TLE1	0	AfrAmr	0	0
TLE2	0	AfrAmr	0	0
TLE4	0	AfrAmr	0	0
TLE6	0	AfrAmr	0	0
TLK2	0	AfrAmr	0	0
TLR1	0	AfrAmr	0	0
TLR9	0	AfrAmr	0	0
TM4SF18	0	AfrAmr	0	0
TM4SF19	0	AfrAmr	0	0
TM4SF20	0	AfrAmr	0	0
TM9SF2	0	AfrAmr	0	0
TM9SF3	0	AfrAmr	0	0
TM9SF4	0	AfrAmr	0	0
TMA16	0	AfrAmr	0	0
TMBIM4	0	AfrAmr	0	0
TMC2	0	AfrAmr	0	0
TMC3	0	AfrAmr	0	0
TMC6	0	AfrAmr	0	0
TMCC1	0	AfrAmr	0	0
TMCC3	0	AfrAmr	0	0
TMCO1	0	AfrAmr	0	0
TMCO2	0	AfrAmr	0	0
TMCO3	0	AfrAmr	0	0
TMCO4	0	AfrAmr	0	0
TMCO6	0	AfrAmr	0	0
TMED10	0	AfrAmr	0	0
TMED4	0	AfrAmr	0	0
TMED7	0	AfrAmr	0	0
TMED7-TICAM2	0	AfrAmr	0	0
TMED8	0	AfrAmr	0	0
TMEFF1	0	AfrAmr	0	0
TMEM101	0	AfrAmr	0	0
TMEM106C	0	AfrAmr	0	0
TMEM109	0	AfrAmr	0	0
TMEM110	0	AfrAmr	0	0
TMEM121	0	AfrAmr	0	0
TMEM128	0	AfrAmr	0	0
TMEM132A	0	AfrAmr	0	0
TMEM135	0	AfrAmr	0	0
TMEM140	0	AfrAmr	0	0
TMEM147	0	AfrAmr	0	0
TMEM150A	0	AfrAmr	0	0
TMEM150C	0	AfrAmr	0	0
TMEM151A	0	AfrAmr	0	0
TMEM159	0	AfrAmr	0	0
TMEM161B	0	AfrAmr	0	0
TMEM164	0	AfrAmr	0	0
TMEM165	0	AfrAmr	0	0
TMEM168	0	AfrAmr	0	0
TMEM170A	0	AfrAmr	0	0
TMEM171	0	AfrAmr	0	0
TMEM173	0	AfrAmr	0	0
TMEM174	0	AfrAmr	0	0
TMEM175	0	AfrAmr	0	0
TMEM177	0	AfrAmr	0	0
TMEM179	0	AfrAmr	0	0
TMEM179B	0	AfrAmr	0	0
TMEM180	0	AfrAmr	0	0
TMEM182	0	AfrAmr	0	0
TMEM185A	0	AfrAmr	0	0
TMEM187	0	AfrAmr	0	0
TMEM19	0	AfrAmr	0	0
TMEM192	0	AfrAmr	0	0
TMEM194A	0	AfrAmr	0	0
TMEM196	0	AfrAmr	0	0
TMEM2	0	AfrAmr	0	0
TMEM200A	0	AfrAmr	0	0
TMEM200B	0	AfrAmr	0	0
TMEM201	0	AfrAmr	0	0
TMEM225	0	AfrAmr	0	0
TMEM229B	0	AfrAmr	0	0
TMEM237	0	AfrAmr	0	0
TMEM246	0	AfrAmr	0	0
TMEM259	0	AfrAmr	0	0
TMEM261	0	AfrAmr	0	0
TMEM38A	0	AfrAmr	0	0
TMEM39A	0	AfrAmr	0	0
TMEM39B	0	AfrAmr	0	0
TMEM41A	0	AfrAmr	0	0
TMEM41B	0	AfrAmr	0	0
TMEM45A	0	AfrAmr	0	0
TMEM51	0	AfrAmr	0	0
TMEM52B	0	AfrAmr	0	0
TMEM54	0	AfrAmr	0	0
TMEM55A	0	AfrAmr	0	0
TMEM55B	0	AfrAmr	0	0
TMEM57	0	AfrAmr	0	0
TMEM59	0	AfrAmr	0	0
TMEM64	0	AfrAmr	0	0
TMEM67	0	AfrAmr	0	0
TMEM72	0	AfrAmr	0	0
TMEM74	0	AfrAmr	0	0
TMEM86A	0	AfrAmr	0	0
TMEM8A	0	AfrAmr	0	0
TMEM8B	0	AfrAmr	0	0
TMEM95	0	AfrAmr	0	0
TMEM97	0	AfrAmr	0	0
TMEM98	0	AfrAmr	0	0
TMF1	0	AfrAmr	0	0
TMPO	0	AfrAmr	0	0
TMPRSS11D	0	AfrAmr	0	0
TMPRSS11E	0	AfrAmr	0	0
TMPRSS3	0	AfrAmr	0	0
TMPRSS4	0	AfrAmr	0	0
TMPRSS5	0	AfrAmr	0	0
TMPRSS6	0	AfrAmr	0	0
TMPRSS9	0	AfrAmr	0	0
TMSB10	0	AfrAmr	0	0
TMTC1	0	AfrAmr	0	0
TMTC2	0	AfrAmr	0	0
TMTC4	0	AfrAmr	0	0
TMUB2	0	AfrAmr	0	0
TMX2	0	AfrAmr	0	0
TMX4	0	AfrAmr	0	0
TNFAIP2	0	AfrAmr	0	0
TNFAIP8L3	0	AfrAmr	0	0
TNFRSF10B	0	AfrAmr	0	0
TNFRSF11B	0	AfrAmr	0	0
TNFRSF12A	0	AfrAmr	0	0
TNFRSF13B	0	AfrAmr	0	0
TNFRSF13C	0	AfrAmr	0	0
TNFRSF19	0	AfrAmr	0	0
TNFRSF1A	0	AfrAmr	0	0
TNFSF11	0	AfrAmr	0	0
TNFSF12-TNFSF13	0	AfrAmr	0	0
TNFSF13	0	AfrAmr	0	0
TNFSF14	0	AfrAmr	0	0
TNFSF8	0	AfrAmr	0	0
TNFSF9	0	AfrAmr	0	0
TNIP2	0	AfrAmr	0	0
TNIP3	0	AfrAmr	0	0
TNK1	0	AfrAmr	0	0
TNK2	0	AfrAmr	0	0
TNKS	0	AfrAmr	0	0
TNKS2	0	AfrAmr	0	0
TNNC1	0	AfrAmr	0	0
TNNC2	0	AfrAmr	0	0
TNNI2	0	AfrAmr	0	0
TNNT2	0	AfrAmr	0	0
TNNT3	0	AfrAmr	0	0
TNPO2	0	AfrAmr	0	0
TNRC6A	0	AfrAmr	0	0
TNRC6C	0	AfrAmr	0	0
TNS1	0	AfrAmr	0	0
TNS2	0	AfrAmr	0	0
TNS3	0	AfrAmr	0	0
TOE1	0	AfrAmr	0	0
TOM1L1	0	AfrAmr	0	0
TOM1L2	0	AfrAmr	0	0
TOMM34	0	AfrAmr	0	0
TOMM70A	0	AfrAmr	0	0
TOP2B	0	AfrAmr	0	0
TOP3A	0	AfrAmr	0	0
TOPORS	0	AfrAmr	0	0
TOX3	0	AfrAmr	0	0
TOX4	0	AfrAmr	0	0
TP53BP1	0	AfrAmr	0	0
TP53I13	0	AfrAmr	0	0
TP53INP2	0	AfrAmr	0	0
TP53TG5	0	AfrAmr	0	0
TPCN2	0	AfrAmr	0	0
TPD52L2	0	AfrAmr	0	0
TPGS2	0	AfrAmr	0	0
TPH1	0	AfrAmr	0	0
TPH2	0	AfrAmr	0	0
TPI1	0	AfrAmr	0	0
TPK1	0	AfrAmr	0	0
TPM1	0	AfrAmr	0	0
TPM2	0	AfrAmr	0	0
TPP1	0	AfrAmr	0	0
TPPP	0	AfrAmr	0	0
TPPP3	0	AfrAmr	0	0
TPRA1	0	AfrAmr	0	0
TPRG1	0	AfrAmr	0	0
TPSAB1	0	AfrAmr	0	0
TPSD1	0	AfrAmr	0	0
TPST2	0	AfrAmr	0	0
TPTE2	0	AfrAmr	0	0
TPX2	0	AfrAmr	0	0
TRABD	0	AfrAmr	0	0
TRADD	0	AfrAmr	0	0
TRAF2	0	AfrAmr	0	0
TRAF3IP1	0	AfrAmr	0	0
TRAF3IP3	0	AfrAmr	0	0
TRAF4	0	AfrAmr	0	0
TRAF5	0	AfrAmr	0	0
TRAF7	0	AfrAmr	0	0
TRAIP	0	AfrAmr	0	0
TRAK1	0	AfrAmr	0	0
TRAK2	0	AfrAmr	0	0
TRAM1	0	AfrAmr	0	0
TRAM1L1	0	AfrAmr	0	0
TRAP1	0	AfrAmr	0	0
TRAPPC1	0	AfrAmr	0	0
TRAPPC10	0	AfrAmr	0	0
TRAPPC11	0	AfrAmr	0	0
TRAPPC2L	0	AfrAmr	0	0
TRAPPC5	0	AfrAmr	0	0
TRAPPC6A	0	AfrAmr	0	0
TRAPPC8	0	AfrAmr	0	0
TRAV10	0	AfrAmr	0	0
TRAV12-3	0	AfrAmr	0	0
TRAV13-1	0	AfrAmr	0	0
TRAV18	0	AfrAmr	0	0
TRAV25	0	AfrAmr	0	0
TRAV4	0	AfrAmr	0	0
TRAV8-2	0	AfrAmr	0	0
TRBC2	0	AfrAmr	0	0
TRBV2	0	AfrAmr	0	0
TRBV20-1	0	AfrAmr	0	0
TRDMT1	0	AfrAmr	0	0
TREML2	0	AfrAmr	0	0
TREML4	0	AfrAmr	0	0
TREX1	0	AfrAmr	0	0
TRIM16	0	AfrAmr	0	0
TRIM17	0	AfrAmr	0	0
TRIM2	0	AfrAmr	0	0
TRIM22	0	AfrAmr	0	0
TRIM24	0	AfrAmr	0	0
TRIM26	0	AfrAmr	0	0
TRIM3	0	AfrAmr	0	0
TRIM32	0	AfrAmr	0	0
TRIM35	0	AfrAmr	0	0
TRIM36	0	AfrAmr	0	0
TRIM38	0	AfrAmr	0	0
TRIM39	0	AfrAmr	0	0
TRIM4	0	AfrAmr	0	0
TRIM40	0	AfrAmr	0	0
TRIM41	0	AfrAmr	0	0
TRIM45	0	AfrAmr	0	0
TRIM46	0	AfrAmr	0	0
TRIM49	0	AfrAmr	0	0
TRIM5	0	AfrAmr	0	0
TRIM50	0	AfrAmr	0	0
TRIM52	0	AfrAmr	0	0
TRIM54	0	AfrAmr	0	0
TRIM55	0	AfrAmr	0	0
TRIM59	0	AfrAmr	0	0
TRIM6	0	AfrAmr	0	0
TRIM60	0	AfrAmr	0	0
TRIM65	0	AfrAmr	0	0
TRIM68	0	AfrAmr	0	0
TRIM69	0	AfrAmr	0	0
TRIM7	0	AfrAmr	0	0
TRIM71	0	AfrAmr	0	0
TRIM8	0	AfrAmr	0	0
TRIML2	0	AfrAmr	0	0
TRIO	0	AfrAmr	0	0
TRIP10	0	AfrAmr	0	0
TRIP11	0	AfrAmr	0	0
TRIT1	0	AfrAmr	0	0
TRMT10A	0	AfrAmr	0	0
TRMT10B	0	AfrAmr	0	0
TRMT10C	0	AfrAmr	0	0
TRMT11	0	AfrAmr	0	0
TRMT5	0	AfrAmr	0	0
TRMT6	0	AfrAmr	0	0
TRMT61B	0	AfrAmr	0	0
TRNAU1AP	0	AfrAmr	0	0
TROAP	0	AfrAmr	0	0
TRPA1	0	AfrAmr	0	0
TRPC1	0	AfrAmr	0	0
TRPC4AP	0	AfrAmr	0	0
TRPC5	0	AfrAmr	0	0
TRPM3	0	AfrAmr	0	0
TRPM4	0	AfrAmr	0	0
TRPM5	0	AfrAmr	0	0
TRPM7	0	AfrAmr	0	0
TRPV1	0	AfrAmr	0	0
TRPV2	0	AfrAmr	0	0
TRPV3	0	AfrAmr	0	0
TRRAP	0	AfrAmr	0	0
TRUB2	0	AfrAmr	0	0
TSC1	0	AfrAmr	0	0
TSC22D1	0	AfrAmr	0	0
TSC22D3	0	AfrAmr	0	0
TSEN2	0	AfrAmr	0	0
TSEN54	0	AfrAmr	0	0
TSG101	0	AfrAmr	0	0
TSGA10	0	AfrAmr	0	0
TSHR	0	AfrAmr	0	0
TSKS	0	AfrAmr	0	0
TSLP	0	AfrAmr	0	0
TSN	0	AfrAmr	0	0
TSPAN10	0	AfrAmr	0	0
TSPAN13	0	AfrAmr	0	0
TSPAN17	0	AfrAmr	0	0
TSPAN9	0	AfrAmr	0	0
TSPEAR	0	AfrAmr	0	0
TSPYL1	0	AfrAmr	0	0
TSPYL5	0	AfrAmr	0	0
TSSC1	0	AfrAmr	0	0
TSSC4	0	AfrAmr	0	0
TTBK1	0	AfrAmr	0	0
TTBK2	0	AfrAmr	0	0
TTC14	0	AfrAmr	0	0
TTC16	0	AfrAmr	0	0
TTC17	0	AfrAmr	0	0
TTC21B	0	AfrAmr	0	0
TTC23	0	AfrAmr	0	0
TTC25	0	AfrAmr	0	0
TTC26	0	AfrAmr	0	0
TTC27	0	AfrAmr	0	0
TTC3	0	AfrAmr	0	0
TTC30A	0	AfrAmr	0	0
TTC30B	0	AfrAmr	0	0
TTC38	0	AfrAmr	0	0
TTC39C	0	AfrAmr	0	0
TTC4	0	AfrAmr	0	0
TTC5	0	AfrAmr	0	0
TTC7A	0	AfrAmr	0	0
TTC7B	0	AfrAmr	0	0
TTC8	0	AfrAmr	0	0
TTC9	0	AfrAmr	0	0
TTC9B	0	AfrAmr	0	0
TTF1	0	AfrAmr	0	0
TTF2	0	AfrAmr	0	0
TTLL1	0	AfrAmr	0	0
TTLL3	0	AfrAmr	0	0
TTLL4	0	AfrAmr	0	0
TTLL5	0	AfrAmr	0	0
TTLL7	0	AfrAmr	0	0
TTLL8	0	AfrAmr	0	0
TTYH1	0	AfrAmr	0	0
TTYH2	0	AfrAmr	0	0
TTYH3	0	AfrAmr	0	0
TUB	0	AfrAmr	0	0
TUBA1A	0	AfrAmr	0	0
TUBA3C	0	AfrAmr	0	0
TUBA3D	0	AfrAmr	0	0
TUBA3E	0	AfrAmr	0	0
TUBA8	0	AfrAmr	0	0
TUBAL3	0	AfrAmr	0	0
TUBB1	0	AfrAmr	0	0
TUBB2B	0	AfrAmr	0	0
TUBB3	0	AfrAmr	0	0
TUBB4A	0	AfrAmr	0	0
TUBB6	0	AfrAmr	0	0
TUBB8	0	AfrAmr	0	0
TUBD1	0	AfrAmr	0	0
TUBE1	0	AfrAmr	0	0
TULP1	0	AfrAmr	0	0
TUT1	0	AfrAmr	0	0
TVP23B	0	AfrAmr	0	0
TWF2	0	AfrAmr	0	0
TWSG1	0	AfrAmr	0	0
TXLNB	0	AfrAmr	0	0
TXLNG	0	AfrAmr	0	0
TXN	0	AfrAmr	0	0
TXNDC11	0	AfrAmr	0	0
TXNDC16	0	AfrAmr	0	0
TXNDC17	0	AfrAmr	0	0
TXNDC2	0	AfrAmr	0	0
TXNL1	0	AfrAmr	0	0
TXNRD2	0	AfrAmr	0	0
TXNRD3	0	AfrAmr	0	0
TYMS	0	AfrAmr	0	0
TYW1	0	AfrAmr	0	0
TYW5	0	AfrAmr	0	0
U2AF2	0	AfrAmr	0	0
U2SURP	0	AfrAmr	0	0
UACA	0	AfrAmr	0	0
UBA2	0	AfrAmr	0	0
UBA6	0	AfrAmr	0	0
UBASH3A	0	AfrAmr	0	0
UBE2D1	0	AfrAmr	0	0
UBE2E1	0	AfrAmr	0	0
UBE2E3	0	AfrAmr	0	0
UBE2J1	0	AfrAmr	0	0
UBE2O	0	AfrAmr	0	0
UBE2S	0	AfrAmr	0	0
UBE2U	0	AfrAmr	0	0
UBE3A	0	AfrAmr	0	0
UBE3B	0	AfrAmr	0	0
UBE3D	0	AfrAmr	0	0
UBE4A	0	AfrAmr	0	0
UBE4B	0	AfrAmr	0	0
UBL3	0	AfrAmr	0	0
UBLCP1	0	AfrAmr	0	0
UBN1	0	AfrAmr	0	0
UBP1	0	AfrAmr	0	0
UBQLN1	0	AfrAmr	0	0
UBR1	0	AfrAmr	0	0
UBR3	0	AfrAmr	0	0
UBR5	0	AfrAmr	0	0
UBR7	0	AfrAmr	0	0
UBTD1	0	AfrAmr	0	0
UBTD2	0	AfrAmr	0	0
UBTF	0	AfrAmr	0	0
UBXN1	0	AfrAmr	0	0
UBXN10	0	AfrAmr	0	0
UBXN11	0	AfrAmr	0	0
UBXN2A	0	AfrAmr	0	0
UBXN2B	0	AfrAmr	0	0
UBXN6	0	AfrAmr	0	0
UBXN8	0	AfrAmr	0	0
UCMA	0	AfrAmr	0	0
UCN2	0	AfrAmr	0	0
UCP3	0	AfrAmr	0	0
UFC1	0	AfrAmr	0	0
UFD1L	0	AfrAmr	0	0
UFM1	0	AfrAmr	0	0
UGCG	0	AfrAmr	0	0
UGDH	0	AfrAmr	0	0
UGGT1	0	AfrAmr	0	0
UGT1A8	0	AfrAmr	0	0
UGT2A3	0	AfrAmr	0	0
UGT2B10	0	AfrAmr	0	0
UGT2B4	0	AfrAmr	0	0
UGT3A1	0	AfrAmr	0	0
UHMK1	0	AfrAmr	0	0
UHRF1	0	AfrAmr	0	0
UHRF1BP1	0	AfrAmr	0	0
UHRF1BP1L	0	AfrAmr	0	0
UHRF2	0	AfrAmr	0	0
ULK3	0	AfrAmr	0	0
UMODL1	0	AfrAmr	0	0
UMPS	0	AfrAmr	0	0
UNC13A	0	AfrAmr	0	0
UNC13D	0	AfrAmr	0	0
UNC5A	0	AfrAmr	0	0
UNC5B	0	AfrAmr	0	0
UNC5C	0	AfrAmr	0	0
UNC5CL	0	AfrAmr	0	0
UPB1	0	AfrAmr	0	0
UPF2	0	AfrAmr	0	0
UPF3A	0	AfrAmr	0	0
UPF3B	0	AfrAmr	0	0
UPK1A	0	AfrAmr	0	0
UQCRB	0	AfrAmr	0	0
UQCRFS1	0	AfrAmr	0	0
URB2	0	AfrAmr	0	0
URGCP	0	AfrAmr	0	0
UROC1	0	AfrAmr	0	0
UROS	0	AfrAmr	0	0
USE1	0	AfrAmr	0	0
USH1C	0	AfrAmr	0	0
USH1G	0	AfrAmr	0	0
USHBP1	0	AfrAmr	0	0
USMG5	0	AfrAmr	0	0
USO1	0	AfrAmr	0	0
USP11	0	AfrAmr	0	0
USP12	0	AfrAmr	0	0
USP13	0	AfrAmr	0	0
USP14	0	AfrAmr	0	0
USP15	0	AfrAmr	0	0
USP16	0	AfrAmr	0	0
USP17L2	0	AfrAmr	0	0
USP19	0	AfrAmr	0	0
USP2	0	AfrAmr	0	0
USP20	0	AfrAmr	0	0
USP21	0	AfrAmr	0	0
USP25	0	AfrAmr	0	0
USP30	0	AfrAmr	0	0
USP32	0	AfrAmr	0	0
USP33	0	AfrAmr	0	0
USP38	0	AfrAmr	0	0
USP4	0	AfrAmr	0	0
USP40	0	AfrAmr	0	0
USP41	0	AfrAmr	0	0
USP43	0	AfrAmr	0	0
USP45	0	AfrAmr	0	0
USP46	0	AfrAmr	0	0
USP50	0	AfrAmr	0	0
USP53	0	AfrAmr	0	0
USP54	0	AfrAmr	0	0
USP6NL	0	AfrAmr	0	0
USP7	0	AfrAmr	0	0
USP9X	0	AfrAmr	0	0
USPL1	0	AfrAmr	0	0
UTF1	0	AfrAmr	0	0
UTP11L	0	AfrAmr	0	0
UTP14A	0	AfrAmr	0	0
UTP14C	0	AfrAmr	0	0
UTP20	0	AfrAmr	0	0
UTP3	0	AfrAmr	0	0
UTS2B	0	AfrAmr	0	0
UVSSA	0	AfrAmr	0	0
VANGL1	0	AfrAmr	0	0
VAPB	0	AfrAmr	0	0
VAT1	0	AfrAmr	0	0
VCPIP1	0	AfrAmr	0	0
VCX2	0	AfrAmr	0	0
VDAC1	0	AfrAmr	0	0
VDR	0	AfrAmr	0	0
VGLL1	0	AfrAmr	0	0
VGLL3	0	AfrAmr	0	0
VGLL4	0	AfrAmr	0	0
VHLL	0	AfrAmr	0	0
VIM	0	AfrAmr	0	0
VIMP	0	AfrAmr	0	0
VIPR2	0	AfrAmr	0	0
VIT	0	AfrAmr	0	0
VKORC1	0	AfrAmr	0	0
VMO1	0	AfrAmr	0	0
VMP1	0	AfrAmr	0	0
VN1R2	0	AfrAmr	0	0
VNN1	0	AfrAmr	0	0
VNN3	0	AfrAmr	0	0
VPRBP	0	AfrAmr	0	0
VPREB1	0	AfrAmr	0	0
VPREB3	0	AfrAmr	0	0
VPS11	0	AfrAmr	0	0
VPS13A	0	AfrAmr	0	0
VPS18	0	AfrAmr	0	0
VPS26A	0	AfrAmr	0	0
VPS26B	0	AfrAmr	0	0
VPS33B	0	AfrAmr	0	0
VPS36	0	AfrAmr	0	0
VPS37A	0	AfrAmr	0	0
VPS37B	0	AfrAmr	0	0
VPS37C	0	AfrAmr	0	0
VPS39	0	AfrAmr	0	0
VPS4B	0	AfrAmr	0	0
VPS51	0	AfrAmr	0	0
VPS52	0	AfrAmr	0	0
VPS53	0	AfrAmr	0	0
VPS8	0	AfrAmr	0	0
VPS9D1	0	AfrAmr	0	0
VRTN	0	AfrAmr	0	0
VSIG2	0	AfrAmr	0	0
VSTM2A	0	AfrAmr	0	0
VTCN1	0	AfrAmr	0	0
VTI1A	0	AfrAmr	0	0
VTN	0	AfrAmr	0	0
VWA3A	0	AfrAmr	0	0
VWA3B	0	AfrAmr	0	0
VWA5A	0	AfrAmr	0	0
VWC2	0	AfrAmr	0	0
VWCE	0	AfrAmr	0	0
WAC	0	AfrAmr	0	0
WARS	0	AfrAmr	0	0
WASF1	0	AfrAmr	0	0
WASF2	0	AfrAmr	0	0
WASL	0	AfrAmr	0	0
WBP11	0	AfrAmr	0	0
WBP2	0	AfrAmr	0	0
WBP2NL	0	AfrAmr	0	0
WBP4	0	AfrAmr	0	0
WDFY2	0	AfrAmr	0	0
WDHD1	0	AfrAmr	0	0
WDPCP	0	AfrAmr	0	0
WDR1	0	AfrAmr	0	0
WDR11	0	AfrAmr	0	0
WDR19	0	AfrAmr	0	0
WDR24	0	AfrAmr	0	0
WDR25	0	AfrAmr	0	0
WDR26	0	AfrAmr	0	0
WDR27	0	AfrAmr	0	0
WDR34	0	AfrAmr	0	0
WDR35	0	AfrAmr	0	0
WDR4	0	AfrAmr	0	0
WDR41	0	AfrAmr	0	0
WDR43	0	AfrAmr	0	0
WDR46	0	AfrAmr	0	0
WDR49	0	AfrAmr	0	0
WDR5	0	AfrAmr	0	0
WDR55	0	AfrAmr	0	0
WDR5B	0	AfrAmr	0	0
WDR60	0	AfrAmr	0	0
WDR61	0	AfrAmr	0	0
WDR7	0	AfrAmr	0	0
WDR70	0	AfrAmr	0	0
WDR72	0	AfrAmr	0	0
WDR73	0	AfrAmr	0	0
WDR86	0	AfrAmr	0	0
WDR88	0	AfrAmr	0	0
WDTC1	0	AfrAmr	0	0
WEE2	0	AfrAmr	0	0
WFS1	0	AfrAmr	0	0
WHAMM	0	AfrAmr	0	0
WHSC1	0	AfrAmr	0	0
WIPF1	0	AfrAmr	0	0
WIPF2	0	AfrAmr	0	0
WIPI1	0	AfrAmr	0	0
WISP2	0	AfrAmr	0	0
WISP3	0	AfrAmr	0	0
WIZ	0	AfrAmr	0	0
WNK2	0	AfrAmr	0	0
WNT1	0	AfrAmr	0	0
WNT10A	0	AfrAmr	0	0
WNT11	0	AfrAmr	0	0
WNT3	0	AfrAmr	0	0
WNT4	0	AfrAmr	0	0
WNT5A	0	AfrAmr	0	0
WNT5B	0	AfrAmr	0	0
WNT6	0	AfrAmr	0	0
WNT8A	0	AfrAmr	0	0
WNT9A	0	AfrAmr	0	0
WRAP73	0	AfrAmr	0	0
WRNIP1	0	AfrAmr	0	0
WSCD2	0	AfrAmr	0	0
WTIP	0	AfrAmr	0	0
WWC1	0	AfrAmr	0	0
WWC2	0	AfrAmr	0	0
WWOX	0	AfrAmr	0	0
WWP1	0	AfrAmr	0	0
WWTR1	0	AfrAmr	0	0
XAB2	0	AfrAmr	0	0
XIRP1	0	AfrAmr	0	0
XKR5	0	AfrAmr	0	0
XKR6	0	AfrAmr	0	0
XKR8	0	AfrAmr	0	0
XKR9	0	AfrAmr	0	0
XPO1	0	AfrAmr	0	0
XPO4	0	AfrAmr	0	0
XPO6	0	AfrAmr	0	0
XPOT	0	AfrAmr	0	0
XPR1	0	AfrAmr	0	0
XRCC1	0	AfrAmr	0	0
XRCC5	0	AfrAmr	0	0
XRCC6	0	AfrAmr	0	0
XRCC6BP1	0	AfrAmr	0	0
XRN1	0	AfrAmr	0	0
XRN2	0	AfrAmr	0	0
XXbac-BPG116M5.17	0	AfrAmr	0	0
XXbac-BPG32J3.19	0	AfrAmr	0	0
XYLT2	0	AfrAmr	0	0
YAP1	0	AfrAmr	0	0
YBX2	0	AfrAmr	0	0
YEATS2	0	AfrAmr	0	0
YES1	0	AfrAmr	0	0
YIF1A	0	AfrAmr	0	0
YIPF1	0	AfrAmr	0	0
YIPF2	0	AfrAmr	0	0
YIPF3	0	AfrAmr	0	0
YLPM1	0	AfrAmr	0	0
YME1L1	0	AfrAmr	0	0
YOD1	0	AfrAmr	0	0
YRDC	0	AfrAmr	0	0
YTHDC1	0	AfrAmr	0	0
YTHDC2	0	AfrAmr	0	0
YTHDF1	0	AfrAmr	0	0
YWHAB	0	AfrAmr	0	0
YWHAG	0	AfrAmr	0	0
YY1AP1	0	AfrAmr	0	0
ZADH2	0	AfrAmr	0	0
ZAP70	0	AfrAmr	0	0
ZAR1	0	AfrAmr	0	0
ZBBX	0	AfrAmr	0	0
ZBED1	0	AfrAmr	0	0
ZBED8	0	AfrAmr	0	0
ZBTB1	0	AfrAmr	0	0
ZBTB11	0	AfrAmr	0	0
ZBTB14	0	AfrAmr	0	0
ZBTB16	0	AfrAmr	0	0
ZBTB18	0	AfrAmr	0	0
ZBTB2	0	AfrAmr	0	0
ZBTB20	0	AfrAmr	0	0
ZBTB21	0	AfrAmr	0	0
ZBTB26	0	AfrAmr	0	0
ZBTB34	0	AfrAmr	0	0
ZBTB38	0	AfrAmr	0	0
ZBTB39	0	AfrAmr	0	0
ZBTB4	0	AfrAmr	0	0
ZBTB40	0	AfrAmr	0	0
ZBTB41	0	AfrAmr	0	0
ZBTB44	0	AfrAmr	0	0
ZBTB46	0	AfrAmr	0	0
ZBTB47	0	AfrAmr	0	0
ZBTB5	0	AfrAmr	0	0
ZBTB7B	0	AfrAmr	0	0
ZBTB8A	0	AfrAmr	0	0
ZC3H10	0	AfrAmr	0	0
ZC3H12B	0	AfrAmr	0	0
ZC3H13	0	AfrAmr	0	0
ZC3H14	0	AfrAmr	0	0
ZC3H15	0	AfrAmr	0	0
ZC3H18	0	AfrAmr	0	0
ZC3H3	0	AfrAmr	0	0
ZC3H4	0	AfrAmr	0	0
ZC3H7A	0	AfrAmr	0	0
ZC3HAV1	0	AfrAmr	0	0
ZC3HAV1L	0	AfrAmr	0	0
ZC3HC1	0	AfrAmr	0	0
ZCCHC14	0	AfrAmr	0	0
ZCCHC24	0	AfrAmr	0	0
ZCCHC3	0	AfrAmr	0	0
ZCCHC5	0	AfrAmr	0	0
ZCCHC6	0	AfrAmr	0	0
ZCCHC8	0	AfrAmr	0	0
ZCRB1	0	AfrAmr	0	0
ZCWPW1	0	AfrAmr	0	0
ZDHHC1	0	AfrAmr	0	0
ZDHHC17	0	AfrAmr	0	0
ZDHHC2	0	AfrAmr	0	0
ZDHHC22	0	AfrAmr	0	0
ZDHHC24	0	AfrAmr	0	0
ZDHHC4	0	AfrAmr	0	0
ZDHHC5	0	AfrAmr	0	0
ZDHHC6	0	AfrAmr	0	0
ZDHHC7	0	AfrAmr	0	0
ZDHHC8	0	AfrAmr	0	0
ZFAND1	0	AfrAmr	0	0
ZFAND4	0	AfrAmr	0	0
ZFAND5	0	AfrAmr	0	0
ZFAT	0	AfrAmr	0	0
ZFC3H1	0	AfrAmr	0	0
ZFP14	0	AfrAmr	0	0
ZFP2	0	AfrAmr	0	0
ZFP3	0	AfrAmr	0	0
ZFP36L2	0	AfrAmr	0	0
ZFP41	0	AfrAmr	0	0
ZFP42	0	AfrAmr	0	0
ZFP57	0	AfrAmr	0	0
ZFP64	0	AfrAmr	0	0
ZFP69	0	AfrAmr	0	0
ZFP82	0	AfrAmr	0	0
ZFP91	0	AfrAmr	0	0
ZFPL1	0	AfrAmr	0	0
ZFPM1	0	AfrAmr	0	0
ZFR2	0	AfrAmr	0	0
ZFX	0	AfrAmr	0	0
ZFYVE16	0	AfrAmr	0	0
ZFYVE9	0	AfrAmr	0	0
ZG16B	0	AfrAmr	0	0
ZHX1-C8orf76	0	AfrAmr	0	0
ZHX2	0	AfrAmr	0	0
ZHX3	0	AfrAmr	0	0
ZIC4	0	AfrAmr	0	0
ZIK1	0	AfrAmr	0	0
ZIM3	0	AfrAmr	0	0
ZKSCAN4	0	AfrAmr	0	0
ZKSCAN5	0	AfrAmr	0	0
ZMAT1	0	AfrAmr	0	0
ZMAT3	0	AfrAmr	0	0
ZMIZ1	0	AfrAmr	0	0
ZMIZ2	0	AfrAmr	0	0
ZMPSTE24	0	AfrAmr	0	0
ZMYM1	0	AfrAmr	0	0
ZMYM2	0	AfrAmr	0	0
ZMYM4	0	AfrAmr	0	0
ZMYM5	0	AfrAmr	0	0
ZMYND10	0	AfrAmr	0	0
ZMYND11	0	AfrAmr	0	0
ZMYND15	0	AfrAmr	0	0
ZMYND19	0	AfrAmr	0	0
ZNF10	0	AfrAmr	0	0
ZNF100	0	AfrAmr	0	0
ZNF101	0	AfrAmr	0	0
ZNF107	0	AfrAmr	0	0
ZNF112	0	AfrAmr	0	0
ZNF117	0	AfrAmr	0	0
ZNF124	0	AfrAmr	0	0
ZNF131	0	AfrAmr	0	0
ZNF132	0	AfrAmr	0	0
ZNF133	0	AfrAmr	0	0
ZNF134	0	AfrAmr	0	0
ZNF14	0	AfrAmr	0	0
ZNF142	0	AfrAmr	0	0
ZNF155	0	AfrAmr	0	0
ZNF16	0	AfrAmr	0	0
ZNF160	0	AfrAmr	0	0
ZNF165	0	AfrAmr	0	0
ZNF180	0	AfrAmr	0	0
ZNF184	0	AfrAmr	0	0
ZNF189	0	AfrAmr	0	0
ZNF19	0	AfrAmr	0	0
ZNF195	0	AfrAmr	0	0
ZNF2	0	AfrAmr	0	0
ZNF205	0	AfrAmr	0	0
ZNF207	0	AfrAmr	0	0
ZNF208	0	AfrAmr	0	0
ZNF213	0	AfrAmr	0	0
ZNF219	0	AfrAmr	0	0
ZNF221	0	AfrAmr	0	0
ZNF225	0	AfrAmr	0	0
ZNF226	0	AfrAmr	0	0
ZNF227	0	AfrAmr	0	0
ZNF229	0	AfrAmr	0	0
ZNF230	0	AfrAmr	0	0
ZNF233	0	AfrAmr	0	0
ZNF234	0	AfrAmr	0	0
ZNF235	0	AfrAmr	0	0
ZNF236	0	AfrAmr	0	0
ZNF239	0	AfrAmr	0	0
ZNF24	0	AfrAmr	0	0
ZNF250	0	AfrAmr	0	0
ZNF257	0	AfrAmr	0	0
ZNF260	0	AfrAmr	0	0
ZNF263	0	AfrAmr	0	0
ZNF264	0	AfrAmr	0	0
ZNF268	0	AfrAmr	0	0
ZNF273	0	AfrAmr	0	0
ZNF277	0	AfrAmr	0	0
ZNF281	0	AfrAmr	0	0
ZNF282	0	AfrAmr	0	0
ZNF286A	0	AfrAmr	0	0
ZNF287	0	AfrAmr	0	0
ZNF292	0	AfrAmr	0	0
ZNF296	0	AfrAmr	0	0
ZNF300	0	AfrAmr	0	0
ZNF304	0	AfrAmr	0	0
ZNF311	0	AfrAmr	0	0
ZNF319	0	AfrAmr	0	0
ZNF32	0	AfrAmr	0	0
ZNF324	0	AfrAmr	0	0
ZNF326	0	AfrAmr	0	0
ZNF329	0	AfrAmr	0	0
ZNF335	0	AfrAmr	0	0
ZNF337	0	AfrAmr	0	0
ZNF33A	0	AfrAmr	0	0
ZNF33B	0	AfrAmr	0	0
ZNF34	0	AfrAmr	0	0
ZNF341	0	AfrAmr	0	0
ZNF346	0	AfrAmr	0	0
ZNF347	0	AfrAmr	0	0
ZNF350	0	AfrAmr	0	0
ZNF354B	0	AfrAmr	0	0
ZNF358	0	AfrAmr	0	0
ZNF366	0	AfrAmr	0	0
ZNF37A	0	AfrAmr	0	0
ZNF383	0	AfrAmr	0	0
ZNF394	0	AfrAmr	0	0
ZNF395	0	AfrAmr	0	0
ZNF398	0	AfrAmr	0	0
ZNF407	0	AfrAmr	0	0
ZNF408	0	AfrAmr	0	0
ZNF41	0	AfrAmr	0	0
ZNF416	0	AfrAmr	0	0
ZNF417	0	AfrAmr	0	0
ZNF420	0	AfrAmr	0	0
ZNF425	0	AfrAmr	0	0
ZNF426	0	AfrAmr	0	0
ZNF429	0	AfrAmr	0	0
ZNF430	0	AfrAmr	0	0
ZNF438	0	AfrAmr	0	0
ZNF440	0	AfrAmr	0	0
ZNF441	0	AfrAmr	0	0
ZNF443	0	AfrAmr	0	0
ZNF444	0	AfrAmr	0	0
ZNF445	0	AfrAmr	0	0
ZNF451	0	AfrAmr	0	0
ZNF460	0	AfrAmr	0	0
ZNF467	0	AfrAmr	0	0
ZNF471	0	AfrAmr	0	0
ZNF473	0	AfrAmr	0	0
ZNF474	0	AfrAmr	0	0
ZNF479	0	AfrAmr	0	0
ZNF485	0	AfrAmr	0	0
ZNF488	0	AfrAmr	0	0
ZNF490	0	AfrAmr	0	0
ZNF491	0	AfrAmr	0	0
ZNF492	0	AfrAmr	0	0
ZNF493	0	AfrAmr	0	0
ZNF497	0	AfrAmr	0	0
ZNF501	0	AfrAmr	0	0
ZNF502	0	AfrAmr	0	0
ZNF510	0	AfrAmr	0	0
ZNF512B	0	AfrAmr	0	0
ZNF516	0	AfrAmr	0	0
ZNF517	0	AfrAmr	0	0
ZNF518A	0	AfrAmr	0	0
ZNF518B	0	AfrAmr	0	0
ZNF519	0	AfrAmr	0	0
ZNF524	0	AfrAmr	0	0
ZNF526	0	AfrAmr	0	0
ZNF527	0	AfrAmr	0	0
ZNF530	0	AfrAmr	0	0
ZNF534	0	AfrAmr	0	0
ZNF540	0	AfrAmr	0	0
ZNF543	0	AfrAmr	0	0
ZNF544	0	AfrAmr	0	0
ZNF548	0	AfrAmr	0	0
ZNF550	0	AfrAmr	0	0
ZNF551	0	AfrAmr	0	0
ZNF552	0	AfrAmr	0	0
ZNF554	0	AfrAmr	0	0
ZNF555	0	AfrAmr	0	0
ZNF557	0	AfrAmr	0	0
ZNF558	0	AfrAmr	0	0
ZNF559	0	AfrAmr	0	0
ZNF559-ZNF177	0	AfrAmr	0	0
ZNF564	0	AfrAmr	0	0
ZNF565	0	AfrAmr	0	0
ZNF568	0	AfrAmr	0	0
ZNF570	0	AfrAmr	0	0
ZNF573	0	AfrAmr	0	0
ZNF574	0	AfrAmr	0	0
ZNF578	0	AfrAmr	0	0
ZNF583	0	AfrAmr	0	0
ZNF586	0	AfrAmr	0	0
ZNF592	0	AfrAmr	0	0
ZNF595	0	AfrAmr	0	0
ZNF596	0	AfrAmr	0	0
ZNF598	0	AfrAmr	0	0
ZNF600	0	AfrAmr	0	0
ZNF606	0	AfrAmr	0	0
ZNF607	0	AfrAmr	0	0
ZNF608	0	AfrAmr	0	0
ZNF609	0	AfrAmr	0	0
ZNF614	0	AfrAmr	0	0
ZNF620	0	AfrAmr	0	0
ZNF621	0	AfrAmr	0	0
ZNF624	0	AfrAmr	0	0
ZNF625	0	AfrAmr	0	0
ZNF626	0	AfrAmr	0	0
ZNF627	0	AfrAmr	0	0
ZNF629	0	AfrAmr	0	0
ZNF639	0	AfrAmr	0	0
ZNF641	0	AfrAmr	0	0
ZNF644	0	AfrAmr	0	0
ZNF649	0	AfrAmr	0	0
ZNF652	0	AfrAmr	0	0
ZNF654	0	AfrAmr	0	0
ZNF655	0	AfrAmr	0	0
ZNF660	0	AfrAmr	0	0
ZNF664	0	AfrAmr	0	0
ZNF665	0	AfrAmr	0	0
ZNF668	0	AfrAmr	0	0
ZNF672	0	AfrAmr	0	0
ZNF675	0	AfrAmr	0	0
ZNF676	0	AfrAmr	0	0
ZNF677	0	AfrAmr	0	0
ZNF678	0	AfrAmr	0	0
ZNF679	0	AfrAmr	0	0
ZNF683	0	AfrAmr	0	0
ZNF687	0	AfrAmr	0	0
ZNF695	0	AfrAmr	0	0
ZNF696	0	AfrAmr	0	0
ZNF697	0	AfrAmr	0	0
ZNF699	0	AfrAmr	0	0
ZNF700	0	AfrAmr	0	0
ZNF701	0	AfrAmr	0	0
ZNF704	0	AfrAmr	0	0
ZNF708	0	AfrAmr	0	0
ZNF709	0	AfrAmr	0	0
ZNF718	0	AfrAmr	0	0
ZNF724P	0	AfrAmr	0	0
ZNF732	0	AfrAmr	0	0
ZNF735	0	AfrAmr	0	0
ZNF749	0	AfrAmr	0	0
ZNF750	0	AfrAmr	0	0
ZNF76	0	AfrAmr	0	0
ZNF761	0	AfrAmr	0	0
ZNF764	0	AfrAmr	0	0
ZNF765	0	AfrAmr	0	0
ZNF768	0	AfrAmr	0	0
ZNF77	0	AfrAmr	0	0
ZNF770	0	AfrAmr	0	0
ZNF772	0	AfrAmr	0	0
ZNF773	0	AfrAmr	0	0
ZNF780A	0	AfrAmr	0	0
ZNF782	0	AfrAmr	0	0
ZNF785	0	AfrAmr	0	0
ZNF786	0	AfrAmr	0	0
ZNF79	0	AfrAmr	0	0
ZNF791	0	AfrAmr	0	0
ZNF792	0	AfrAmr	0	0
ZNF793	0	AfrAmr	0	0
ZNF80	0	AfrAmr	0	0
ZNF800	0	AfrAmr	0	0
ZNF804B	0	AfrAmr	0	0
ZNF805	0	AfrAmr	0	0
ZNF808	0	AfrAmr	0	0
ZNF81	0	AfrAmr	0	0
ZNF813	0	AfrAmr	0	0
ZNF816	0	AfrAmr	0	0
ZNF827	0	AfrAmr	0	0
ZNF829	0	AfrAmr	0	0
ZNF83	0	AfrAmr	0	0
ZNF831	0	AfrAmr	0	0
ZNF836	0	AfrAmr	0	0
ZNF837	0	AfrAmr	0	0
ZNF839	0	AfrAmr	0	0
ZNF841	0	AfrAmr	0	0
ZNF845	0	AfrAmr	0	0
ZNF846	0	AfrAmr	0	0
ZNF850	0	AfrAmr	0	0
ZNF852	0	AfrAmr	0	0
ZNF860	0	AfrAmr	0	0
ZNF862	0	AfrAmr	0	0
ZNF878	0	AfrAmr	0	0
ZNF880	0	AfrAmr	0	0
ZNF90	0	AfrAmr	0	0
ZNF91	0	AfrAmr	0	0
ZNF98	0	AfrAmr	0	0
ZNHIT6	0	AfrAmr	0	0
ZNRF1	0	AfrAmr	0	0
ZP4	0	AfrAmr	0	0
ZPBP2	0	AfrAmr	0	0
ZRSR1	0	AfrAmr	0	0
ZRSR2	0	AfrAmr	0	0
ZSCAN12	0	AfrAmr	0	0
ZSCAN21	0	AfrAmr	0	0
ZSCAN22	0	AfrAmr	0	0
ZSCAN23	0	AfrAmr	0	0
ZSCAN26	0	AfrAmr	0	0
ZSCAN29	0	AfrAmr	0	0
ZSCAN31	0	AfrAmr	0	0
ZSCAN4	0	AfrAmr	0	0
ZSCAN9	0	AfrAmr	0	0
ZSWIM2	0	AfrAmr	0	0
ZSWIM5	0	AfrAmr	0	0
ZSWIM8	0	AfrAmr	0	0
ZUFSP	0	AfrAmr	0	0
ZW10	0	AfrAmr	0	0
ZWINT	0	AfrAmr	0	0
ZXDC	0	AfrAmr	0	0
ZYG11B	0	AfrAmr	0	0
ZYX	0	AfrAmr	0	0
ZZEF1	0	AfrAmr	0	0
ZZZ3	0	AfrAmr	0	0
ANKRD27	0	AfrAmr	0	0
CYP11A1	0	AfrAmr	0	0
DIRAS3	0	AfrAmr	0	0
EIF4E1B	0	AfrAmr	0	0
ERICH5	0	AfrAmr	0	0
FUT1	0	AfrAmr	0	0
HIST1H2BC	0	AfrAmr	0	0
IGHG4	0	AfrAmr	0	0
NTF4	0	AfrAmr	0	0
OR4C6	0	AfrAmr	0	0
RELB	0	AfrAmr	0	0
SLC26A1	0	AfrAmr	0	0
ENDOD1	0	AfrAmr	0	0
GPRIN1	0	AfrAmr	0	0
KRBOX4	0	AfrAmr	0	0
NRSN1	0	AfrAmr	0	0
PACSIN3	0	AfrAmr	0	0
SH2D4A	0	AfrAmr	0	0
STON1-GTF2A1L	0	AfrAmr	0	0
TXNDC15	0	AfrAmr	0	0
ZSWIM3	0	AfrAmr	0	0
ANXA7	0	AfrAmr	0	0
ARMCX1	0	AfrAmr	0	0
CNTD2	0	AfrAmr	0	0
CYP4F22	0	AfrAmr	0	0
KHDRBS3	0	AfrAmr	0	0
LYZL4	0	AfrAmr	0	0
NBPF15	0	AfrAmr	0	0
NFRKB	0	AfrAmr	0	0
PLEKHA3	0	AfrAmr	0	0
QARS	0	AfrAmr	0	0
FAM117B	0	AfrAmr	0	0
MBOAT7	0	AfrAmr	0	0
RRAGC	0	AfrAmr	0	0
SEMG2	0	AfrAmr	0	0
CACNA2D2	0	AfrAmr	0	0
CADM3	0	AfrAmr	0	0
CCRN4L	0	AfrAmr	0	0
FOXQ1	0	AfrAmr	0	0
MAP4K4	0	AfrAmr	0	0
MYOZ1	0	AfrAmr	0	0
PRKG1	0	AfrAmr	0	0
QTRTD1	0	AfrAmr	0	0
RSF1	0	AfrAmr	0	0
SPAM1	0	AfrAmr	0	0
ST8SIA2	0	AfrAmr	0	0
TEPP	0	AfrAmr	0	0
GJB1	0	AfrAmr	0	0
KRTAP6-2	0	AfrAmr	0	0
PRKRA	0	AfrAmr	0	0
YJEFN3	0	AfrAmr	0	0
CDC45	0	AfrAmr	0	0
COPE	0	AfrAmr	0	0
GPRC5A	0	AfrAmr	0	0
LRP11	0	AfrAmr	0	0
MPRIP	0	AfrAmr	0	0
NUDT14	0	AfrAmr	0	0
PXT1	0	AfrAmr	0	0
RAB6A	0	AfrAmr	0	0
SULT1C2	0	AfrAmr	0	0
TMEM18	0	AfrAmr	0	0
TMX1	0	AfrAmr	0	0
UBQLN2	0	AfrAmr	0	0
ENKD1	0	AfrAmr	0	0
GALNT16	0	AfrAmr	0	0
CCDC70	0	AfrAmr	0	0
CSH2	0	AfrAmr	0	0
NUFIP2	0	AfrAmr	0	0
SLC7A3	0	AfrAmr	0	0
ACP6	0	AfrAmr	0	0
BIRC7	0	AfrAmr	0	0
CEP85	0	AfrAmr	0	0
CPPED1	0	AfrAmr	0	0
ENDOG	0	AfrAmr	0	0
HOXC10	0	AfrAmr	0	0
IRF4	0	AfrAmr	0	0
KCTD8	0	AfrAmr	0	0
NOL4L	0	AfrAmr	0	0
SPDYE4	0	AfrAmr	0	0
VWA1	0	AfrAmr	0	0
APMAP	0	AfrAmr	0	0
MOXD1	0	AfrAmr	0	0
NUTF2	0	AfrAmr	0	0
OSTF1	0	AfrAmr	0	0
PLEKHH3	0	AfrAmr	0	0
PTPN5	0	AfrAmr	0	0
RBM6	0	AfrAmr	0	0
WLS	0	AfrAmr	0	0
ASB18	0	AfrAmr	0	0
C4orf17	0	AfrAmr	0	0
COL23A1	0	AfrAmr	0	0
GNPDA2	0	AfrAmr	0	0
MAP3K6	0	AfrAmr	0	0
MRGPRX2	0	AfrAmr	0	0
KLK11	0	AfrAmr	0	0
SPRED1	0	AfrAmr	0	0
TAS2R50	0	AfrAmr	0	0
TMPRSS11F	0	AfrAmr	0	0
ARMC7	0	AfrAmr	0	0
ILK	0	AfrAmr	0	0
KIR3DL1	0	AfrAmr	0	0
LSR	0	AfrAmr	0	0
NKPD1	0	AfrAmr	0	0
PIK3CB	0	AfrAmr	0	0
ZCCHC7	0	AfrAmr	0	0
ANKRD34B	0	AfrAmr	0	0
CA5B	0	AfrAmr	0	0
CAPN9	0	AfrAmr	0	0
LAYN	0	AfrAmr	0	0
SASS6	0	AfrAmr	0	0
C1R	0	AfrAmr	0	0
C3orf22	0	AfrAmr	0	0
ELF4	0	AfrAmr	0	0
GARNL3	0	AfrAmr	0	0
HOXD10	0	AfrAmr	0	0
LPXN	0	AfrAmr	0	0
OPRK1	0	AfrAmr	0	0
PPP2CA	0	AfrAmr	0	0
RGS2	0	AfrAmr	0	0
SNTG1	0	AfrAmr	0	0
TOMM40L	0	AfrAmr	0	0
NACA	0	AfrAmr	0	0
OR2AG2	0	AfrAmr	0	0
PRAMEF19	0	AfrAmr	0	0
RAVER1	0	AfrAmr	0	0
SFXN4	0	AfrAmr	0	0
TMEM52	0	AfrAmr	0	0
TRPC3	0	AfrAmr	0	0
TTC19	0	AfrAmr	0	0
ATIC	0	AfrAmr	0	0
CD99	0	AfrAmr	0	0
LGALS1	0	AfrAmr	0	0
OR4C15	0	AfrAmr	0	0
RPL35A	0	AfrAmr	0	0
RPS13	0	AfrAmr	0	0
RPS3A	0	AfrAmr	0	0
TBC1D1	0	AfrAmr	0	0
TRIM29	0	AfrAmr	0	0
UBBP4	0	AfrAmr	0	0
CIAO1	0	AfrAmr	0	0
FAM133A	0	AfrAmr	0	0
HM13	0	AfrAmr	0	0
IVL	0	AfrAmr	0	0
LOX	0	AfrAmr	0	0
NHS	0	AfrAmr	0	0
OR5B17	0	AfrAmr	0	0
PPIAL4A	0	AfrAmr	0	0
RPL14	0	AfrAmr	0	0
RPL15	0	AfrAmr	0	0
TANGO6	0	AfrAmr	0	0
TMTC3	0	AfrAmr	0	0
TRIM39-RPP21	0	AfrAmr	0	0
VDAC2	0	AfrAmr	0	0
WASF3	0	AfrAmr	0	0
ITFG1	0	AfrAmr	0	0
IZUMO1	0	AfrAmr	0	0
KLHL25	0	AfrAmr	0	0
PI16	0	AfrAmr	0	0
SNRPE	0	AfrAmr	0	0
ZNF781	0	AfrAmr	0	0
ACPT	0	AfrAmr	0	0
HKDC1	0	AfrAmr	0	0
MAPK13	0	AfrAmr	0	0
OR10G7	0	AfrAmr	0	0
UGT8	0	AfrAmr	0	0
C10orf82	0	AfrAmr	0	0
COQ3	0	AfrAmr	0	0
ERCC6L	0	AfrAmr	0	0
MRPS33	0	AfrAmr	0	0
PKD2L1	0	AfrAmr	0	0
PREPL	0	AfrAmr	0	0
SEL1L	0	AfrAmr	0	0
SLC47A1	0	AfrAmr	0	0
VPS25	0	AfrAmr	0	0
WSCD1	0	AfrAmr	0	0
ARHGEF35	0	AfrAmr	0	0
CBLN1	0	AfrAmr	0	0
F7	0	AfrAmr	0	0
KPNA4	0	AfrAmr	0	0
LCE2B	0	AfrAmr	0	0
PITPNC1	0	AfrAmr	0	0
PPAPDC1A	0	AfrAmr	0	0
PPP2R2B	0	AfrAmr	0	0
RPS6KA6	0	AfrAmr	0	0
SMPDL3B	0	AfrAmr	0	0
STARD7	0	AfrAmr	0	0
CACNG3	0	AfrAmr	0	0
CYP2A6	0	AfrAmr	0	0
DLGAP5	0	AfrAmr	0	0
EID2B	0	AfrAmr	0	0
FGF13	0	AfrAmr	0	0
KCNH2	0	AfrAmr	0	0
KRT78	0	AfrAmr	0	0
KRTAP12-3	0	AfrAmr	0	0
OAS2	0	AfrAmr	0	0
OPA1	0	AfrAmr	0	0
PRSS38	0	AfrAmr	0	0
PYCRL	0	AfrAmr	0	0
RDH5	0	AfrAmr	0	0
TOMM22	0	AfrAmr	0	0
ACOT4	0	AfrAmr	0	0
TTC31	0	AfrAmr	0	0
CHMP4C	0	AfrAmr	0	0
CHRNA7	0	AfrAmr	0	0
CPVL	0	AfrAmr	0	0
PDCD1LG2	0	AfrAmr	0	0
PRSS55	0	AfrAmr	0	0
SLAIN2	0	AfrAmr	0	0
ZMAT4	0	AfrAmr	0	0
ZNF566	0	AfrAmr	0	0
RQCD1	0	AfrAmr	0	0
BEX4	0	AfrAmr	0	0
RHOC	0	AfrAmr	0	0
SLC26A6	0	AfrAmr	0	0
TCP11	0	AfrAmr	0	0
TPD52	0	AfrAmr	0	0
ADGRG3	0	AfrAmr	0	0
ANKRD30B	0	AfrAmr	0	0
ANO6	0	AfrAmr	0	0
ARHGAP4	0	AfrAmr	0	0
CELF3	0	AfrAmr	0	0
CEP126	0	AfrAmr	0	0
DDC	0	AfrAmr	0	0
KRTAP4-11	0	AfrAmr	0	0
ME3	0	AfrAmr	0	0
MICU3	0	AfrAmr	0	0
MOB1A	0	AfrAmr	0	0
MPHOSPH8	0	AfrAmr	0	0
MYLK3	0	AfrAmr	0	0
NIPA2	0	AfrAmr	0	0
OR51A2	0	AfrAmr	0	0
PGLYRP3	0	AfrAmr	0	0
SOX14	0	AfrAmr	0	0
SPATC1L	0	AfrAmr	0	0
TNFAIP8L1	0	AfrAmr	0	0
AARD	0	AfrAmr	0	0
CCDC120	0	AfrAmr	0	0
PCDHB10	0	AfrAmr	0	0
PPP2R5C	0	AfrAmr	0	0
AMER2	0	AfrAmr	0	0
ELOVL4	0	AfrAmr	0	0
FAM13C	0	AfrAmr	0	0
ITFG2	0	AfrAmr	0	0
ITGB1BP1	0	AfrAmr	0	0
PRPF38A	0	AfrAmr	0	0
ZFAND2A	0	AfrAmr	0	0
ALX3	0	AfrAmr	0	0
ARMCX3	0	AfrAmr	0	0
EIF4EBP2	0	AfrAmr	0	0
GOLGA6C	0	AfrAmr	0	0
GOLGA6L6	0	AfrAmr	0	0
GPR78	0	AfrAmr	0	0
MAGEC2	0	AfrAmr	0	0
PGA3	0	AfrAmr	0	0
PGAM5	0	AfrAmr	0	0
RRAGD	0	AfrAmr	0	0
SCN3B	0	AfrAmr	0	0
SLC22A23	0	AfrAmr	0	0
SLC6A9	0	AfrAmr	0	0
VPS37D	0	AfrAmr	0	0
C10orf90	0	AfrAmr	0	0
FYB	0	AfrAmr	0	0
PRB1	0	AfrAmr	0	0
PRKACB	0	AfrAmr	0	0
SDCBP	0	AfrAmr	0	0
A4GNT	0	AfrAmr	0	0
C14orf169	0	AfrAmr	0	0
CCDC38	0	AfrAmr	0	0
CYP21A2	0	AfrAmr	0	0
FAM153B	0	AfrAmr	0	0
FOXR2	0	AfrAmr	0	0
GDF3	0	AfrAmr	0	0
KANSL2	0	AfrAmr	0	0
KLHL4	0	AfrAmr	0	0
P2RX1	0	AfrAmr	0	0
SPDYE6	0	AfrAmr	0	0
TMEM176A	0	AfrAmr	0	0
ZNF468	0	AfrAmr	0	0
ANGPTL5	0	AfrAmr	0	0
FXYD3	0	AfrAmr	0	0
IGLV5-37	0	AfrAmr	0	0
KBTBD4	0	AfrAmr	0	0
KRT34	0	AfrAmr	0	0
LILRA1	0	AfrAmr	0	0
NRN1L	0	AfrAmr	0	0
NUDT21	0	AfrAmr	0	0
OR13C3	0	AfrAmr	0	0
OR51G1	0	AfrAmr	0	0
PDCD6	0	AfrAmr	0	0
RAMP3	0	AfrAmr	0	0
RBM24	0	AfrAmr	0	0
SLC25A48	0	AfrAmr	0	0
TMIGD2	0	AfrAmr	0	0
DDX55	0	AfrAmr	0	0
GTPBP4	0	AfrAmr	0	0
JAGN1	0	AfrAmr	0	0
NFKBIB	0	AfrAmr	0	0
NUB1	0	AfrAmr	0	0
SETMAR	0	AfrAmr	0	0
SRL	0	AfrAmr	0	0
TM6SF1	0	AfrAmr	0	0
WNT2B	0	AfrAmr	0	0
DCLRE1C	0	AfrAmr	0	0
HIST1H3I	0	AfrAmr	0	0
RBMXL2	0	AfrAmr	0	0
ZP2	0	AfrAmr	0	0
ANO4	0	AfrAmr	0	0
ARHGEF3	0	AfrAmr	0	0
ATP1B4	0	AfrAmr	0	0
BECN1	0	AfrAmr	0	0
CASQ2	0	AfrAmr	0	0
CKMT1B	0	AfrAmr	0	0
CYP4B1	0	AfrAmr	0	0
EFCAB13	0	AfrAmr	0	0
FBXO10	0	AfrAmr	0	0
FDXACB1	0	AfrAmr	0	0
FHIT	0	AfrAmr	0	0
HLA-DRB5	0	AfrAmr	0	0
IL3RA	0	AfrAmr	0	0
IMP3	0	AfrAmr	0	0
LRRC32	0	AfrAmr	0	0
OR52E4	0	AfrAmr	0	0
ORC3	0	AfrAmr	0	0
PAQR6	0	AfrAmr	0	0
PLD4	0	AfrAmr	0	0
RAD51AP1	0	AfrAmr	0	0
RGS6	0	AfrAmr	0	0
RP11-385D13.1	0	AfrAmr	0	0
SIGLECL1	0	AfrAmr	0	0
SLTM	0	AfrAmr	0	0
STEAP4	0	AfrAmr	0	0
TAF7L	0	AfrAmr	0	0
TBKBP1	0	AfrAmr	0	0
TMEM120B	0	AfrAmr	0	0
TSNAXIP1	0	AfrAmr	0	0
TSR3	0	AfrAmr	0	0
VTA1	0	AfrAmr	0	0
FAM3C	0	AfrAmr	0	0
IL22RA1	0	AfrAmr	0	0
LRRC10	0	AfrAmr	0	0
MRPL34	0	AfrAmr	0	0
ZNF148	0	AfrAmr	0	0
C5AR1	0	AfrAmr	0	0
ENGASE	0	AfrAmr	0	0
FHOD1	0	AfrAmr	0	0
FIBIN	0	AfrAmr	0	0
INSM1	0	AfrAmr	0	0
KRT36	0	AfrAmr	0	0
NKX2-8	0	AfrAmr	0	0
NNAT	0	AfrAmr	0	0
OR5H1	0	AfrAmr	0	0
PVRL3	0	AfrAmr	0	0
SERINC1	0	AfrAmr	0	0
ST6GAL2	0	AfrAmr	0	0
STC2	0	AfrAmr	0	0
TRAC	0	AfrAmr	0	0
TRAV17	0	AfrAmr	0	0
TRBJ2-2P	0	AfrAmr	0	0
TRBV3-1	0	AfrAmr	0	0
ZNF212	0	AfrAmr	0	0
ZNF728	0	AfrAmr	0	0
CYTH4	0	AfrAmr	0	0
GNS	0	AfrAmr	0	0
PRRG3	0	AfrAmr	0	0
ATP5J2-PTCD1	0	AfrAmr	0	0
C4A	0	AfrAmr	0	0
DCAF12L1	0	AfrAmr	0	0
MGME1	0	AfrAmr	0	0
ACAP3	0	AfrAmr	0	0
ALS2CR12	0	AfrAmr	0	0
CASC3	0	AfrAmr	0	0
CYSLTR1	0	AfrAmr	0	0
GPC6	0	AfrAmr	0	0
IL17C	0	AfrAmr	0	0
PLEKHG3	0	AfrAmr	0	0
SIX2	0	AfrAmr	0	0
SRSF1	0	AfrAmr	0	0
STK4	0	AfrAmr	0	0
AQP9	0	AfrAmr	0	0
CNPY4	0	AfrAmr	0	0
COG8	0	AfrAmr	0	0
FNDC7	0	AfrAmr	0	0
FUBP1	0	AfrAmr	0	0
HS3ST4	0	AfrAmr	0	0
IGHM	0	AfrAmr	0	0
MUTYH	0	AfrAmr	0	0
PAQR3	0	AfrAmr	0	0
SDS	0	AfrAmr	0	0
TRAPPC12	0	AfrAmr	0	0
ALOX5AP	0	AfrAmr	0	0
CCDC157	0	AfrAmr	0	0
DIMT1	0	AfrAmr	0	0
DNAJB14	0	AfrAmr	0	0
FAM73A	0	AfrAmr	0	0
FDCSP	0	AfrAmr	0	0
IGKV1D-42	0	AfrAmr	0	0
IGLV2-11	0	AfrAmr	0	0
LUZP4	0	AfrAmr	0	0
NT5C1B	0	AfrAmr	0	0
PAQR9	0	AfrAmr	0	0
REPS2	0	AfrAmr	0	0
RITA1	0	AfrAmr	0	0
SAMD8	0	AfrAmr	0	0
SCAI	0	AfrAmr	0	0
STK16	0	AfrAmr	0	0
THUMPD3	0	AfrAmr	0	0
TRAJ42	0	AfrAmr	0	0
ZNF367	0	AfrAmr	0	0
ZNF789	0	AfrAmr	0	0
GABRQ	0	AfrAmr	0	0
PANK3	0	AfrAmr	0	0
AP1AR	0	AfrAmr	0	0
CALB2	0	AfrAmr	0	0
GRHPR	0	AfrAmr	0	0
MTERF3	0	AfrAmr	0	0
NAPRT	0	AfrAmr	0	0
NEK1	0	AfrAmr	0	0
NUGGC	0	AfrAmr	0	0
S100A10	0	AfrAmr	0	0
SPATA18	0	AfrAmr	0	0
TAF5	0	AfrAmr	0	0
TCP1	0	AfrAmr	0	0
CANX	0	AfrAmr	0	0
FGFR1	0	AfrAmr	0	0
KRTAP8-1	0	AfrAmr	0	0
SEMA3E	0	AfrAmr	0	0
STK40	0	AfrAmr	0	0
SYT2	0	AfrAmr	0	0
TIGD4	0	AfrAmr	0	0
TLX2	0	AfrAmr	0	0
UPK1B	0	AfrAmr	0	0
VWA2	0	AfrAmr	0	0
ANGPT1	0	AfrAmr	0	0
ANKRD2	0	AfrAmr	0	0
APRT	0	AfrAmr	0	0
BRCC3	0	AfrAmr	0	0
CCDC178	0	AfrAmr	0	0
FARSA	0	AfrAmr	0	0
GNB1L	0	AfrAmr	0	0
GNB2	0	AfrAmr	0	0
HNF1B	0	AfrAmr	0	0
KIAA0825	0	AfrAmr	0	0
LMNA	0	AfrAmr	0	0
LRRFIP2	0	AfrAmr	0	0
MECP2	0	AfrAmr	0	0
NANOS2	0	AfrAmr	0	0
NIPA1	0	AfrAmr	0	0
NKX2-5	0	AfrAmr	0	0
RNF41	0	AfrAmr	0	0
SPATA6L	0	AfrAmr	0	0
VAX2	0	AfrAmr	0	0
VRK1	0	AfrAmr	0	0
PAOX	0	AfrAmr	0	0
ABCA4	1	EurAmr	5	20
ADAMTS16	1	EurAmr	5	20
ALOX15	1	EurAmr	1	100
ANKRD26	1	EurAmr	3	33.33333333333333
APC	1	EurAmr	3	33.33333333333333
BRWD1	1	EurAmr	4	25
C19orf57	1	EurAmr	2	50
C9orf173	1	EurAmr	1	100
CACNA1H	2	EurAmr	2	100
CES3	1	EurAmr	2	50
CHD6	1	EurAmr	3	33.33333333333333
CRNN	1	EurAmr	4	25
CUL4B	1	EurAmr	2	50
DAW1	1	EurAmr	1	100
DCLRE1B	1	EurAmr	2	50
DHX35	1	EurAmr	1	100
DIO3	1	EurAmr	3	33.33333333333333
DNPEP	1	EurAmr	1	100
DPYD	1	EurAmr	3	33.33333333333333
EEF1A1	1	EurAmr	2	50
EIF2B5	1	EurAmr	3	33.33333333333333
EPC2	1	EurAmr	2	50
EXPH5	1	EurAmr	2	50
GABRA4	1	EurAmr	2	50
GBX1	1	EurAmr	2	50
GLI2	1	EurAmr	4	25
GLRA1	1	EurAmr	3	33.33333333333333
HNRNPLL	1	EurAmr	1	100
IGHV1-58	1	EurAmr	2	50
IGKC	1	EurAmr	1	100
KIF24	1	EurAmr	4	25
KLHL1	1	EurAmr	2	50
KLHL40	1	EurAmr	3	33.33333333333333
KRAS	2	EurAmr	118	1.694915254237288
KRT38	1	EurAmr	3	33.33333333333333
LAMA1	1	EurAmr	4	25
LHX8	1	EurAmr	2	50
LRCH1	1	EurAmr	2	50
MBD6	1	EurAmr	2	50
MOV10L1	1	EurAmr	2	50
MUC5AC	1	EurAmr	4	25
NEBL	1	EurAmr	3	33.33333333333333
NOC4L	1	EurAmr	2	50
OGT	1	EurAmr	2	50
OLFML2B	1	EurAmr	3	33.33333333333333
OR4M1	1	EurAmr	2	50
OR51I2	2	EurAmr	2	100
OR8J3	1	EurAmr	2	50
PCDH9	1	EurAmr	4	25
PDE11A	1	EurAmr	2	50
PLEK	1	EurAmr	1	100
RANGAP1	1	EurAmr	2	50
RNF207	1	EurAmr	1	100
RPL28	1	EurAmr	2	50
RTN4RL1	1	EurAmr	2	50
SEMA5A	1	EurAmr	2	50
SEZ6L	1	EurAmr	3	33.33333333333333
SF3B1	1	EurAmr	3	33.33333333333333
SLC6A15	1	EurAmr	1	100
SPAG17	1	EurAmr	4	25
TANC1	1	EurAmr	2	50
TGFBR2	1	EurAmr	6	16.666666666666664
TMEM116	1	EurAmr	1	100
TOP2A	1	EurAmr	2	50
TP53	1	EurAmr	80	1.25
TPCN1	1	EurAmr	2	50
UBASH3B	2	EurAmr	3	66.66666666666666
USP44	1	EurAmr	1	100
WDR37	1	EurAmr	2	50
ZNF114	1	EurAmr	4	25
ABCC10	1	EurAmr	3	33.33333333333333
ABCG1	1	EurAmr	2	50
ADAMTS15	1	EurAmr	3	33.33333333333333
ADAMTS9	1	EurAmr	2	50
ATG2B	1	EurAmr	4	25
CASKIN1	1	EurAmr	3	33.33333333333333
CXCL12	1	EurAmr	1	100
DNAH11	1	EurAmr	8	12.5
DNAH3	1	EurAmr	3	33.33333333333333
DNER	1	EurAmr	3	33.33333333333333
FBLN2	1	EurAmr	4	25
GABBR1	1	EurAmr	2	50
GANAB	1	EurAmr	3	33.33333333333333
GK	1	EurAmr	2	50
HECW1	1	EurAmr	5	20
KCNV2	1	EurAmr	2	50
KRAS	1	EurAmr	118	0.847457627118644
MARCH5	1	EurAmr	1	100
MEFV	1	EurAmr	5	20
NTNG1	1	EurAmr	5	20
PPP4R2	1	EurAmr	1	100
PSG1	1	EurAmr	1	100
RASGEF1A	1	EurAmr	3	33.33333333333333
SEC61B	1	EurAmr	1	100
SMAD4	1	EurAmr	27	3.7037037037037033
SYNE1	1	EurAmr	6	16.666666666666664
SYT4	1	EurAmr	2	50
TGM3	1	EurAmr	2	50
TMEM257	1	EurAmr	1	100
TP53	1	EurAmr	80	1.25
URI1	1	EurAmr	1	100
USP34	1	EurAmr	2	50
VSTM4	1	EurAmr	2	50
WDR48	1	EurAmr	3	33.33333333333333
ZNF345	1	EurAmr	1	100
ZNF506	1	EurAmr	1	100
ZP3	1	EurAmr	1	100
ADAD2	1	EurAmr	2	50
AJAP1	1	EurAmr	4	25
AQP4	1	EurAmr	1	100
ASPM	1	EurAmr	5	20
C5	1	EurAmr	2	50
CACNA1F	1	EurAmr	2	50
CENPJ	1	EurAmr	4	25
CFAP47	1	EurAmr	3	33.33333333333333
DHRS2	1	EurAmr	2	50
DNM1L	1	EurAmr	2	50
DUOXA2	1	EurAmr	3	33.33333333333333
EFCAB6	1	EurAmr	2	50
EIF4ENIF1	1	EurAmr	2	50
ETS1	1	EurAmr	1	100
FPR1	1	EurAmr	3	33.33333333333333
FSHR	1	EurAmr	1	100
GGCX	1	EurAmr	2	50
GPR26	1	EurAmr	2	50
GRIK4	1	EurAmr	2	50
HYDIN	1	EurAmr	5	20
IGF2R	1	EurAmr	3	33.33333333333333
ITGB2	1	EurAmr	1	100
KCNG3	1	EurAmr	2	50
KIF1A	1	EurAmr	6	16.666666666666664
KRAS	1	EurAmr	118	0.847457627118644
KSR2	1	EurAmr	2	50
KY	1	EurAmr	2	50
LCE2C	1	EurAmr	1	100
LMF2	1	EurAmr	2	50
MYL9	1	EurAmr	2	50
MYT1L	1	EurAmr	4	25
NPHS2	1	EurAmr	2	50
OR14A16	1	EurAmr	1	100
OR2L8	1	EurAmr	1	100
OR4F6	1	EurAmr	1	100
PCDH9	1	EurAmr	4	25
PCNX	1	EurAmr	2	50
PITPNM1	1	EurAmr	2	50
PLEKHA4	1	EurAmr	3	33.33333333333333
POTEE	1	EurAmr	5	20
PTPN13	1	EurAmr	2	50
PXK	1	EurAmr	2	50
RSPH10B	1	EurAmr	2	50
RSPH6A	1	EurAmr	2	50
SALL2	1	EurAmr	2	50
SCN5A	1	EurAmr	9	11.11111111111111
SEMA3A	1	EurAmr	1	100
SESTD1	1	EurAmr	1	100
SGSM1	1	EurAmr	4	25
SH3TC2	1	EurAmr	2	50
SIGLEC6	1	EurAmr	2	50
SP140	1	EurAmr	3	33.33333333333333
STXBP4	1	EurAmr	1	100
TENM4	1	EurAmr	4	25
TMEM198	1	EurAmr	4	25
TNR	1	EurAmr	4	25
TP53	1	EurAmr	80	1.25
TPTE	1	EurAmr	3	33.33333333333333
TRH	1	EurAmr	2	50
TTN	1	EurAmr	24	4.166666666666666
UTS2R	1	EurAmr	2	50
ZNF365	1	EurAmr	2	50
ZNF500	1	EurAmr	1	100
ZNF99	1	EurAmr	3	33.33333333333333
ADCY3	1	EurAmr	3	33.33333333333333
ALK	1	EurAmr	2	50
ARHGAP5	1	EurAmr	3	33.33333333333333
ATP2B2	1	EurAmr	3	33.33333333333333
ATP8B4	1	EurAmr	2	50
COL3A1	1	EurAmr	3	33.33333333333333
CRKL	1	EurAmr	1	100
CSMD3	1	EurAmr	7	14.285714285714285
DDHD2	1	EurAmr	2	50
DLG4	1	EurAmr	2	50
EPOR	1	EurAmr	1	100
EVPL	1	EurAmr	2	50
F5	1	EurAmr	4	25
FASTKD1	1	EurAmr	2	50
GMDS	1	EurAmr	1	100
GSDMD	1	EurAmr	2	50
GSG1	1	EurAmr	1	100
HAPLN1	1	EurAmr	2	50
HMX2	1	EurAmr	1	100
HNRNPA1	1	EurAmr	1	100
IKZF2	1	EurAmr	2	50
IL23R	1	EurAmr	2	50
ITGA7	1	EurAmr	2	50
KCNA4	1	EurAmr	5	20
KRAS	1	EurAmr	118	0.847457627118644
LATS2	2	EurAmr	2	100
MAPT	1	EurAmr	4	25
MST1R	1	EurAmr	3	33.33333333333333
MUC17	1	EurAmr	7	14.285714285714285
NRROS	1	EurAmr	3	33.33333333333333
NUP50	1	EurAmr	2	50
NWD1	1	EurAmr	2	50
OGDHL	1	EurAmr	3	33.33333333333333
OR2M4	1	EurAmr	4	25
PHB	1	EurAmr	2	50
PHEX	1	EurAmr	2	50
PIAS3	1	EurAmr	1	100
PTCHD2	1	EurAmr	4	25
RTN4	1	EurAmr	2	50
SDK1	1	EurAmr	7	14.285714285714285
SLC4A2	1	EurAmr	1	100
SPTLC1	1	EurAmr	2	50
SRCAP	1	EurAmr	2	50
STOX2	2	EurAmr	2	100
THBS4	1	EurAmr	3	33.33333333333333
TNR	1	EurAmr	4	25
UMOD	1	EurAmr	3	33.33333333333333
ZFHX4	1	EurAmr	7	14.285714285714285
ZFPM2	1	EurAmr	3	33.33333333333333
ABCB1	1	EurAmr	5	20
ABCF3	1	EurAmr	2	50
ACTL9	1	EurAmr	5	20
ATP8B2	1	EurAmr	3	33.33333333333333
C1orf94	1	EurAmr	2	50
C1QTNF7	1	EurAmr	1	100
CARD6	1	EurAmr	1	100
CCDC50	1	EurAmr	1	100
CLIC5	1	EurAmr	2	50
CNTNAP4	1	EurAmr	2	50
CSE1L	1	EurAmr	2	50
DMD	1	EurAmr	4	25
EPB41L5	1	EurAmr	2	50
EVI2A	1	EurAmr	1	100
FARSB	1	EurAmr	2	50
FHOD3	1	EurAmr	3	33.33333333333333
GAREM	1	EurAmr	2	50
GRIP2	1	EurAmr	2	50
KRAS	1	EurAmr	118	0.847457627118644
LONP1	1	EurAmr	2	50
MED12L	1	EurAmr	4	25
MYLK	1	EurAmr	6	16.666666666666664
PCDHA3	1	EurAmr	4	25
PHF21B	1	EurAmr	2	50
TRIP6	1	EurAmr	2	50
USP24	1	EurAmr	2	50
VPS13B	1	EurAmr	4	25
WDR36	1	EurAmr	1	100
ACCS	1	EurAmr	2	50
BLVRA	1	EurAmr	2	50
CMYA5	1	EurAmr	5	20
DMP1	1	EurAmr	1	100
DNMT3A	1	EurAmr	5	20
EPHA7	1	EurAmr	3	33.33333333333333
GTF3C3	1	EurAmr	2	50
HOXA4	1	EurAmr	2	50
INTS1	1	EurAmr	2	50
IQCF2	1	EurAmr	2	50
JAKMIP1	1	EurAmr	2	50
KIDINS220	1	EurAmr	2	50
KIF21B	1	EurAmr	2	50
MLLT4	1	EurAmr	2	50
MOGS	1	EurAmr	2	50
NCAPH	1	EurAmr	4	25
NCKAP5	1	EurAmr	4	25
NEBL	1	EurAmr	3	33.33333333333333
PARP6	1	EurAmr	2	50
PAWR	1	EurAmr	1	100
PMEPA1	1	EurAmr	4	25
QRFPR	1	EurAmr	1	100
RIMS2	1	EurAmr	6	16.666666666666664
SQSTM1	1	EurAmr	3	33.33333333333333
STRIP2	1	EurAmr	2	50
TMEM37	1	EurAmr	1	100
TTN	1	EurAmr	24	4.166666666666666
WRN	1	EurAmr	1	100
ZNF28	1	EurAmr	4	25
ABCC6	1	EurAmr	3	33.33333333333333
AKT3	1	EurAmr	1	100
CD1D	1	EurAmr	2	50
CENPF	1	EurAmr	2	50
CISH	1	EurAmr	1	100
DNAH1	1	EurAmr	4	25
DYNC1I1	1	EurAmr	2	50
EWSR1	1	EurAmr	2	50
GNL3	1	EurAmr	2	50
HLCS	1	EurAmr	3	33.33333333333333
HVCN1	1	EurAmr	1	100
KCNA5	1	EurAmr	5	20
KIAA1211	1	EurAmr	3	33.33333333333333
KRAS	1	EurAmr	118	0.847457627118644
LCT	1	EurAmr	3	33.33333333333333
LRFN1	1	EurAmr	2	50
MARCH8	1	EurAmr	1	100
MED18	1	EurAmr	1	100
NEK4	1	EurAmr	1	100
PHIP	1	EurAmr	3	33.33333333333333
PHYKPL	1	EurAmr	1	100
PRX	1	EurAmr	3	33.33333333333333
RARS2	1	EurAmr	2	50
RUNX1	1	EurAmr	1	100
SCAF1	1	EurAmr	2	50
SEMA4C	1	EurAmr	2	50
SMAD4	1	EurAmr	27	3.7037037037037033
SNX6	1	EurAmr	2	50
SPATA31A7	1	EurAmr	1	100
SPINK2	1	EurAmr	1	100
TBC1D19	1	EurAmr	2	50
UTRN	1	EurAmr	3	33.33333333333333
ZNF582	1	EurAmr	1	100
ZNF585B	1	EurAmr	3	33.33333333333333
ZNF823	1	EurAmr	2	50
ZSCAN25	1	EurAmr	2	50
ABTB2	1	EurAmr	2	50
APC	1	EurAmr	3	33.33333333333333
ASGR2	1	EurAmr	2	50
CADPS2	1	EurAmr	2	50
CDC25B	1	EurAmr	2	50
CEP290	1	EurAmr	1	100
CHRNA2	1	EurAmr	2	50
CNBD1	1	EurAmr	2	50
CRMP1	1	EurAmr	2	50
CTNNA2	1	EurAmr	2	50
DIDO1	1	EurAmr	6	16.666666666666664
DNAAF5	1	EurAmr	2	50
DRD3	1	EurAmr	2	50
FAH	1	EurAmr	2	50
FAHD2B	1	EurAmr	1	100
FTSJ3	1	EurAmr	3	33.33333333333333
GABRB1	1	EurAmr	4	25
GRHL2	1	EurAmr	3	33.33333333333333
GRIK3	1	EurAmr	3	33.33333333333333
HSPG2	1	EurAmr	2	50
KCNB2	1	EurAmr	7	14.285714285714285
KIAA1755	1	EurAmr	3	33.33333333333333
KRAS	1	EurAmr	118	0.847457627118644
MAP6	1	EurAmr	2	50
MLXIPL	1	EurAmr	2	50
MUC1	1	EurAmr	3	33.33333333333333
NAA60	1	EurAmr	2	50
NFS1	1	EurAmr	1	100
NTSR1	1	EurAmr	1	100
PDE3A	1	EurAmr	4	25
PEG10	1	EurAmr	2	50
PLEKHA5	1	EurAmr	2	50
RARG	1	EurAmr	2	50
RFPL1	1	EurAmr	1	100
RYR2	1	EurAmr	5	20
SCN9A	1	EurAmr	5	20
SIGLEC8	1	EurAmr	2	50
SLC25A38	1	EurAmr	1	100
SLC41A3	1	EurAmr	2	50
SPEG	1	EurAmr	2	50
TARSL2	1	EurAmr	2	50
TBC1D2B	1	EurAmr	2	50
TBC1D32	1	EurAmr	3	33.33333333333333
TBX20	1	EurAmr	2	50
TIMM44	1	EurAmr	2	50
TPO	1	EurAmr	7	14.285714285714285
TRDN	1	EurAmr	2	50
UBR4	1	EurAmr	2	50
USP5	1	EurAmr	2	50
VAX1	1	EurAmr	1	100
ZNF182	1	EurAmr	1	100
ZNF470	1	EurAmr	3	33.33333333333333
ABCB1	1	EurAmr	5	20
ADAM17	1	EurAmr	2	50
AGER	1	EurAmr	2	50
ANK3	1	EurAmr	5	20
ARHGAP36	1	EurAmr	4	25
B3GAT3	1	EurAmr	2	50
BCL11A	1	EurAmr	3	33.33333333333333
C19orf26	1	EurAmr	3	33.33333333333333
C1S	1	EurAmr	4	25
CCAR1	1	EurAmr	2	50
CNIH3	1	EurAmr	3	33.33333333333333
ENC1	1	EurAmr	3	33.33333333333333
FOXD4L4	1	EurAmr	2	50
FUZ	1	EurAmr	1	100
GRIN3B	1	EurAmr	1	100
IFNLR1	1	EurAmr	2	50
IRS1	1	EurAmr	4	25
KCNB2	1	EurAmr	7	14.285714285714285
KRAS	2	EurAmr	118	1.694915254237288
KRTAP9-3	1	EurAmr	1	100
LRP2	1	EurAmr	4	25
MAN2B2	1	EurAmr	2	50
MAPK8IP3	1	EurAmr	2	50
MPHOSPH9	1	EurAmr	1	100
MTMR12	1	EurAmr	2	50
MYH7	1	EurAmr	4	25
NAA25	1	EurAmr	2	50
NOS1	1	EurAmr	5	20
OR14K1	1	EurAmr	2	50
OR4E2	1	EurAmr	1	100
PCDHA7	1	EurAmr	4	25
POLR2G	1	EurAmr	1	100
PPP1R1B	1	EurAmr	1	100
PPP6R1	1	EurAmr	1	100
PRPS1L1	1	EurAmr	2	50
PRRT2	1	EurAmr	2	50
PRSS23	1	EurAmr	2	50
RYR1	1	EurAmr	8	12.5
SCN1A	1	EurAmr	3	33.33333333333333
SORCS2	1	EurAmr	5	20
SP100	1	EurAmr	2	50
SYT16	1	EurAmr	1	100
TP53	1	EurAmr	80	1.25
TREX2	1	EurAmr	1	100
TUBA4A	1	EurAmr	2	50
VEPH1	1	EurAmr	2	50
ZWILCH	1	EurAmr	2	50
ABL1	1	EurAmr	2	50
AGAP1	1	EurAmr	2	50
APCDD1	1	EurAmr	3	33.33333333333333
COL1A2	1	EurAmr	5	20
COL28A1	1	EurAmr	3	33.33333333333333
IGDCC3	1	EurAmr	4	25
KCNA6	1	EurAmr	6	16.666666666666664
KRAS	1	EurAmr	118	0.847457627118644
LRP4	1	EurAmr	2	50
MAGEA12	1	EurAmr	1	100
MCF2	1	EurAmr	2	50
MPV17L2	1	EurAmr	2	50
MYLK	1	EurAmr	6	16.666666666666664
MYO18B	1	EurAmr	7	14.285714285714285
NEO1	1	EurAmr	2	50
NOX1	1	EurAmr	2	50
NPTX1	1	EurAmr	1	100
OR11L1	1	EurAmr	1	100
OR2M4	1	EurAmr	4	25
PCDHA12	1	EurAmr	3	33.33333333333333
PCDHA6	1	EurAmr	4	25
PPP1R3D	1	EurAmr	2	50
PSMD1	1	EurAmr	2	50
RP11-49K24.9	1	EurAmr	2	50
SCN4A	1	EurAmr	2	50
SI	1	EurAmr	4	25
SIAH2	1	EurAmr	3	33.33333333333333
SLC8A3	1	EurAmr	2	50
SMAD4	1	EurAmr	27	3.7037037037037033
TACR3	1	EurAmr	1	100
TP53	1	EurAmr	80	1.25
TTC21A	1	EurAmr	2	50
VPS13C	1	EurAmr	3	33.33333333333333
WDR17	1	EurAmr	4	25
ZMYND12	1	EurAmr	1	100
ZNF106	1	EurAmr	2	50
ZNF283	1	EurAmr	1	100
ADGRG4	1	EurAmr	5	20
AHNAK	2	EurAmr	4	50
BIRC6	1	EurAmr	4	25
BRAF	1	EurAmr	3	33.33333333333333
C12orf66	1	EurAmr	2	50
CACNA1B	1	EurAmr	7	14.285714285714285
CACNA1S	1	EurAmr	3	33.33333333333333
CCDC114	1	EurAmr	2	50
CD163L1	1	EurAmr	3	33.33333333333333
CEBPZ	1	EurAmr	3	33.33333333333333
CLU	1	EurAmr	2	50
COL18A1	1	EurAmr	4	25
COL6A6	1	EurAmr	3	33.33333333333333
CPSF1	1	EurAmr	2	50
CRNN	1	EurAmr	4	25
CTNND1	1	EurAmr	3	33.33333333333333
DCHS1	1	EurAmr	6	16.666666666666664
DENND1A	1	EurAmr	3	33.33333333333333
DNAAF1	1	EurAmr	2	50
DOPEY1	1	EurAmr	3	33.33333333333333
DSCR4	1	EurAmr	2	50
EIF2B2	1	EurAmr	1	100
EPHB2	1	EurAmr	5	20
FAM129C	1	EurAmr	4	25
HMCN1	1	EurAmr	7	14.285714285714285
IQGAP1	1	EurAmr	2	50
KDM5A	1	EurAmr	2	50
KRAS	1	EurAmr	118	0.847457627118644
MLLT11	1	EurAmr	1	100
MYH4	1	EurAmr	4	25
NBEAL2	1	EurAmr	3	33.33333333333333
NLRP13	1	EurAmr	4	25
PNMAL2	1	EurAmr	2	50
PROP1	1	EurAmr	2	50
RNF213	1	EurAmr	10	10
RYR2	1	EurAmr	5	20
SOHLH2	1	EurAmr	2	50
SORCS1	1	EurAmr	3	33.33333333333333
TIAM1	1	EurAmr	4	25
TP53	1	EurAmr	80	1.25
TUBA1C	1	EurAmr	2	50
USP39	1	EurAmr	1	100
VPS13C	1	EurAmr	3	33.33333333333333
WDR6	1	EurAmr	2	50
ZC3H12A	1	EurAmr	2	50
ZSCAN5B	1	EurAmr	3	33.33333333333333
ABCC10	1	EurAmr	3	33.33333333333333
ABCG4	1	EurAmr	2	50
ADGRF3	1	EurAmr	1	100
ANK2	1	EurAmr	2	50
APBA2	1	EurAmr	6	16.666666666666664
APOL5	1	EurAmr	2	50
CBL	1	EurAmr	1	100
CBLB	1	EurAmr	2	50
CRIM1	1	EurAmr	2	50
CSMD1	2	EurAmr	6	33.33333333333333
CSNK1G3	1	EurAmr	1	100
DACT1	1	EurAmr	2	50
DGKH	1	EurAmr	2	50
DSCAM	1	EurAmr	7	14.285714285714285
DSCR4	1	EurAmr	2	50
EGF	1	EurAmr	3	33.33333333333333
EP300	1	EurAmr	4	25
EPHA4	1	EurAmr	3	33.33333333333333
FAM107A	1	EurAmr	1	100
FAM193A	1	EurAmr	1	100
FAM208A	1	EurAmr	3	33.33333333333333
FAT3	1	EurAmr	8	12.5
FOXD4L3	1	EurAmr	2	50
FSTL4	1	EurAmr	2	50
GABBR2	2	EurAmr	2	100
GPATCH8	1	EurAmr	2	50
HOXB7	1	EurAmr	2	50
HRASLS5	1	EurAmr	2	50
IL1RAPL1	1	EurAmr	1	100
IL21	1	EurAmr	1	100
IRF7	1	EurAmr	2	50
KCND3	1	EurAmr	2	50
KCNH5	1	EurAmr	3	33.33333333333333
KNG1	1	EurAmr	1	100
KRAS	1	EurAmr	118	0.847457627118644
KRT83	1	EurAmr	2	50
LAMA1	1	EurAmr	4	25
LCT	1	EurAmr	3	33.33333333333333
LIN54	1	EurAmr	2	50
LTBP4	1	EurAmr	3	33.33333333333333
MAL	1	EurAmr	1	100
MAP3K14	1	EurAmr	2	50
MAP7D3	1	EurAmr	3	33.33333333333333
MCTP1	1	EurAmr	2	50
MOS	1	EurAmr	2	50
NOS3	1	EurAmr	2	50
OLFM1	1	EurAmr	2	50
OR5M1	1	EurAmr	1	100
OR6C6	1	EurAmr	2	50
PCDH11X	1	EurAmr	3	33.33333333333333
POLR2B	1	EurAmr	2	50
PUSL1	1	EurAmr	1	100
QPCT	1	EurAmr	2	50
RAG1	1	EurAmr	1	100
RAX2	1	EurAmr	1	100
RIMS4	1	EurAmr	3	33.33333333333333
RPTN	1	EurAmr	2	50
SAFB	1	EurAmr	2	50
SEMA4G	1	EurAmr	2	50
SIGLEC1	1	EurAmr	4	25
SLC35G2	1	EurAmr	2	50
SLC8A2	1	EurAmr	4	25
SYCP1	1	EurAmr	1	100
TAF4	1	EurAmr	3	33.33333333333333
TBC1D9	1	EurAmr	4	25
TENM1	1	EurAmr	3	33.33333333333333
TINF2	1	EurAmr	2	50
TLR8	1	EurAmr	2	50
TMEM248	1	EurAmr	1	100
TMEM87A	1	EurAmr	2	50
TNKS1BP1	1	EurAmr	2	50
TP53	1	EurAmr	80	1.25
TRIM33	1	EurAmr	2	50
USP8	1	EurAmr	5	20
ZNF256	1	EurAmr	1	100
ZNF646	1	EurAmr	2	50
ABCA12	1	EurAmr	4	25
ABHD3	1	EurAmr	2	50
ACE2	1	EurAmr	2	50
ACTL7B	1	EurAmr	3	33.33333333333333
ACVR1C	1	EurAmr	2	50
ADAR	1	EurAmr	2	50
ADCY2	1	EurAmr	2	50
APBA2	1	EurAmr	6	16.666666666666664
ARFIP2	1	EurAmr	2	50
ARRB2	1	EurAmr	2	50
ARSA	1	EurAmr	2	50
ATP4A	1	EurAmr	3	33.33333333333333
ATP9A	1	EurAmr	3	33.33333333333333
CCDC170	1	EurAmr	3	33.33333333333333
CD5L	1	EurAmr	3	33.33333333333333
CDH10	1	EurAmr	2	50
CFAP61	1	EurAmr	3	33.33333333333333
CHN1	1	EurAmr	1	100
CLEC12B	1	EurAmr	2	50
CMTM8	1	EurAmr	1	100
COL4A4	1	EurAmr	3	33.33333333333333
CSMD1	1	EurAmr	6	16.666666666666664
CTAG2	1	EurAmr	1	100
CYP11B2	1	EurAmr	1	100
DCAF4L1	1	EurAmr	2	50
DRD1	1	EurAmr	3	33.33333333333333
DYNC1I2	1	EurAmr	1	100
ECSIT	1	EurAmr	1	100
EXOC6B	1	EurAmr	1	100
FAM13B	1	EurAmr	3	33.33333333333333
FDXR	1	EurAmr	2	50
FIG4	1	EurAmr	2	50
FLG2	1	EurAmr	3	33.33333333333333
GAS2	1	EurAmr	2	50
GLIS3	1	EurAmr	3	33.33333333333333
HIVEP1	1	EurAmr	4	25
HOXA10	1	EurAmr	1	100
HSPA12B	1	EurAmr	2	50
IGSF21	1	EurAmr	2	50
IL27RA	1	EurAmr	1	100
IL36G	1	EurAmr	1	100
ITCH	1	EurAmr	2	50
KLHL14	1	EurAmr	2	50
LILRB4	1	EurAmr	1	100
LRP1B	1	EurAmr	6	16.666666666666664
MNS1	1	EurAmr	1	100
MROH1	1	EurAmr	3	33.33333333333333
MTNR1B	1	EurAmr	3	33.33333333333333
MUC16	1	EurAmr	15	6.666666666666667
MYH14	2	EurAmr	3	66.66666666666666
MYL3	1	EurAmr	1	100
MYO1E	1	EurAmr	1	100
NEK11	1	EurAmr	2	50
NFATC2	1	EurAmr	3	33.33333333333333
NKG7	1	EurAmr	2	50
NNT	1	EurAmr	2	50
NRCAM	1	EurAmr	2	50
NRXN1	1	EurAmr	3	33.33333333333333
OR10H2	1	EurAmr	1	100
OR10R2	1	EurAmr	2	50
OR4N5	1	EurAmr	1	100
OR51B5	1	EurAmr	3	33.33333333333333
OR8H3	1	EurAmr	2	50
PCDHA3	1	EurAmr	4	25
PDE1B	1	EurAmr	2	50
PDLIM5	1	EurAmr	1	100
PEG3	1	EurAmr	6	16.666666666666664
POTEE	1	EurAmr	5	20
PPIF	1	EurAmr	1	100
PPP1R13B	1	EurAmr	1	100
PRDM9	1	EurAmr	2	50
PRPF38B	1	EurAmr	2	50
PRPF6	1	EurAmr	1	100
PTPRT	1	EurAmr	4	25
RABGGTB	1	EurAmr	1	100
RANBP3	1	EurAmr	4	25
RNF44	1	EurAmr	1	100
RRP8	1	EurAmr	3	33.33333333333333
SCN2A	1	EurAmr	3	33.33333333333333
SDE2	1	EurAmr	1	100
SIGIRR	1	EurAmr	3	33.33333333333333
SLC17A7	1	EurAmr	1	100
SLC26A9	1	EurAmr	1	100
SLC35G5	1	EurAmr	1	100
SLC44A4	1	EurAmr	3	33.33333333333333
SOX6	1	EurAmr	2	50
SPRR2E	1	EurAmr	1	100
STAP1	1	EurAmr	1	100
STAT2	1	EurAmr	2	50
STXBP6	1	EurAmr	1	100
TBC1D9B	1	EurAmr	2	50
TENM1	1	EurAmr	3	33.33333333333333
TIGD5	1	EurAmr	2	50
TIGD6	1	EurAmr	2	50
TINAG	1	EurAmr	2	50
TLN2	1	EurAmr	6	16.666666666666664
TOR4A	1	EurAmr	1	100
TP53	1	EurAmr	80	1.25
TRPV4	1	EurAmr	3	33.33333333333333
TSPAN5	1	EurAmr	1	100
TTLL10	1	EurAmr	2	50
UBE3C	1	EurAmr	2	50
UBQLNL	1	EurAmr	2	50
VAV1	1	EurAmr	3	33.33333333333333
ZC3H7B	1	EurAmr	3	33.33333333333333
ZNF17	1	EurAmr	2	50
ZNF777	1	EurAmr	3	33.33333333333333
AKR1A1	1	EurAmr	1	100
CRYBB1	1	EurAmr	2	50
HIVEP3	1	EurAmr	3	33.33333333333333
IRS1	1	EurAmr	4	25
KLHDC2	1	EurAmr	1	100
KRAS	1	EurAmr	118	0.847457627118644
MMP2	1	EurAmr	2	50
NLRP9	1	EurAmr	4	25
NUP155	1	EurAmr	2	50
TP53	1	EurAmr	80	1.25
TPR	1	EurAmr	2	50
TUBG2	1	EurAmr	1	100
ADAM23	1	EurAmr	3	33.33333333333333
AKAP6	1	EurAmr	4	25
ARHGAP10	1	EurAmr	3	33.33333333333333
FBXW7	1	EurAmr	3	33.33333333333333
FCAR	1	EurAmr	2	50
FOXI2	1	EurAmr	2	50
FOXS1	1	EurAmr	2	50
HECW2	1	EurAmr	7	14.285714285714285
IKZF4	1	EurAmr	1	100
ITPR3	1	EurAmr	2	50
KCNK2	1	EurAmr	1	100
KRAS	1	EurAmr	118	0.847457627118644
LTA4H	1	EurAmr	2	50
LYSMD3	1	EurAmr	1	100
MUC16	1	EurAmr	15	6.666666666666667
NLRP9	1	EurAmr	4	25
OR6T1	1	EurAmr	2	50
PLEC	1	EurAmr	6	16.666666666666664
RIMBP2	1	EurAmr	5	20
RNF213	1	EurAmr	10	10
RPP14	1	EurAmr	1	100
SNAPC2	1	EurAmr	1	100
TMEM132E	1	EurAmr	3	33.33333333333333
TP53	1	EurAmr	80	1.25
TTN	1	EurAmr	24	4.166666666666666
TUBGCP2	1	EurAmr	2	50
WDR78	1	EurAmr	3	33.33333333333333
ALS2	1	EurAmr	2	50
ANKRD50	1	EurAmr	3	33.33333333333333
ATM	1	EurAmr	5	20
FAM167A	1	EurAmr	1	100
HERC2	1	EurAmr	4	25
KIAA0408	1	EurAmr	2	50
KRAS	1	EurAmr	118	0.847457627118644
LRRK1	1	EurAmr	2	50
METTL3	1	EurAmr	2	50
PCDHA1	1	EurAmr	5	20
RICTOR	1	EurAmr	2	50
TP53	1	EurAmr	80	1.25
TYK2	1	EurAmr	2	50
ZNRF4	1	EurAmr	3	33.33333333333333
AGL	1	EurAmr	3	33.33333333333333
ALPK2	1	EurAmr	2	50
AP4B1	1	EurAmr	2	50
ASTN1	1	EurAmr	6	16.666666666666664
BTBD11	1	EurAmr	6	16.666666666666664
CBLL1	1	EurAmr	2	50
CDH2	1	EurAmr	3	33.33333333333333
COL24A1	1	EurAmr	4	25
CPNE8	1	EurAmr	1	100
CRTAC1	1	EurAmr	2	50
CTNND2	1	EurAmr	3	33.33333333333333
DCHS2	1	EurAmr	4	25
DND1	1	EurAmr	1	100
DSCAM	1	EurAmr	7	14.285714285714285
EXOC7	1	EurAmr	1	100
FAM178A	1	EurAmr	2	50
FANCD2	1	EurAmr	3	33.33333333333333
FAT2	1	EurAmr	5	20
FOXD3	1	EurAmr	3	33.33333333333333
GPR156	1	EurAmr	1	100
GPSM1	1	EurAmr	2	50
HIPK3	1	EurAmr	3	33.33333333333333
HK3	1	EurAmr	3	33.33333333333333
INHBB	1	EurAmr	1	100
INPP5B	1	EurAmr	2	50
ISLR2	1	EurAmr	3	33.33333333333333
ITGA6	1	EurAmr	2	50
ITPR1	1	EurAmr	4	25
KCNA6	1	EurAmr	6	16.666666666666664
KIF24	1	EurAmr	4	25
KRAS	1	EurAmr	118	0.847457627118644
MAGEL2	1	EurAmr	2	50
MUC6	1	EurAmr	4	25
MYO1F	1	EurAmr	2	50
NCKAP5L	1	EurAmr	2	50
OR5D13	1	EurAmr	2	50
PCDHGA5	1	EurAmr	2	50
PCNA	1	EurAmr	1	100
PDCD2L	1	EurAmr	1	100
PEX16	1	EurAmr	1	100
PHF1	1	EurAmr	2	50
PIK3CA	1	EurAmr	4	25
PMEPA1	1	EurAmr	4	25
PPM1G	1	EurAmr	2	50
PPWD1	1	EurAmr	2	50
PRADC1	1	EurAmr	1	100
PRTN3	1	EurAmr	1	100
RAB40B	1	EurAmr	1	100
RASAL3	1	EurAmr	1	100
RNF43	2	EurAmr	9	22.22222222222222
SBK2	1	EurAmr	2	50
SGCD	1	EurAmr	1	100
SKOR1	1	EurAmr	3	33.33333333333333
SPDYE1	1	EurAmr	1	100
SRFBP1	1	EurAmr	2	50
TP53	1	EurAmr	80	1.25
TRIB2	1	EurAmr	2	50
TRIOBP	2	EurAmr	3	66.66666666666666
TSHZ2	1	EurAmr	6	16.666666666666664
UXS1	1	EurAmr	2	50
ZNF3	1	EurAmr	2	50
ZNF787	1	EurAmr	2	50
ABCC1	1	EurAmr	1	100
ABRA	1	EurAmr	2	50
ANK1	1	EurAmr	4	25
ANKS1B	1	EurAmr	2	50
ANO3	1	EurAmr	4	25
BCAT2	1	EurAmr	2	50
C10orf71	1	EurAmr	3	33.33333333333333
CDKN2A	1	EurAmr	15	6.666666666666667
COL22A1	1	EurAmr	6	16.666666666666664
DAND5	1	EurAmr	1	100
DMKN	1	EurAmr	1	100
DOPEY2	1	EurAmr	4	25
ELP4	1	EurAmr	1	100
FBN3	1	EurAmr	7	14.285714285714285
FLG	1	EurAmr	7	14.285714285714285
GLYATL1	1	EurAmr	2	50
GTF3C5	1	EurAmr	1	100
HIF3A	1	EurAmr	3	33.33333333333333
IMPDH2	1	EurAmr	2	50
ITGAX	1	EurAmr	2	50
KDM6A	1	EurAmr	2	50
KRAS	1	EurAmr	118	0.847457627118644
LTB4R	1	EurAmr	2	50
MAGEB2	1	EurAmr	1	100
MAGEE2	1	EurAmr	3	33.33333333333333
OR5M11	1	EurAmr	1	100
PCDHA7	1	EurAmr	4	25
PLSCR2	1	EurAmr	2	50
POU4F3	1	EurAmr	2	50
PTK6	1	EurAmr	2	50
RND1	1	EurAmr	1	100
SNRPN	1	EurAmr	2	50
SPOCK1	1	EurAmr	1	100
SRRM4	1	EurAmr	1	100
TEX14	1	EurAmr	2	50
TUBB2A	1	EurAmr	2	50
UGT3A2	1	EurAmr	2	50
ZNF280A	1	EurAmr	3	33.33333333333333
ZNF780B	1	EurAmr	2	50
ADGRD1	1	EurAmr	5	20
CACNA2D3	1	EurAmr	2	50
CCDC8	1	EurAmr	3	33.33333333333333
CDH4	1	EurAmr	2	50
CDK5RAP1	1	EurAmr	2	50
CNGA4	1	EurAmr	4	25
CNTN1	1	EurAmr	3	33.33333333333333
COL22A1	1	EurAmr	6	16.666666666666664
DGKI	1	EurAmr	3	33.33333333333333
DIAPH1	1	EurAmr	2	50
DIXDC1	1	EurAmr	2	50
DLK1	1	EurAmr	2	50
DNMT3B	1	EurAmr	3	33.33333333333333
KDM1B	1	EurAmr	2	50
KHDRBS2	1	EurAmr	2	50
KRAS	1	EurAmr	118	0.847457627118644
KRT6C	1	EurAmr	2	50
LGALS3BP	1	EurAmr	2	50
LILRB1	1	EurAmr	4	25
MAST1	1	EurAmr	2	50
MED12L	1	EurAmr	4	25
NHLH1	1	EurAmr	1	100
OPLAH	1	EurAmr	2	50
OR2M2	1	EurAmr	2	50
PAXBP1	1	EurAmr	1	100
RP1L1	1	EurAmr	4	25
SIRPB1	1	EurAmr	1	100
TEX2	1	EurAmr	2	50
TMEM186	1	EurAmr	1	100
TP53	1	EurAmr	80	1.25
TRGV5	1	EurAmr	1	100
ADAMTS15	1	EurAmr	3	33.33333333333333
ADAMTSL3	1	EurAmr	4	25
ADARB1	1	EurAmr	2	50
ADCY5	1	EurAmr	3	33.33333333333333
AMZ2	1	EurAmr	1	100
ARHGAP36	1	EurAmr	4	25
ARHGAP5	1	EurAmr	3	33.33333333333333
BAHCC1	1	EurAmr	2	50
BCAN	1	EurAmr	3	33.33333333333333
BTBD11	1	EurAmr	6	16.666666666666664
CACNA1D	1	EurAmr	2	50
CAND1	1	EurAmr	2	50
CDKN2A	1	EurAmr	15	6.666666666666667
CECR2	1	EurAmr	2	50
CLIP1	1	EurAmr	2	50
COL14A1	1	EurAmr	3	33.33333333333333
DIO3	1	EurAmr	3	33.33333333333333
DLGAP1	1	EurAmr	3	33.33333333333333
DNASE1	1	EurAmr	1	100
DOCK4	1	EurAmr	3	33.33333333333333
DOCK5	1	EurAmr	2	50
ENTPD2	1	EurAmr	1	100
ENTPD4	1	EurAmr	3	33.33333333333333
FAM47A	1	EurAmr	4	25
FAM71B	1	EurAmr	5	20
FPR2	1	EurAmr	1	100
FREM2	1	EurAmr	3	33.33333333333333
FSCN1	1	EurAmr	1	100
GAS7	2	EurAmr	3	66.66666666666666
GLB1L	1	EurAmr	3	33.33333333333333
GLI3	1	EurAmr	8	12.5
GPI	1	EurAmr	3	33.33333333333333
GPR142	1	EurAmr	1	100
GUCD1	1	EurAmr	1	100
HDX	1	EurAmr	2	50
IRAK3	1	EurAmr	1	100
ITSN2	1	EurAmr	2	50
KCND1	1	EurAmr	2	50
KIAA1462	1	EurAmr	3	33.33333333333333
KIF26A	1	EurAmr	3	33.33333333333333
KRAS	1	EurAmr	118	0.847457627118644
LDB2	1	EurAmr	1	100
LPCAT3	1	EurAmr	2	50
LRRC8A	1	EurAmr	2	50
MAGI2	1	EurAmr	2	50
MED14	1	EurAmr	3	33.33333333333333
MLK4	1	EurAmr	4	25
MYO3A	1	EurAmr	3	33.33333333333333
NAA11	1	EurAmr	1	100
NR0B1	2	EurAmr	2	100
OGDH	1	EurAmr	2	50
OR51I1	1	EurAmr	1	100
OXTR	1	EurAmr	2	50
PAG1	1	EurAmr	2	50
PDE2A	1	EurAmr	2	50
PDHA2	1	EurAmr	2	50
PGC	1	EurAmr	2	50
PIK3R5	1	EurAmr	2	50
PLCE1	1	EurAmr	4	25
PLEKHH1	1	EurAmr	2	50
PM20D1	1	EurAmr	1	100
PRIMPOL	1	EurAmr	3	33.33333333333333
PSG6	1	EurAmr	4	25
PTPRN2	1	EurAmr	3	33.33333333333333
PTPRS	1	EurAmr	3	33.33333333333333
RBM12	1	EurAmr	1	100
SACS	1	EurAmr	2	50
SDK1	1	EurAmr	7	14.285714285714285
SETBP1	1	EurAmr	2	50
SETD1A	1	EurAmr	2	50
SH2D3C	1	EurAmr	4	25
SIAH3	1	EurAmr	1	100
SIGLEC1	1	EurAmr	4	25
TCERG1	1	EurAmr	3	33.33333333333333
TENM2	1	EurAmr	4	25
TGM5	1	EurAmr	4	25
TIAF1	1	EurAmr	1	100
TNN	1	EurAmr	3	33.33333333333333
TP53	1	EurAmr	80	1.25
TRERF1	1	EurAmr	2	50
TRPV4	1	EurAmr	3	33.33333333333333
USP35	1	EurAmr	3	33.33333333333333
VSIG1	1	EurAmr	1	100
VWF	1	EurAmr	2	50
WIPI2	1	EurAmr	2	50
ZNF141	1	EurAmr	3	33.33333333333333
ZNF423	1	EurAmr	3	33.33333333333333
ZNF835	1	EurAmr	3	33.33333333333333
ACTL9	1	EurAmr	5	20
ADAMTS4	1	EurAmr	3	33.33333333333333
AMY2A	1	EurAmr	2	50
ANKRD11	1	EurAmr	4	25
AP000304.12	1	EurAmr	1	100
ASNSD1	1	EurAmr	2	50
ATP6V1H	1	EurAmr	1	100
ATP8B3	1	EurAmr	2	50
BCORL1	1	EurAmr	2	50
C3	1	EurAmr	3	33.33333333333333
CFAP54	1	EurAmr	2	50
CFAP61	1	EurAmr	3	33.33333333333333
CHD8	1	EurAmr	3	33.33333333333333
CLCN6	1	EurAmr	2	50
COL5A1	1	EurAmr	7	14.285714285714285
CTDSP1	1	EurAmr	1	100
CUBN	1	EurAmr	4	25
DDX46	1	EurAmr	3	33.33333333333333
DMRT2	1	EurAmr	1	100
DNAH11	1	EurAmr	8	12.5
FAT3	1	EurAmr	8	12.5
FBXL7	1	EurAmr	2	50
FLNC	2	EurAmr	6	33.33333333333333
FOXF1	1	EurAmr	3	33.33333333333333
GLIS3	1	EurAmr	3	33.33333333333333
GRM8	1	EurAmr	3	33.33333333333333
KEL	1	EurAmr	2	50
KNDC1	1	EurAmr	3	33.33333333333333
KRAS	1	EurAmr	118	0.847457627118644
LEPR	1	EurAmr	3	33.33333333333333
LGI3	1	EurAmr	1	100
LIN28B	1	EurAmr	1	100
NBPF11	1	EurAmr	3	33.33333333333333
NOTUM	1	EurAmr	1	100
NPHP3	1	EurAmr	3	33.33333333333333
NYAP2	1	EurAmr	3	33.33333333333333
OPCML	1	EurAmr	2	50
OR1C1	1	EurAmr	3	33.33333333333333
OR2T1	1	EurAmr	1	100
PCDHA1	1	EurAmr	5	20
PCDHGB3	1	EurAmr	2	50
PKHD1	1	EurAmr	2	50
PLXNB2	1	EurAmr	4	25
PSG7	1	EurAmr	4	25
PTPN12	1	EurAmr	4	25
PUM2	1	EurAmr	2	50
RNF114	1	EurAmr	2	50
S1PR1	1	EurAmr	1	100
SGIP1	1	EurAmr	3	33.33333333333333
SLC12A7	1	EurAmr	3	33.33333333333333
SLC2A7	1	EurAmr	1	100
SLC9C1	1	EurAmr	2	50
ST8SIA5	1	EurAmr	2	50
STYXL1	1	EurAmr	1	100
SYNE2	1	EurAmr	5	20
TGFBR2	1	EurAmr	6	16.666666666666664
TMC5	1	EurAmr	2	50
ZNF790	1	EurAmr	2	50
AMPD1	1	EurAmr	3	33.33333333333333
APOL4	1	EurAmr	1	100
C1QTNF1	1	EurAmr	2	50
CA5A	1	EurAmr	1	100
CACNA1B	1	EurAmr	7	14.285714285714285
CDC42BPG	1	EurAmr	2	50
COL5A3	1	EurAmr	4	25
CORIN	1	EurAmr	2	50
CRNKL1	1	EurAmr	2	50
DACH2	1	EurAmr	3	33.33333333333333
DNAH8	1	EurAmr	3	33.33333333333333
EIF3A	1	EurAmr	2	50
EPC1	1	EurAmr	2	50
ERBB2IP	1	EurAmr	3	33.33333333333333
ESRRB	1	EurAmr	1	100
FRYL	1	EurAmr	4	25
FUT6	1	EurAmr	2	50
GANAB	1	EurAmr	3	33.33333333333333
HSD17B7	1	EurAmr	1	100
IKBIP	1	EurAmr	1	100
KLHL38	1	EurAmr	4	25
KLK10	1	EurAmr	1	100
LAMA2	1	EurAmr	3	33.33333333333333
LRRC42	1	EurAmr	2	50
LRRC7	1	EurAmr	4	25
NRG3	1	EurAmr	1	100
PBRM1	1	EurAmr	3	33.33333333333333
PHLDB2	1	EurAmr	3	33.33333333333333
PITPNM2	1	EurAmr	3	33.33333333333333
PVRL1	1	EurAmr	2	50
RIN2	1	EurAmr	3	33.33333333333333
SPEN	1	EurAmr	2	50
SRP9	1	EurAmr	1	100
TLL1	1	EurAmr	2	50
TMEM26	1	EurAmr	2	50
USP28	1	EurAmr	2	50
ZSCAN16	1	EurAmr	1	100
CACNA1I	1	EurAmr	3	33.33333333333333
COG6	1	EurAmr	1	100
EGF	1	EurAmr	3	33.33333333333333
FAM129A	1	EurAmr	2	50
FOXC2	1	EurAmr	2	50
GJA5	1	EurAmr	2	50
IFT88	1	EurAmr	2	50
IRF2	1	EurAmr	1	100
KBTBD2	1	EurAmr	2	50
KCNH4	1	EurAmr	3	33.33333333333333
KHDRBS2	1	EurAmr	2	50
KLK15	1	EurAmr	4	25
LATS1	1	EurAmr	2	50
MLK4	1	EurAmr	4	25
MRC1	1	EurAmr	5	20
MUC17	1	EurAmr	7	14.285714285714285
PTX4	1	EurAmr	2	50
ROBO2	1	EurAmr	4	25
RYR1	1	EurAmr	8	12.5
SCUBE1	1	EurAmr	2	50
SNX27	1	EurAmr	2	50
TDP2	1	EurAmr	2	50
TSHZ2	1	EurAmr	6	16.666666666666664
VGLL2	1	EurAmr	2	50
ZEB1	1	EurAmr	2	50
ZNF274	1	EurAmr	2	50
ZNF45	1	EurAmr	2	50
ABCC11	1	EurAmr	2	50
ALB	1	EurAmr	1	100
ARHGAP21	1	EurAmr	3	33.33333333333333
ARHGAP31	1	EurAmr	3	33.33333333333333
ATAD2	1	EurAmr	1	100
BLCAP	1	EurAmr	1	100
BRWD1	1	EurAmr	4	25
C16orf70	1	EurAmr	2	50
C1RL	1	EurAmr	2	50
C1S	1	EurAmr	4	25
CACNG2	1	EurAmr	3	33.33333333333333
CAMSAP3	1	EurAmr	3	33.33333333333333
CAPN5	1	EurAmr	2	50
CDC27	1	EurAmr	1	100
CDH23	1	EurAmr	3	33.33333333333333
CDYL2	1	EurAmr	3	33.33333333333333
CFH	3	EurAmr	3	100
CLCC1	1	EurAmr	1	100
COL4A4	1	EurAmr	3	33.33333333333333
DAGLA	1	EurAmr	2	50
DAPP1	1	EurAmr	2	50
DHX36	1	EurAmr	3	33.33333333333333
DHX38	1	EurAmr	2	50
DIDO1	1	EurAmr	6	16.666666666666664
DLGAP1	1	EurAmr	3	33.33333333333333
DPP10	1	EurAmr	2	50
DRD1	1	EurAmr	3	33.33333333333333
EML1	1	EurAmr	4	25
ENTPD8	1	EurAmr	3	33.33333333333333
EPHB4	1	EurAmr	4	25
ETV5	1	EurAmr	2	50
FAM65A	1	EurAmr	2	50
FAT1	1	EurAmr	5	20
FBN3	1	EurAmr	7	14.285714285714285
FBXL12	1	EurAmr	2	50
FGF6	1	EurAmr	2	50
GPR50	1	EurAmr	1	100
GRAMD1C	1	EurAmr	2	50
ITFG3	1	EurAmr	2	50
ITGA4	1	EurAmr	2	50
KCNK15	1	EurAmr	1	100
KIAA0100	1	EurAmr	2	50
KMT2B	1	EurAmr	3	33.33333333333333
KRAS	1	EurAmr	118	0.847457627118644
KRTAP10-9	1	EurAmr	1	100
LAMB3	1	EurAmr	2	50
MAGED2	1	EurAmr	2	50
MATN2	1	EurAmr	3	33.33333333333333
MBTD1	1	EurAmr	2	50
MFSD7	1	EurAmr	2	50
MKI67	1	EurAmr	2	50
MUC16	1	EurAmr	15	6.666666666666667
MYH10	1	EurAmr	2	50
NCAPG	1	EurAmr	2	50
NCOA2	1	EurAmr	3	33.33333333333333
NPAP1	1	EurAmr	3	33.33333333333333
OBSCN	1	EurAmr	7	14.285714285714285
OR2B11	1	EurAmr	2	50
OR4B1	1	EurAmr	1	100
PCDHB2	1	EurAmr	3	33.33333333333333
PCDHGC5	1	EurAmr	2	50
PCYT2	1	EurAmr	1	100
PDCD11	1	EurAmr	3	33.33333333333333
PDE8B	1	EurAmr	2	50
PHOSPHO1	1	EurAmr	1	100
PKD1L1	1	EurAmr	4	25
PPP2R1A	1	EurAmr	2	50
PSG6	1	EurAmr	4	25
PUM1	1	EurAmr	1	100
RBSN	1	EurAmr	2	50
RELN	1	EurAmr	7	14.285714285714285
RNF213	1	EurAmr	10	10
RP11-407N17.3	1	EurAmr	2	50
RREB1	1	EurAmr	8	12.5
SCN5A	1	EurAmr	9	11.11111111111111
SCRN2	1	EurAmr	1	100
SHROOM4	1	EurAmr	4	25
SIDT1	1	EurAmr	1	100
SLC11A1	2	EurAmr	1	200
SLC25A53	1	EurAmr	1	100
SMEK2	1	EurAmr	2	50
SMTNL1	1	EurAmr	1	100
SOCS5	1	EurAmr	1	100
SYNPO2L	1	EurAmr	2	50
TCTE1	1	EurAmr	3	33.33333333333333
TECTA	1	EurAmr	5	20
THAP4	1	EurAmr	2	50
THBS1	1	EurAmr	3	33.33333333333333
THRAP3	2	EurAmr	2	100
TLN1	1	EurAmr	3	33.33333333333333
TMEM214	1	EurAmr	2	50
TP53	1	EurAmr	80	1.25
TPP2	1	EurAmr	3	33.33333333333333
TTN	1	EurAmr	24	4.166666666666666
UBASH3B	1	EurAmr	3	33.33333333333333
UNC80	1	EurAmr	2	50
VTI1B	1	EurAmr	1	100
WDR3	1	EurAmr	3	33.33333333333333
WFIKKN2	1	EurAmr	2	50
ZNF157	1	EurAmr	1	100
ZNF619	1	EurAmr	2	50
ZNF746	1	EurAmr	1	100
ACAP2	1	EurAmr	2	50
AMPD2	1	EurAmr	1	100
BUB1	1	EurAmr	1	100
C18orf8	1	EurAmr	2	50
CDHR2	1	EurAmr	2	50
CDKN2A	1	EurAmr	15	6.666666666666667
CNGA3	1	EurAmr	3	33.33333333333333
DDX43	1	EurAmr	2	50
DLD	1	EurAmr	2	50
DOCK2	1	EurAmr	4	25
EPHX1	1	EurAmr	2	50
FANCA	1	EurAmr	3	33.33333333333333
FBN1	1	EurAmr	4	25
FNDC1	1	EurAmr	2	50
GPAT2	1	EurAmr	1	100
GPR161	1	EurAmr	1	100
GRHL2	1	EurAmr	3	33.33333333333333
KRAS	1	EurAmr	118	0.847457627118644
KRT85	1	EurAmr	2	50
KRTAP10-2	1	EurAmr	2	50
LRCH3	1	EurAmr	3	33.33333333333333
LRP1	1	EurAmr	6	16.666666666666664
LTBP1	1	EurAmr	1	100
LY75	1	EurAmr	2	50
MYO16	1	EurAmr	6	16.666666666666664
NKD1	1	EurAmr	3	33.33333333333333
NUP153	1	EurAmr	3	33.33333333333333
PCDHB7	1	EurAmr	7	14.285714285714285
PMFBP1	1	EurAmr	1	100
PRAMEF11	1	EurAmr	3	33.33333333333333
RTN3	1	EurAmr	3	33.33333333333333
SCN3A	1	EurAmr	3	33.33333333333333
SLC32A1	1	EurAmr	2	50
SLC5A12	1	EurAmr	1	100
TAOK1	1	EurAmr	3	33.33333333333333
TNFRSF10A	1	EurAmr	1	100
TP53	1	EurAmr	80	1.25
TTK	1	EurAmr	2	50
ZNF175	1	EurAmr	3	33.33333333333333
ZNF528	1	EurAmr	2	50
ADCY8	1	EurAmr	4	25
ALAS2	1	EurAmr	3	33.33333333333333
ANKAR	1	EurAmr	3	33.33333333333333
ARSF	1	EurAmr	2	50
ASPM	1	EurAmr	5	20
ATP10A	1	EurAmr	7	14.285714285714285
CDC14A	1	EurAmr	3	33.33333333333333
CTTN	1	EurAmr	1	100
CXorf56	1	EurAmr	1	100
DMD	1	EurAmr	4	25
DNAJC30	1	EurAmr	1	100
DOCK9	1	EurAmr	2	50
DPP6	1	EurAmr	4	25
IFI44L	1	EurAmr	2	50
KCNH6	1	EurAmr	3	33.33333333333333
KRAS	1	EurAmr	118	0.847457627118644
LPAR6	1	EurAmr	2	50
MUC16	1	EurAmr	15	6.666666666666667
MUC17	1	EurAmr	7	14.285714285714285
OR7D4	1	EurAmr	2	50
PCDHB12	1	EurAmr	2	50
PMS1	1	EurAmr	2	50
PRAMEF6	1	EurAmr	1	100
PRDM11	1	EurAmr	2	50
PTPRM	1	EurAmr	3	33.33333333333333
REV3L	1	EurAmr	2	50
SLC22A11	1	EurAmr	2	50
SLC6A2	1	EurAmr	3	33.33333333333333
SNTG2	1	EurAmr	3	33.33333333333333
SYNE1	1	EurAmr	6	16.666666666666664
TCEAL2	1	EurAmr	1	100
TCERG1	1	EurAmr	3	33.33333333333333
TGFBR2	1	EurAmr	6	16.666666666666664
TRIM51	1	EurAmr	2	50
VAV3	1	EurAmr	1	100
ZKSCAN3	1	EurAmr	2	50
ZNF302	1	EurAmr	2	50
ZNF814	1	EurAmr	2	50
ABCC8	1	EurAmr	3	33.33333333333333
ABCC9	1	EurAmr	4	25
ASH1L	1	EurAmr	3	33.33333333333333
BEND2	1	EurAmr	4	25
BIRC6	1	EurAmr	4	25
BPTF	1	EurAmr	5	20
CDKN2A	1	EurAmr	15	6.666666666666667
CTSS	1	EurAmr	2	50
DCC	1	EurAmr	2	50
EIF2B5	1	EurAmr	3	33.33333333333333
EPB41	1	EurAmr	1	100
FAT3	1	EurAmr	8	12.5
FBXO47	1	EurAmr	3	33.33333333333333
FRY	1	EurAmr	4	25
GABRB3	1	EurAmr	3	33.33333333333333
GAS2L2	1	EurAmr	2	50
GHRL	1	EurAmr	1	100
GOLGA1	1	EurAmr	1	100
HERC1	1	EurAmr	4	25
HMGB2	1	EurAmr	2	50
HYDIN	1	EurAmr	5	20
IGF2BP3	1	EurAmr	1	100
IGKV2D-30	1	EurAmr	1	100
KRAS	1	EurAmr	118	0.847457627118644
LRRC27	1	EurAmr	2	50
LRRC36	1	EurAmr	1	100
METTL15	1	EurAmr	2	50
MIB1	1	EurAmr	2	50
MUC5AC	1	EurAmr	4	25
MYH1	1	EurAmr	2	50
NELFB	1	EurAmr	2	50
NOTCH4	1	EurAmr	2	50
OR2G2	1	EurAmr	1	100
OR51T1	1	EurAmr	2	50
PPIP5K1	1	EurAmr	3	33.33333333333333
PRKCA	1	EurAmr	1	100
RETSAT	1	EurAmr	2	50
SGOL2	1	EurAmr	2	50
SLC38A8	1	EurAmr	3	33.33333333333333
SLC4A3	1	EurAmr	2	50
SMAD4	1	EurAmr	27	3.7037037037037033
SPOCK3	1	EurAmr	2	50
SRGAP1	1	EurAmr	2	50
ST18	1	EurAmr	4	25
STK11	1	EurAmr	3	33.33333333333333
TBC1D3F	1	EurAmr	1	100
TP53	1	EurAmr	80	1.25
TUBGCP3	1	EurAmr	2	50
UMOD	1	EurAmr	3	33.33333333333333
XRRA1	1	EurAmr	2	50
ZNF175	1	EurAmr	3	33.33333333333333
ZNF280D	1	EurAmr	2	50
ZNF423	1	EurAmr	3	33.33333333333333
ZNF569	1	EurAmr	2	50
ZXDB	1	EurAmr	3	33.33333333333333
ABCC2	1	EurAmr	3	33.33333333333333
BANK1	1	EurAmr	2	50
COX16	1	EurAmr	1	100
CYP1A1	1	EurAmr	3	33.33333333333333
DCLK3	1	EurAmr	3	33.33333333333333
DSCAM	1	EurAmr	7	14.285714285714285
GABRB3	1	EurAmr	3	33.33333333333333
GRIN2B	1	EurAmr	4	25
HIST1H1E	1	EurAmr	2	50
HSF4	1	EurAmr	3	33.33333333333333
INTS6	1	EurAmr	1	100
KLHL36	1	EurAmr	2	50
LRCH2	1	EurAmr	2	50
PRPF8	1	EurAmr	2	50
ROBO2	1	EurAmr	4	25
SOX10	1	EurAmr	1	100
SPECC1	1	EurAmr	2	50
TMC7	1	EurAmr	2	50
YWHAE	1	EurAmr	2	50
EGR4	1	EurAmr	2	50
ERICH3	1	EurAmr	5	20
FMOD	1	EurAmr	1	100
HIC1	1	EurAmr	1	100
UBAP2	1	EurAmr	2	50
ZNF567	1	EurAmr	1	100
ARL4C	1	EurAmr	2	50
ATP5A1	1	EurAmr	1	100
CSTF3	1	EurAmr	2	50
CTSV	1	EurAmr	1	100
DAXX	1	EurAmr	2	50
FAM129C	1	EurAmr	4	25
FLNC	1	EurAmr	6	16.666666666666664
H3F3C	1	EurAmr	1	100
MEN1	1	EurAmr	2	50
MRPL14	1	EurAmr	1	100
MYOM2	1	EurAmr	2	50
NSUN7	1	EurAmr	2	50
NTNG1	1	EurAmr	5	20
OR3A3	1	EurAmr	1	100
PNPLA6	1	EurAmr	2	50
PRIMPOL	1	EurAmr	3	33.33333333333333
PRR25	1	EurAmr	1	100
PXDN	1	EurAmr	5	20
SLC4A7	1	EurAmr	1	100
SLC6A8	1	EurAmr	2	50
SNAI3	1	EurAmr	2	50
STOML3	1	EurAmr	2	50
TDRD10	1	EurAmr	1	100
TNFRSF11A	1	EurAmr	2	50
TSHZ1	1	EurAmr	2	50
WDR33	1	EurAmr	3	33.33333333333333
ZNF331	1	EurAmr	2	50
ZNF681	1	EurAmr	4	25
ACOX2	1	EurAmr	2	50
ADCY3	1	EurAmr	3	33.33333333333333
ASTN1	1	EurAmr	6	16.666666666666664
CNTLN	1	EurAmr	2	50
EDEM2	1	EurAmr	2	50
MUC16	1	EurAmr	15	6.666666666666667
NPRL2	1	EurAmr	2	50
OR2G3	1	EurAmr	2	50
RUNX1T1	1	EurAmr	2	50
TSC2	1	EurAmr	3	33.33333333333333
VCL	1	EurAmr	2	50
AC004381.6	1	EurAmr	2	50
ACSS1	1	EurAmr	3	33.33333333333333
CHRNB1	1	EurAmr	1	100
DGKK	1	EurAmr	1	100
GLI3	1	EurAmr	8	12.5
GPR27	1	EurAmr	1	100
KMT2D	1	EurAmr	6	16.666666666666664
L3HYPDH	1	EurAmr	3	33.33333333333333
NRP1	1	EurAmr	1	100
PCDHA6	1	EurAmr	4	25
PRDM15	1	EurAmr	2	50
RGPD3	1	EurAmr	3	33.33333333333333
RGPD4	1	EurAmr	1	100
SLMAP	1	EurAmr	1	100
SPTB	1	EurAmr	3	33.33333333333333
STXBP5L	1	EurAmr	2	50
THBS3	1	EurAmr	1	100
TLR5	1	EurAmr	3	33.33333333333333
TMC4	1	EurAmr	2	50
TUBGCP4	1	EurAmr	2	50
ZMYM3	1	EurAmr	4	25
ABCA4	1	EurAmr	5	20
ACAD10	1	EurAmr	2	50
ATRX	1	EurAmr	4	25
BDKRB1	1	EurAmr	1	100
BPIFB2	1	EurAmr	3	33.33333333333333
CCDC138	1	EurAmr	2	50
DAZAP1	1	EurAmr	1	100
DKC1	1	EurAmr	2	50
ESPL1	1	EurAmr	3	33.33333333333333
FBN2	1	EurAmr	5	20
FN1	1	EurAmr	4	25
GALNT18	1	EurAmr	2	50
GCG	1	EurAmr	2	50
HELZ2	1	EurAmr	1	100
HRH3	1	EurAmr	1	100
KCNT1	1	EurAmr	3	33.33333333333333
KIF16B	1	EurAmr	2	50
KMT2E	1	EurAmr	4	25
NAA16	1	EurAmr	2	50
NF1	1	EurAmr	4	25
PAX9	1	EurAmr	2	50
PGGT1B	1	EurAmr	1	100
RGPD3	1	EurAmr	3	33.33333333333333
RNF181	1	EurAmr	1	100
SNAP47	2	EurAmr	2	100
SRFBP1	1	EurAmr	2	50
UBN2	1	EurAmr	2	50
WDR3	1	EurAmr	3	33.33333333333333
ZFYVE28	1	EurAmr	2	50
ZNF334	1	EurAmr	2	50
ZNF577	1	EurAmr	2	50
ZNF692	1	EurAmr	1	100
A1BG	1	EurAmr	2	50
ABCA13	1	EurAmr	4	25
ABHD8	1	EurAmr	3	33.33333333333333
ACOT12	1	EurAmr	2	50
ADCY9	1	EurAmr	2	50
ADGRG4	1	EurAmr	5	20
ARAP1	1	EurAmr	3	33.33333333333333
ATP10A	1	EurAmr	7	14.285714285714285
C1orf43	1	EurAmr	2	50
DSEL	2	EurAmr	2	100
ELOVL2	1	EurAmr	1	100
FLVCR1	1	EurAmr	1	100
FOSL2	1	EurAmr	2	50
ILDR1	1	EurAmr	1	100
KDM4C	1	EurAmr	3	33.33333333333333
KRAS	1	EurAmr	118	0.847457627118644
LMAN2L	1	EurAmr	1	100
LNPEP	1	EurAmr	2	50
MEX3C	1	EurAmr	2	50
MICU1	1	EurAmr	1	100
MTCL1	1	EurAmr	2	50
NELL2	1	EurAmr	4	25
NMS	1	EurAmr	1	100
PKD1	1	EurAmr	5	20
RALYL	1	EurAmr	1	100
RORB	1	EurAmr	2	50
STAB1	1	EurAmr	2	50
TNIK	1	EurAmr	3	33.33333333333333
TP53	2	EurAmr	80	2.5
TYR	1	EurAmr	3	33.33333333333333
ZBED4	1	EurAmr	3	33.33333333333333
AKAP13	1	EurAmr	3	33.33333333333333
ATM	1	EurAmr	5	20
BPIFB4	1	EurAmr	1	100
CAB39L	1	EurAmr	1	100
CCDC130	1	EurAmr	2	50
CHD6	1	EurAmr	3	33.33333333333333
CHERP	1	EurAmr	1	100
CMYA5	1	EurAmr	5	20
CYP2C8	1	EurAmr	1	100
DOCK2	1	EurAmr	4	25
DTNB	1	EurAmr	2	50
ERBB2IP	1	EurAmr	3	33.33333333333333
FOXG1	1	EurAmr	3	33.33333333333333
HMGCR	1	EurAmr	2	50
HTR3D	1	EurAmr	2	50
KCNA6	2	EurAmr	6	33.33333333333333
KDM3B	1	EurAmr	2	50
KLF12	1	EurAmr	2	50
KLRC4	1	EurAmr	1	100
MACF1	1	EurAmr	7	14.285714285714285
MYO5A	1	EurAmr	2	50
NSUN5	1	EurAmr	3	33.33333333333333
NTRK1	1	EurAmr	3	33.33333333333333
OTOP3	1	EurAmr	4	25
PAPL	1	EurAmr	1	100
RILPL1	1	EurAmr	2	50
RNF114	1	EurAmr	2	50
RRAD	1	EurAmr	2	50
SIGLEC15	1	EurAmr	1	100
SMARCAL1	1	EurAmr	2	50
SPATA22	1	EurAmr	2	50
SRSF6	1	EurAmr	2	50
SYNE2	1	EurAmr	5	20
THBS1	1	EurAmr	3	33.33333333333333
TRIM47	1	EurAmr	2	50
VCAN	1	EurAmr	4	25
ZNF28	1	EurAmr	4	25
ZNF714	1	EurAmr	1	100
ZNF85	1	EurAmr	2	50
CARD9	1	EurAmr	3	33.33333333333333
CNTN6	1	EurAmr	2	50
CSMD1	1	EurAmr	6	16.666666666666664
GREB1	1	EurAmr	5	20
HERPUD1	1	EurAmr	2	50
KCNA4	1	EurAmr	5	20
KCNH5	1	EurAmr	3	33.33333333333333
KCNJ6	1	EurAmr	2	50
KRAS	1	EurAmr	118	0.847457627118644
MBNL2	1	EurAmr	2	50
PID1	1	EurAmr	1	100
RELN	1	EurAmr	7	14.285714285714285
RHBDF1	1	EurAmr	2	50
ROBO2	1	EurAmr	4	25
SEPHS2	1	EurAmr	1	100
SI	1	EurAmr	4	25
SLC27A3	1	EurAmr	1	100
SMAD4	1	EurAmr	27	3.7037037037037033
TP53	1	EurAmr	80	1.25
WDR82	1	EurAmr	1	100
WWC3	1	EurAmr	2	50
ZNF496	1	EurAmr	2	50
ABCC6	1	EurAmr	3	33.33333333333333
ADAMTS2	1	EurAmr	3	33.33333333333333
ARHGAP19	1	EurAmr	2	50
ATAD2B	1	EurAmr	2	50
ATRNL1	1	EurAmr	5	20
C10orf76	1	EurAmr	2	50
C16orf45	1	EurAmr	1	100
CDR2	1	EurAmr	1	100
COL1A1	1	EurAmr	5	20
CREB5	1	EurAmr	1	100
CSMD2	1	EurAmr	8	12.5
CUBN	1	EurAmr	4	25
CYP1A1	1	EurAmr	3	33.33333333333333
DENND2D	1	EurAmr	2	50
DNMT3A	1	EurAmr	5	20
DOCK2	1	EurAmr	4	25
DSG2	1	EurAmr	3	33.33333333333333
EPS8	1	EurAmr	2	50
ERI1	1	EurAmr	2	50
FBN1	1	EurAmr	4	25
FER1L5	1	EurAmr	1	100
FLG	2	EurAmr	7	28.57142857142857
FNDC3B	1	EurAmr	1	100
GALNT5	1	EurAmr	2	50
HAGH	1	EurAmr	2	50
HCN1	1	EurAmr	3	33.33333333333333
KCNA4	1	EurAmr	5	20
KMT2A	1	EurAmr	4	25
KRAS	1	EurAmr	118	0.847457627118644
MYH15	1	EurAmr	4	25
NGF	1	EurAmr	3	33.33333333333333
NOTCH1	1	EurAmr	3	33.33333333333333
OR51A7	1	EurAmr	2	50
OR9Q2	1	EurAmr	1	100
OXR1	1	EurAmr	1	100
PANX1	1	EurAmr	1	100
PCDHGB7	1	EurAmr	4	25
PFAS	1	EurAmr	2	50
PKD1L2	1	EurAmr	3	33.33333333333333
PLEKHB1	1	EurAmr	2	50
PNMA5	1	EurAmr	2	50
POTEE	1	EurAmr	5	20
PPP1R3A	1	EurAmr	2	50
PPP3R2	1	EurAmr	1	100
PRAMEF11	1	EurAmr	3	33.33333333333333
PRMT8	1	EurAmr	1	100
PRPS2	1	EurAmr	1	100
PRUNE2	1	EurAmr	3	33.33333333333333
PTDSS1	1	EurAmr	2	50
SDK2	1	EurAmr	3	33.33333333333333
SESN1	1	EurAmr	1	100
SLC12A2	1	EurAmr	3	33.33333333333333
SLC15A1	1	EurAmr	1	100
SLC4A1	1	EurAmr	2	50
SLC6A3	1	EurAmr	2	50
SPATA31E1	1	EurAmr	2	50
ST6GALNAC5	1	EurAmr	1	100
STON1	1	EurAmr	2	50
TP53	1	EurAmr	80	1.25
VAV1	1	EurAmr	3	33.33333333333333
WSB2	1	EurAmr	2	50
XPC	1	EurAmr	2	50
ZNF215	1	EurAmr	1	100
ZSCAN20	1	EurAmr	1	100
AASDH	1	EurAmr	2	50
ABCB6	1	EurAmr	2	50
ABTB2	1	EurAmr	2	50
ADCY1	1	EurAmr	3	33.33333333333333
ALS2CL	1	EurAmr	3	33.33333333333333
ANKRD36B	1	EurAmr	1	100
ANKRD50	1	EurAmr	3	33.33333333333333
APLP2	1	EurAmr	2	50
ARHGAP21	1	EurAmr	3	33.33333333333333
ARSK	1	EurAmr	2	50
ASPM	1	EurAmr	5	20
ATXN2L	1	EurAmr	3	33.33333333333333
C9orf89	1	EurAmr	1	100
CACNA1H	1	EurAmr	2	50
CDC42BPA	1	EurAmr	2	50
CKAP2L	1	EurAmr	3	33.33333333333333
COL6A2	1	EurAmr	8	12.5
CPXM2	1	EurAmr	2	50
CSMD2	1	EurAmr	8	12.5
CTNNB1	1	EurAmr	3	33.33333333333333
DCLK2	1	EurAmr	1	100
DCLK3	1	EurAmr	3	33.33333333333333
DISP1	1	EurAmr	2	50
DSCAM	1	EurAmr	7	14.285714285714285
EPHA7	1	EurAmr	3	33.33333333333333
FAR1	1	EurAmr	2	50
FASTKD5	1	EurAmr	1	100
FBN3	1	EurAmr	7	14.285714285714285
FERMT2	1	EurAmr	1	100
FGD4	1	EurAmr	2	50
GCC2	1	EurAmr	2	50
GLI3	1	EurAmr	8	12.5
GPR39	1	EurAmr	2	50
HIVEP3	1	EurAmr	3	33.33333333333333
HSD17B13	1	EurAmr	2	50
IFNGR1	1	EurAmr	2	50
IL2RA	1	EurAmr	2	50
ITK	1	EurAmr	2	50
ITPR1	1	EurAmr	4	25
KIAA1468	1	EurAmr	2	50
KIF1A	1	EurAmr	6	16.666666666666664
KL	1	EurAmr	2	50
KLK15	1	EurAmr	4	25
LAMA4	1	EurAmr	2	50
LPA	1	EurAmr	2	50
LZTS1	1	EurAmr	2	50
MAP1B	2	EurAmr	2	100
MISP	1	EurAmr	2	50
MUC21	1	EurAmr	2	50
MYH7B	1	EurAmr	2	50
NLRP7	1	EurAmr	2	50
NUF2	1	EurAmr	1	100
OR2M4	1	EurAmr	4	25
OR7G1	1	EurAmr	1	100
PASK	1	EurAmr	3	33.33333333333333
PCDH11Y	1	EurAmr	1	100
PCDH17	1	EurAmr	5	20
PCDH8	1	EurAmr	3	33.33333333333333
PCDHB7	1	EurAmr	7	14.285714285714285
PHLPP1	1	EurAmr	2	50
PKNOX2	1	EurAmr	2	50
PPM1F	1	EurAmr	1	100
PPP1R16B	1	EurAmr	3	33.33333333333333
PRSS35	1	EurAmr	2	50
RFC4	1	EurAmr	1	100
RGMA	1	EurAmr	2	50
RNF17	1	EurAmr	3	33.33333333333333
S100A3	1	EurAmr	1	100
SCARF1	1	EurAmr	2	50
SEPT1	1	EurAmr	2	50
SLAIN1	1	EurAmr	1	100
SLC12A3	1	EurAmr	3	33.33333333333333
SPATA2L	1	EurAmr	3	33.33333333333333
SSX2IP	1	EurAmr	2	50
STAC	1	EurAmr	1	100
SYT5	1	EurAmr	2	50
TBC1D10A	1	EurAmr	1	100
TBCCD1	1	EurAmr	2	50
TCF4	1	EurAmr	4	25
TNXB	1	EurAmr	5	20
TRPM6	1	EurAmr	4	25
UBQLN4	1	EurAmr	1	100
ULK1	1	EurAmr	2	50
UNC13C	1	EurAmr	4	25
USP31	1	EurAmr	2	50
UVRAG	1	EurAmr	2	50
WDR89	1	EurAmr	2	50
WDR90	1	EurAmr	2	50
WNT3A	1	EurAmr	4	25
ZKSCAN2	1	EurAmr	2	50
ZNF605	1	EurAmr	2	50
ABHD8	1	EurAmr	3	33.33333333333333
BAZ1B	1	EurAmr	1	100
C9orf24	1	EurAmr	1	100
COL1A1	1	EurAmr	5	20
DEFB119	1	EurAmr	4	25
DNAH11	1	EurAmr	8	12.5
FBXL5	1	EurAmr	1	100
HP1BP3	1	EurAmr	1	100
IGF2	1	EurAmr	1	100
INS-IGF2	1	EurAmr	1	100
IPO5	1	EurAmr	1	100
KCNH3	1	EurAmr	2	50
KRAS	1	EurAmr	118	0.847457627118644
MAZ	1	EurAmr	1	100
METTL21C	1	EurAmr	2	50
NLRP2	1	EurAmr	4	25
OR7G2	1	EurAmr	1	100
PCDHB3	1	EurAmr	4	25
POM121C	1	EurAmr	2	50
RASGEF1A	1	EurAmr	3	33.33333333333333
RASGEF1C	1	EurAmr	3	33.33333333333333
REEP2	1	EurAmr	1	100
RETN	1	EurAmr	1	100
ROBO3	1	EurAmr	4	25
RTKN2	1	EurAmr	1	100
SAG	1	EurAmr	1	100
SIGLEC7	1	EurAmr	2	50
SRPX2	1	EurAmr	1	100
TAL1	1	EurAmr	2	50
TGFBR1	1	EurAmr	5	20
ZFHX4	1	EurAmr	7	14.285714285714285
ZNF613	1	EurAmr	2	50
ZPLD1	1	EurAmr	1	100
ANAPC7	1	EurAmr	1	100
ATM	1	EurAmr	5	20
AVPR1A	1	EurAmr	2	50
BAALC	1	EurAmr	2	50
BACH1	1	EurAmr	3	33.33333333333333
BAHD1	1	EurAmr	2	50
C17orf53	1	EurAmr	1	100
C9orf3	1	EurAmr	2	50
CACNA1B	1	EurAmr	7	14.285714285714285
CDC73	1	EurAmr	2	50
CHL1	1	EurAmr	2	50
CHMP1A	1	EurAmr	1	100
COASY	1	EurAmr	1	100
COL6A6	1	EurAmr	3	33.33333333333333
DLEC1	1	EurAmr	3	33.33333333333333
DNAH10	1	EurAmr	6	16.666666666666664
DTYMK	1	EurAmr	1	100
FAM71B	1	EurAmr	5	20
GPRC6A	1	EurAmr	2	50
GREB1	1	EurAmr	5	20
GRM8	1	EurAmr	3	33.33333333333333
HTR2C	1	EurAmr	2	50
IGSF22	1	EurAmr	3	33.33333333333333
IMPG2	1	EurAmr	2	50
KRAS	1	EurAmr	118	0.847457627118644
LHX5	1	EurAmr	1	100
LILRB1	1	EurAmr	4	25
LINGO1	1	EurAmr	2	50
MEGF6	1	EurAmr	4	25
MYO16	1	EurAmr	6	16.666666666666664
NLRP2	1	EurAmr	4	25
NLRP3	1	EurAmr	2	50
NUAK2	1	EurAmr	2	50
NUDT19	1	EurAmr	2	50
OR5M3	1	EurAmr	2	50
PCDHA2	1	EurAmr	4	25
PDYN	1	EurAmr	2	50
PES1	1	EurAmr	3	33.33333333333333
PRKRIR	1	EurAmr	2	50
PTPN12	1	EurAmr	4	25
RSPH6A	1	EurAmr	2	50
SAMD15	1	EurAmr	2	50
SEL1L2	1	EurAmr	2	50
SMAD4	1	EurAmr	27	3.7037037037037033
SPATA9	1	EurAmr	2	50
TULP4	1	EurAmr	3	33.33333333333333
ZNF382	1	EurAmr	2	50
ZNF585B	1	EurAmr	3	33.33333333333333
ZNF688	1	EurAmr	1	100
ACTC1	1	EurAmr	2	50
ADAMTS16	1	EurAmr	5	20
AFF2	1	EurAmr	5	20
ARSI	1	EurAmr	2	50
B3GALT2	1	EurAmr	1	100
CDKN2A	1	EurAmr	15	6.666666666666667
COL18A1	1	EurAmr	4	25
COL5A1	1	EurAmr	7	14.285714285714285
CPN2	1	EurAmr	3	33.33333333333333
EGFLAM	1	EurAmr	3	33.33333333333333
FAT4	1	EurAmr	5	20
FLT4	1	EurAmr	5	20
FPGT-TNNI3K	1	EurAmr	2	50
GRIN2D	1	EurAmr	3	33.33333333333333
HLX	1	EurAmr	3	33.33333333333333
HTR2A	1	EurAmr	2	50
IGSF10	1	EurAmr	3	33.33333333333333
KLHL38	1	EurAmr	4	25
KRAS	1	EurAmr	118	0.847457627118644
LAMA1	1	EurAmr	4	25
MSR1	1	EurAmr	2	50
MYBBP1A	1	EurAmr	2	50
MYT1	1	EurAmr	3	33.33333333333333
NELFA	1	EurAmr	2	50
NKD1	1	EurAmr	3	33.33333333333333
NPAS4	1	EurAmr	2	50
NRXN3	1	EurAmr	5	20
OBSCN	1	EurAmr	7	14.285714285714285
OSBPL6	1	EurAmr	3	33.33333333333333
PLCD3	1	EurAmr	1	100
RIMS1	1	EurAmr	2	50
SAMD7	1	EurAmr	1	100
SIGIRR	1	EurAmr	3	33.33333333333333
TCTE1	1	EurAmr	3	33.33333333333333
TLL1	1	EurAmr	2	50
TP53	1	EurAmr	80	1.25
TRHR	1	EurAmr	2	50
ZDBF2	1	EurAmr	4	25
ZFR	1	EurAmr	2	50
ZIM2	1	EurAmr	1	100
ZNF662	1	EurAmr	2	50
ANKRD20A4	1	EurAmr	2	50
USP8	1	EurAmr	5	20
ANKH	1	EurAmr	1	100
APOBEC3B	1	EurAmr	1	100
AQR	1	EurAmr	2	50
ATG9B	1	EurAmr	1	100
ATP6V0A4	1	EurAmr	1	100
BPIFB2	1	EurAmr	3	33.33333333333333
CCNF	1	EurAmr	2	50
CDK20	1	EurAmr	1	100
CSMD2	1	EurAmr	8	12.5
CSTF2	1	EurAmr	1	100
CYP27A1	1	EurAmr	1	100
DDX60L	1	EurAmr	2	50
DHDH	1	EurAmr	1	100
DLGAP2	1	EurAmr	4	25
DNAH9	1	EurAmr	3	33.33333333333333
DPYD	1	EurAmr	3	33.33333333333333
GPR26	1	EurAmr	2	50
GRIN2A	1	EurAmr	3	33.33333333333333
HEXB	1	EurAmr	1	100
JAK3	1	EurAmr	3	33.33333333333333
KRAS	1	EurAmr	118	0.847457627118644
LMX1A	1	EurAmr	2	50
MALL	1	EurAmr	1	100
MED14	1	EurAmr	3	33.33333333333333
METTL14	1	EurAmr	1	100
MRC1	1	EurAmr	5	20
MYH2	1	EurAmr	2	50
MYLK	1	EurAmr	6	16.666666666666664
OR51B5	1	EurAmr	3	33.33333333333333
PCDHB11	1	EurAmr	2	50
RTN3	1	EurAmr	3	33.33333333333333
TEX13A	1	EurAmr	2	50
TRPC7	1	EurAmr	3	33.33333333333333
VCAN	1	EurAmr	4	25
ZFPM2	1	EurAmr	3	33.33333333333333
ZFYVE26	1	EurAmr	4	25
ZNF667	1	EurAmr	2	50
ZNF716	1	EurAmr	2	50
ZNF835	1	EurAmr	3	33.33333333333333
AGGF1	1	EurAmr	2	50
APLF	1	EurAmr	2	50
ASH2L	1	EurAmr	2	50
BST2	1	EurAmr	2	50
C2orf71	1	EurAmr	4	25
CATSPERD	1	EurAmr	3	33.33333333333333
ELMO1	1	EurAmr	3	33.33333333333333
LILRA6	1	EurAmr	2	50
MCM3AP	1	EurAmr	3	33.33333333333333
MLF2	1	EurAmr	2	50
MYH7	1	EurAmr	4	25
POTEM	1	EurAmr	2	50
PXDNL	1	EurAmr	2	50
RHBDL3	1	EurAmr	2	50
RRP8	1	EurAmr	3	33.33333333333333
SLC6A5	1	EurAmr	3	33.33333333333333
SLC8A2	1	EurAmr	4	25
SORT1	1	EurAmr	2	50
SYNE1	1	EurAmr	6	16.666666666666664
TRIM37	1	EurAmr	3	33.33333333333333
ZNF484	1	EurAmr	2	50
ABLIM1	1	EurAmr	2	50
CAMK1D	1	EurAmr	2	50
CCDC8	1	EurAmr	3	33.33333333333333
CMIP	1	EurAmr	2	50
CYB5R1	1	EurAmr	3	33.33333333333333
DDX59	1	EurAmr	2	50
DLL4	1	EurAmr	2	50
DNAH5	1	EurAmr	4	25
FAM135B	1	EurAmr	3	33.33333333333333
FBXO44	1	EurAmr	2	50
FLG2	1	EurAmr	3	33.33333333333333
HOXB3	1	EurAmr	2	50
IQCD	1	EurAmr	1	100
KCNK3	1	EurAmr	2	50
KLHDC8A	1	EurAmr	3	33.33333333333333
KMT2D	2	EurAmr	6	33.33333333333333
KMT2E	1	EurAmr	4	25
KRAS	1	EurAmr	118	0.847457627118644
LTBP2	1	EurAmr	3	33.33333333333333
MANEAL	1	EurAmr	1	100
MAPT	1	EurAmr	4	25
MTNR1B	1	EurAmr	3	33.33333333333333
MYO9B	1	EurAmr	4	25
NPAT	1	EurAmr	2	50
NUDT6	1	EurAmr	1	100
OR13C2	1	EurAmr	1	100
PCDHGA2	1	EurAmr	4	25
RIMBP2	1	EurAmr	5	20
RP11-240B13.2	1	EurAmr	2	50
RXRA	1	EurAmr	2	50
RYR1	1	EurAmr	8	12.5
SGIP1	1	EurAmr	3	33.33333333333333
SLC1A3	1	EurAmr	1	100
SSTR1	1	EurAmr	1	100
TAF4	1	EurAmr	3	33.33333333333333
TECTA	1	EurAmr	5	20
TIE1	1	EurAmr	2	50
TMEM132D	1	EurAmr	7	14.285714285714285
TP53	1	EurAmr	80	1.25
TXK	1	EurAmr	2	50
UBR2	1	EurAmr	3	33.33333333333333
UNC13C	1	EurAmr	4	25
VWA8	1	EurAmr	2	50
XYLT1	1	EurAmr	4	25
ADCY5	1	EurAmr	3	33.33333333333333
AGBL4	1	EurAmr	1	100
ALDH1L2	1	EurAmr	2	50
ASH1L	1	EurAmr	3	33.33333333333333
ATP10A	1	EurAmr	7	14.285714285714285
ATP12A	1	EurAmr	5	20
C9	1	EurAmr	2	50
CD164	1	EurAmr	1	100
CPAMD8	2	EurAmr	2	100
CPED1	1	EurAmr	1	100
CSRNP1	1	EurAmr	2	50
CYP2A7	1	EurAmr	1	100
DKC1	1	EurAmr	2	50
FUT9	1	EurAmr	1	100
GRIK3	1	EurAmr	3	33.33333333333333
HCLS1	1	EurAmr	1	100
HERC1	1	EurAmr	4	25
HOXA9	1	EurAmr	3	33.33333333333333
HTR2C	1	EurAmr	2	50
HYDIN	1	EurAmr	5	20
ITPR2	1	EurAmr	4	25
KCTD19	1	EurAmr	2	50
KIAA0556	1	EurAmr	5	20
KRAS	1	EurAmr	118	0.847457627118644
LINS	1	EurAmr	1	100
MAP7D1	1	EurAmr	2	50
MYH13	1	EurAmr	2	50
MYLK	1	EurAmr	6	16.666666666666664
MYO18B	1	EurAmr	7	14.285714285714285
OLIG3	1	EurAmr	2	50
ONECUT1	1	EurAmr	1	100
OR11H12	1	EurAmr	2	50
PCDHB6	1	EurAmr	3	33.33333333333333
PCDHGA10	1	EurAmr	3	33.33333333333333
PTCH1	1	EurAmr	2	50
RBBP6	1	EurAmr	2	50
RMND5B	1	EurAmr	2	50
ROBO1	2	EurAmr	3	66.66666666666666
SAMD14	1	EurAmr	2	50
SLMO2	1	EurAmr	1	100
SP140	1	EurAmr	3	33.33333333333333
SST	1	EurAmr	2	50
STEAP3	1	EurAmr	2	50
STX11	1	EurAmr	2	50
SUSD1	1	EurAmr	4	25
SYT9	1	EurAmr	2	50
TAS1R2	1	EurAmr	2	50
THADA	1	EurAmr	3	33.33333333333333
TMEM45B	1	EurAmr	1	100
TP53	1	EurAmr	80	1.25
TRPC4	1	EurAmr	2	50
UNC79	1	EurAmr	3	33.33333333333333
USP37	1	EurAmr	2	50
WDR33	1	EurAmr	3	33.33333333333333
WDR63	1	EurAmr	2	50
APOB	1	EurAmr	5	20
CCDC87	1	EurAmr	2	50
CNGA3	1	EurAmr	3	33.33333333333333
DGKH	1	EurAmr	2	50
FRMD7	1	EurAmr	2	50
ITGB4	1	EurAmr	2	50
KCTD11	1	EurAmr	2	50
PRG4	1	EurAmr	3	33.33333333333333
TRAPPC9	1	EurAmr	3	33.33333333333333
ZNF561	1	EurAmr	2	50
ZNF616	1	EurAmr	2	50
CSPP1	1	EurAmr	3	33.33333333333333
ADAMTS7	1	EurAmr	2	50
ADGRB2	1	EurAmr	4	25
AHNAK	1	EurAmr	4	25
ARMC12	1	EurAmr	2	50
ATP8A1	1	EurAmr	1	100
ATXN2L	1	EurAmr	3	33.33333333333333
C1orf87	1	EurAmr	1	100
CARKD	1	EurAmr	1	100
CD44	1	EurAmr	3	33.33333333333333
CDKN2A	1	EurAmr	15	6.666666666666667
COL24A1	1	EurAmr	4	25
COL4A5	1	EurAmr	2	50
CYB5R4	1	EurAmr	1	100
DLEC1	1	EurAmr	3	33.33333333333333
IFT122	1	EurAmr	3	33.33333333333333
IGKV2D-24	1	EurAmr	1	100
KCNA6	1	EurAmr	6	16.666666666666664
KLF4	1	EurAmr	3	33.33333333333333
KLHL38	1	EurAmr	4	25
KRAS	1	EurAmr	118	0.847457627118644
LAGE3	1	EurAmr	1	100
MST1R	1	EurAmr	3	33.33333333333333
NTRK3	1	EurAmr	2	50
PCDH15	1	EurAmr	7	14.285714285714285
QSER1	1	EurAmr	2	50
SATB1	1	EurAmr	2	50
SPANXD	1	EurAmr	2	50
SPATA17	1	EurAmr	2	50
SYNE1	1	EurAmr	6	16.666666666666664
TAS2R1	1	EurAmr	1	100
TMEM132D	1	EurAmr	7	14.285714285714285
TMEM198	1	EurAmr	4	25
TOX2	1	EurAmr	6	16.666666666666664
TP53	1	EurAmr	80	1.25
TRIOBP	1	EurAmr	3	33.33333333333333
TTN	1	EurAmr	24	4.166666666666666
UNC50	1	EurAmr	3	33.33333333333333
USH2A	1	EurAmr	8	12.5
ZNF354A	1	EurAmr	2	50
ZNF74	1	EurAmr	1	100
ABCA10	1	EurAmr	2	50
ACOXL	1	EurAmr	2	50
ADAMTS16	1	EurAmr	5	20
ANO5	1	EurAmr	2	50
ATP2B3	1	EurAmr	3	33.33333333333333
BRWD3	1	EurAmr	3	33.33333333333333
BTN3A1	1	EurAmr	3	33.33333333333333
CASS4	1	EurAmr	2	50
CIC	1	EurAmr	3	33.33333333333333
COL5A3	1	EurAmr	4	25
COMMD5	1	EurAmr	1	100
CSMD2	1	EurAmr	8	12.5
CTTNBP2	1	EurAmr	2	50
DUPD1	1	EurAmr	2	50
EVC	1	EurAmr	3	33.33333333333333
FAM105A	1	EurAmr	2	50
FBXO3	2	EurAmr	1	200
GABRB1	1	EurAmr	4	25
GALNT1	1	EurAmr	3	33.33333333333333
GIF	1	EurAmr	1	100
GJC3	1	EurAmr	2	50
GPD2	1	EurAmr	1	100
HIVEP1	1	EurAmr	4	25
IBSP	1	EurAmr	2	50
IGSF22	1	EurAmr	3	33.33333333333333
INTS3	1	EurAmr	2	50
KCNN4	1	EurAmr	2	50
KCNQ3	1	EurAmr	3	33.33333333333333
KIAA0922	1	EurAmr	3	33.33333333333333
KIFC1	1	EurAmr	1	100
KLHL3	1	EurAmr	1	100
KRAS	1	EurAmr	118	0.847457627118644
LAIR1	1	EurAmr	1	100
LRRC40	1	EurAmr	1	100
MAP3K19	1	EurAmr	2	50
MDN1	1	EurAmr	3	33.33333333333333
MRC1	1	EurAmr	5	20
NEGR1	1	EurAmr	1	100
OLFML2B	1	EurAmr	3	33.33333333333333
OR5K3	1	EurAmr	1	100
PACS2	1	EurAmr	1	100
PEG3	1	EurAmr	6	16.666666666666664
PHKB	1	EurAmr	2	50
PLA2G4A	1	EurAmr	1	100
RAB25	1	EurAmr	1	100
RGMA	1	EurAmr	2	50
RIMS2	1	EurAmr	6	16.666666666666664
RP1L1	1	EurAmr	4	25
SCN3A	1	EurAmr	3	33.33333333333333
SLC12A9	1	EurAmr	1	100
SLC16A10	1	EurAmr	3	33.33333333333333
SPATA16	1	EurAmr	1	100
SUMO3	1	EurAmr	1	100
TBC1D32	1	EurAmr	3	33.33333333333333
TNRC6B	1	EurAmr	2	50
TP53	1	EurAmr	80	1.25
TRIM42	1	EurAmr	4	25
ZBP1	1	EurAmr	1	100
ZNF470	1	EurAmr	3	33.33333333333333
ABCF3	1	EurAmr	2	50
ADAMTSL4	1	EurAmr	5	20
APBA2	1	EurAmr	6	16.666666666666664
ARAP1	1	EurAmr	3	33.33333333333333
ARHGAP31	1	EurAmr	3	33.33333333333333
ARHGAP36	1	EurAmr	4	25
ATRNL1	1	EurAmr	5	20
CDKN2A	1	EurAmr	15	6.666666666666667
CLSTN2	1	EurAmr	4	25
CR2	1	EurAmr	5	20
FOXJ1	1	EurAmr	1	100
GLI1	1	EurAmr	3	33.33333333333333
KIAA0355	1	EurAmr	2	50
KRAS	3	EurAmr	118	2.5423728813559325
LMAN1L	1	EurAmr	3	33.33333333333333
LNX2	1	EurAmr	2	50
MAGEB6	1	EurAmr	3	33.33333333333333
MAS1L	1	EurAmr	2	50
MBIP	1	EurAmr	1	100
MRC1	1	EurAmr	5	20
MYRF	1	EurAmr	4	25
NCAPH	1	EurAmr	4	25
OBSCN	1	EurAmr	7	14.285714285714285
PARP9	1	EurAmr	2	50
PIK3CG	1	EurAmr	4	25
PLIN4	1	EurAmr	2	50
POLK	1	EurAmr	1	100
PSMA1	1	EurAmr	2	50
PTPRT	1	EurAmr	4	25
RIC1	1	EurAmr	3	33.33333333333333
SLC5A2	1	EurAmr	1	100
SRR	1	EurAmr	2	50
STAG2	1	EurAmr	1	100
TMEM131	1	EurAmr	2	50
TOX2	1	EurAmr	6	16.666666666666664
TP53	1	EurAmr	80	1.25
TRHDE	1	EurAmr	2	50
VSNL1	1	EurAmr	2	50
ZC3H6	1	EurAmr	2	50
ZFHX3	1	EurAmr	3	33.33333333333333
ZNF385D	1	EurAmr	2	50
ZNF546	1	EurAmr	3	33.33333333333333
ZNF585A	1	EurAmr	4	25
ACTL7A	1	EurAmr	2	50
ACTL7B	1	EurAmr	3	33.33333333333333
ADAM29	1	EurAmr	2	50
ADGRG7	1	EurAmr	2	50
ADGRL2	1	EurAmr	5	20
ADRA2C	1	EurAmr	2	50
AGFG2	1	EurAmr	2	50
ALDH5A1	1	EurAmr	2	50
APOB	1	EurAmr	5	20
ARHGAP32	1	EurAmr	2	50
ARHGEF37	1	EurAmr	2	50
ASTN2	1	EurAmr	3	33.33333333333333
ATP10A	1	EurAmr	7	14.285714285714285
ATP2A1	1	EurAmr	3	33.33333333333333
BMP5	1	EurAmr	2	50
C6orf118	1	EurAmr	3	33.33333333333333
CASR	1	EurAmr	2	50
CCDC33	1	EurAmr	1	100
CCNT1	1	EurAmr	1	100
CDH9	1	EurAmr	2	50
CEACAM8	1	EurAmr	1	100
CEMIP	1	EurAmr	3	33.33333333333333
CLEC14A	1	EurAmr	2	50
CLSTN1	1	EurAmr	2	50
COL25A1	1	EurAmr	2	50
COL5A1	2	EurAmr	7	28.57142857142857
COL6A2	1	EurAmr	8	12.5
CPNE3	1	EurAmr	2	50
CSMD1	1	EurAmr	6	16.666666666666664
CSPG5	1	EurAmr	2	50
CUL7	1	EurAmr	2	50
CYLC1	1	EurAmr	4	25
DEFB126	1	EurAmr	1	100
DHX37	1	EurAmr	2	50
DSCAML1	1	EurAmr	6	16.666666666666664
EDA2R	1	EurAmr	2	50
ELFN1	1	EurAmr	1	100
EML4	1	EurAmr	2	50
EPHB3	1	EurAmr	2	50
ERG	1	EurAmr	1	100
ESR1	1	EurAmr	2	50
FAM110B	1	EurAmr	2	50
FAM129A	1	EurAmr	2	50
FMN2	1	EurAmr	4	25
FSIP2	1	EurAmr	2	50
GNAS	1	EurAmr	9	11.11111111111111
GOLPH3	1	EurAmr	3	33.33333333333333
GPR12	1	EurAmr	2	50
GREB1	1	EurAmr	5	20
HEPACAM	1	EurAmr	1	100
HIVEP1	1	EurAmr	4	25
HTR5A	1	EurAmr	1	100
IAPP	1	EurAmr	2	50
IL1RN	1	EurAmr	2	50
IPO9	1	EurAmr	1	100
IRF8	1	EurAmr	2	50
ITGB6	1	EurAmr	1	100
JAG1	1	EurAmr	3	33.33333333333333
JMJD7-PLA2G4B	1	EurAmr	2	50
KCND2	1	EurAmr	2	50
KDM4C	1	EurAmr	3	33.33333333333333
KIAA1462	1	EurAmr	3	33.33333333333333
KIAA1549L	1	EurAmr	2	50
KIR3DX1	1	EurAmr	2	50
KLKB1	1	EurAmr	1	100
LPPR5	1	EurAmr	2	50
LRP1	1	EurAmr	6	16.666666666666664
MAML1	1	EurAmr	2	50
MAP3K5	1	EurAmr	2	50
MCM6	1	EurAmr	2	50
METAP2	1	EurAmr	1	100
MGA	1	EurAmr	3	33.33333333333333
MMEL1	1	EurAmr	3	33.33333333333333
MTOR	1	EurAmr	3	33.33333333333333
NCAPD3	1	EurAmr	3	33.33333333333333
OR2A4	1	EurAmr	1	100
OR6K3	1	EurAmr	1	100
OSBPL7	1	EurAmr	2	50
P2RX7	1	EurAmr	1	100
PABPC5	1	EurAmr	2	50
PCDHB7	1	EurAmr	7	14.285714285714285
PCDHGA2	1	EurAmr	4	25
PDPN	1	EurAmr	2	50
PFKP	1	EurAmr	1	100
PLCH1	1	EurAmr	2	50
PLEKHG4B	1	EurAmr	2	50
POP4	1	EurAmr	1	100
PSMG3	1	EurAmr	1	100
PYROXD2	1	EurAmr	1	100
REG1A	1	EurAmr	2	50
RNF43	1	EurAmr	9	11.11111111111111
ROBO3	1	EurAmr	4	25
RRM1	1	EurAmr	2	50
RXFP3	1	EurAmr	2	50
SALL1	1	EurAmr	2	50
SALL3	1	EurAmr	2	50
SCG2	1	EurAmr	2	50
SCRIB	1	EurAmr	5	20
SERPINI1	1	EurAmr	2	50
SF3B6	1	EurAmr	2	50
SH2D3C	1	EurAmr	4	25
SHOX	1	EurAmr	1	100
SLC1A5	1	EurAmr	1	100
SLC25A36	1	EurAmr	3	33.33333333333333
SLC3A1	1	EurAmr	2	50
SLC9A3	1	EurAmr	1	100
SNPH	1	EurAmr	2	50
SPTBN1	1	EurAmr	2	50
SPTBN5	1	EurAmr	5	20
SRGAP3	1	EurAmr	3	33.33333333333333
SSPO	1	EurAmr	5	20
SSTR3	1	EurAmr	1	100
ST6GALNAC3	1	EurAmr	2	50
SYT5	1	EurAmr	2	50
TAAR6	1	EurAmr	1	100
TCF20	1	EurAmr	2	50
TCP10	1	EurAmr	2	50
TECTA	1	EurAmr	5	20
TGM5	1	EurAmr	4	25
TMEM199	1	EurAmr	1	100
TRIM67	1	EurAmr	3	33.33333333333333
TRPC6	1	EurAmr	3	33.33333333333333
TRPM2	1	EurAmr	3	33.33333333333333
TSHZ3	1	EurAmr	4	25
TTN	1	EurAmr	24	4.166666666666666
UBAP2L	1	EurAmr	2	50
UFSP2	1	EurAmr	2	50
VCAM1	1	EurAmr	2	50
VLDLR	1	EurAmr	1	100
ZCCHC4	1	EurAmr	2	50
ZKSCAN3	1	EurAmr	2	50
ZMYND8	1	EurAmr	3	33.33333333333333
ZNF454	1	EurAmr	1	100
ZNF462	1	EurAmr	2	50
ZNFX1	1	EurAmr	2	50
ADAMTS18	1	EurAmr	4	25
ANK1	1	EurAmr	4	25
ANKK1	1	EurAmr	2	50
BMP7	1	EurAmr	2	50
CCDC69	1	EurAmr	2	50
CHML	1	EurAmr	4	25
CMSS1	1	EurAmr	1	100
CPB1	1	EurAmr	2	50
DEDD	1	EurAmr	2	50
DOCK3	1	EurAmr	3	33.33333333333333
DUSP27	1	EurAmr	2	50
DYNC2H1	1	EurAmr	3	33.33333333333333
EPHA4	1	EurAmr	3	33.33333333333333
FAM129B	1	EurAmr	2	50
GYLTL1B	1	EurAmr	2	50
HAUS8	1	EurAmr	1	100
HSP90B1	1	EurAmr	3	33.33333333333333
IFITM3	1	EurAmr	1	100
IGHV1-58	1	EurAmr	2	50
IL18RAP	1	EurAmr	2	50
INPP5J	1	EurAmr	2	50
KIAA0922	1	EurAmr	3	33.33333333333333
KIR3DL3	1	EurAmr	3	33.33333333333333
KRAS	1	EurAmr	118	0.847457627118644
LILRA2	1	EurAmr	2	50
NBPF11	1	EurAmr	3	33.33333333333333
NCAPD3	1	EurAmr	3	33.33333333333333
NEU4	1	EurAmr	2	50
NOD2	1	EurAmr	3	33.33333333333333
NRXN2	1	EurAmr	4	25
POM121C	1	EurAmr	2	50
PROKR1	1	EurAmr	2	50
PRRC2A	1	EurAmr	2	50
PTPRE	1	EurAmr	4	25
REV1	1	EurAmr	2	50
RINT1	1	EurAmr	2	50
SLC32A1	1	EurAmr	2	50
SMAD4	1	EurAmr	27	3.7037037037037033
SNTG2	1	EurAmr	3	33.33333333333333
SRCIN1	1	EurAmr	3	33.33333333333333
SYBU	1	EurAmr	1	100
TMEM26	1	EurAmr	2	50
TP53	1	EurAmr	80	1.25
USP35	1	EurAmr	3	33.33333333333333
ZNF804A	1	EurAmr	3	33.33333333333333
ACSL4	1	EurAmr	1	100
ADGRB2	1	EurAmr	4	25
AOC3	1	EurAmr	2	50
APOB	1	EurAmr	5	20
ATG2B	1	EurAmr	4	25
ATP2C2	1	EurAmr	2	50
AXIN1	1	EurAmr	3	33.33333333333333
CATSPERG	1	EurAmr	2	50
CDH23	1	EurAmr	3	33.33333333333333
CERCAM	1	EurAmr	2	50
CSMD1	1	EurAmr	6	16.666666666666664
CXorf21	1	EurAmr	2	50
DGCR2	1	EurAmr	2	50
FLT1	1	EurAmr	3	33.33333333333333
FSD2	1	EurAmr	2	50
FTMT	1	EurAmr	3	33.33333333333333
KRAS	1	EurAmr	118	0.847457627118644
LGR4	1	EurAmr	1	100
LHCGR	1	EurAmr	2	50
MTUS2	1	EurAmr	6	16.666666666666664
MYO16	1	EurAmr	6	16.666666666666664
NAPG	1	EurAmr	1	100
NXNL1	1	EurAmr	1	100
PTGER2	1	EurAmr	1	100
RNF220	1	EurAmr	2	50
RREB1	1	EurAmr	8	12.5
SGK223	1	EurAmr	2	50
SLC39A12	1	EurAmr	3	33.33333333333333
SPTA1	1	EurAmr	5	20
SYNPO2	1	EurAmr	3	33.33333333333333
TMEM215	1	EurAmr	2	50
TP53	1	EurAmr	80	1.25
TTN	1	EurAmr	24	4.166666666666666
VSTM4	1	EurAmr	2	50
WDR62	1	EurAmr	2	50
ADSS	1	EurAmr	2	50
AFF2	1	EurAmr	5	20
AGBL2	1	EurAmr	3	33.33333333333333
APCDD1	1	EurAmr	3	33.33333333333333
ATP10A	2	EurAmr	7	28.57142857142857
ATP13A4	1	EurAmr	1	100
C11orf40	1	EurAmr	1	100
C1orf127	1	EurAmr	2	50
CCDC102A	1	EurAmr	1	100
CNOT3	1	EurAmr	2	50
CPXM2	1	EurAmr	2	50
DCAF8	1	EurAmr	2	50
DMRT3	1	EurAmr	2	50
ESR2	1	EurAmr	3	33.33333333333333
GJC1	1	EurAmr	2	50
KCNH6	1	EurAmr	3	33.33333333333333
KIF1A	1	EurAmr	6	16.666666666666664
KRAS	1	EurAmr	118	0.847457627118644
KRTAP19-3	1	EurAmr	1	100
KRTAP4-2	1	EurAmr	1	100
LRP1	1	EurAmr	6	16.666666666666664
MAK	1	EurAmr	1	100
MAP2K4	1	EurAmr	3	33.33333333333333
MDM1	1	EurAmr	3	33.33333333333333
NPFFR1	1	EurAmr	1	100
NRXN2	1	EurAmr	4	25
NTM	1	EurAmr	2	50
OR4D5	1	EurAmr	3	33.33333333333333
OR8B12	1	EurAmr	3	33.33333333333333
PARD3	1	EurAmr	2	50
PARP12	1	EurAmr	1	100
PCDHA2	1	EurAmr	4	25
ROCK1	1	EurAmr	4	25
TP53	1	EurAmr	80	1.25
TRDJ3	1	EurAmr	1	100
ZNF114	1	EurAmr	4	25
ACSM3	1	EurAmr	2	50
ADAMTS18	1	EurAmr	4	25
ADAMTS19	1	EurAmr	4	25
ATP10A	1	EurAmr	7	14.285714285714285
BEGAIN	1	EurAmr	1	100
BRINP3	1	EurAmr	3	33.33333333333333
CDIPT	1	EurAmr	2	50
CLEC1B	1	EurAmr	2	50
DSCAM	1	EurAmr	7	14.285714285714285
ENPP4	1	EurAmr	2	50
EPHA8	1	EurAmr	5	20
FEM1B	1	EurAmr	1	100
FOXD4L5	1	EurAmr	1	100
FOXD4L6	1	EurAmr	1	100
GBA	1	EurAmr	3	33.33333333333333
KANSL1L	1	EurAmr	2	50
KCTD16	1	EurAmr	1	100
KRAS	1	EurAmr	118	0.847457627118644
MEF2C	1	EurAmr	1	100
MX2	1	EurAmr	2	50
MYOM1	1	EurAmr	2	50
NRXN3	1	EurAmr	5	20
NTF3	1	EurAmr	3	33.33333333333333
OR4Q3	1	EurAmr	2	50
PHACTR3	1	EurAmr	2	50
PKD1L1	1	EurAmr	4	25
PROL1	1	EurAmr	1	100
PSG11	1	EurAmr	2	50
PSG8	1	EurAmr	3	33.33333333333333
RBM45	1	EurAmr	2	50
RHOA	1	EurAmr	2	50
RNF165	1	EurAmr	1	100
ROCK1	1	EurAmr	4	25
SEPT7	1	EurAmr	1	100
SYNE2	1	EurAmr	5	20
TCF7L1	1	EurAmr	2	50
TIGD2	1	EurAmr	3	33.33333333333333
TMEM178A	1	EurAmr	1	100
TNNI3	1	EurAmr	2	50
ZNF546	1	EurAmr	3	33.33333333333333
ABCA12	1	EurAmr	4	25
ACLY	1	EurAmr	2	50
ADAMTSL4	1	EurAmr	5	20
ALG1L	1	EurAmr	1	100
ARHGAP44	1	EurAmr	1	100
CAND2	1	EurAmr	2	50
CGRRF1	1	EurAmr	2	50
CLCA1	1	EurAmr	2	50
CYP7A1	1	EurAmr	2	50
DHX36	1	EurAmr	3	33.33333333333333
DICER1	1	EurAmr	3	33.33333333333333
DMD	1	EurAmr	4	25
DNAH10	1	EurAmr	6	16.666666666666664
EMP3	1	EurAmr	1	100
GBA3	1	EurAmr	3	33.33333333333333
HAUS5	1	EurAmr	3	33.33333333333333
HIST3H3	1	EurAmr	1	100
IL4R	1	EurAmr	3	33.33333333333333
INADL	1	EurAmr	2	50
KDM3A	1	EurAmr	2	50
KRAS	1	EurAmr	118	0.847457627118644
LILRB1	1	EurAmr	4	25
LRRC17	1	EurAmr	1	100
MCF2L	1	EurAmr	3	33.33333333333333
MEF2D	1	EurAmr	2	50
MKRN3	1	EurAmr	2	50
MORC1	1	EurAmr	2	50
MYH11	1	EurAmr	3	33.33333333333333
NLRP9	1	EurAmr	4	25
NOL4	1	EurAmr	3	33.33333333333333
OR9A4	1	EurAmr	1	100
PCBP3	1	EurAmr	3	33.33333333333333
PCDHB13	1	EurAmr	4	25
PLD5	1	EurAmr	3	33.33333333333333
PPP2R1B	1	EurAmr	3	33.33333333333333
PREX2	1	EurAmr	3	33.33333333333333
SDR39U1	1	EurAmr	1	100
SLC35B2	1	EurAmr	1	100
TAP1	1	EurAmr	2	50
TBC1D9	1	EurAmr	4	25
TIAM2	1	EurAmr	3	33.33333333333333
TNFRSF1B	1	EurAmr	2	50
TP53	1	EurAmr	80	1.25
TRIM42	1	EurAmr	4	25
TSHZ3	2	EurAmr	4	50
TTN	1	EurAmr	24	4.166666666666666
UBTFL1	1	EurAmr	1	100
USP10	1	EurAmr	2	50
UTRN	1	EurAmr	3	33.33333333333333
WNT3A	1	EurAmr	4	25
XKR4	1	EurAmr	1	100
ZFHX4	1	EurAmr	7	14.285714285714285
ATP8B2	1	EurAmr	3	33.33333333333333
AVP	1	EurAmr	2	50
BAP1	1	EurAmr	1	100
BCHE	1	EurAmr	2	50
BEND4	1	EurAmr	1	100
BSN	1	EurAmr	2	50
CD81	1	EurAmr	2	50
CILP2	1	EurAmr	3	33.33333333333333
DCLK3	1	EurAmr	3	33.33333333333333
DNAH10	1	EurAmr	6	16.666666666666664
EBF2	1	EurAmr	1	100
FAM19A2	1	EurAmr	1	100
FBXO33	1	EurAmr	1	100
FGF6	1	EurAmr	2	50
FZD7	1	EurAmr	2	50
GRIN2B	1	EurAmr	4	25
HAS1	1	EurAmr	2	50
HECW2	1	EurAmr	7	14.285714285714285
KCNB2	1	EurAmr	7	14.285714285714285
KRAS	1	EurAmr	118	0.847457627118644
LRRC37A3	1	EurAmr	1	100
MYRF	1	EurAmr	4	25
NIPBL	1	EurAmr	2	50
NPY4R	1	EurAmr	1	100
ODF2	1	EurAmr	2	50
OXCT2	1	EurAmr	2	50
PRAM1	1	EurAmr	2	50
PRDM10	1	EurAmr	2	50
PTPN1	1	EurAmr	1	100
RBM28	1	EurAmr	2	50
RELN	1	EurAmr	7	14.285714285714285
SAMM50	1	EurAmr	2	50
SGSM1	1	EurAmr	4	25
SLC22A16	1	EurAmr	1	100
SLC7A7	1	EurAmr	2	50
SMCHD1	1	EurAmr	3	33.33333333333333
SPINK5	1	EurAmr	2	50
THADA	1	EurAmr	3	33.33333333333333
TIGD2	1	EurAmr	3	33.33333333333333
TP53	1	EurAmr	80	1.25
UBE2F	1	EurAmr	1	100
VARS	1	EurAmr	2	50
VWA7	1	EurAmr	2	50
ZNF560	1	EurAmr	1	100
ZSCAN18	1	EurAmr	4	25
ACSS3	1	EurAmr	4	25
AFF2	1	EurAmr	5	20
ALDOB	1	EurAmr	2	50
ANXA1	1	EurAmr	3	33.33333333333333
ASTN1	1	EurAmr	6	16.666666666666664
CCDC40	1	EurAmr	2	50
CDKN2A	1	EurAmr	15	6.666666666666667
CUL1	1	EurAmr	3	33.33333333333333
DNAH5	1	EurAmr	4	25
FAM169B	1	EurAmr	2	50
GABRA6	1	EurAmr	2	50
IL4R	1	EurAmr	3	33.33333333333333
KALRN	1	EurAmr	2	50
KCNQ3	1	EurAmr	3	33.33333333333333
KRAS	1	EurAmr	118	0.847457627118644
LDLRAD4	1	EurAmr	2	50
LRRIQ3	1	EurAmr	2	50
NUP62	1	EurAmr	2	50
OMD	1	EurAmr	1	100
P3H3	1	EurAmr	2	50
PRKD2	1	EurAmr	2	50
RASA2	1	EurAmr	2	50
RASGRF1	1	EurAmr	3	33.33333333333333
RBM10	1	EurAmr	3	33.33333333333333
RNF152	1	EurAmr	2	50
RYR1	1	EurAmr	8	12.5
SETD5	1	EurAmr	2	50
SPERT	1	EurAmr	2	50
ST6GALNAC6	1	EurAmr	2	50
SULT2B1	1	EurAmr	1	100
TP53	1	EurAmr	80	1.25
TPO	1	EurAmr	7	14.285714285714285
TTC37	1	EurAmr	2	50
UBL7	1	EurAmr	1	100
WNT2	1	EurAmr	2	50
ZC3H12C	1	EurAmr	2	50
ZFYVE26	1	EurAmr	4	25
ZNF385B	1	EurAmr	2	50
ZNF536	1	EurAmr	3	33.33333333333333
AJAP1	1	EurAmr	4	25
APBA2	1	EurAmr	6	16.666666666666664
AVP	1	EurAmr	2	50
CILP2	1	EurAmr	3	33.33333333333333
DCAF8L2	1	EurAmr	2	50
DOCK1	1	EurAmr	3	33.33333333333333
EEF2	1	EurAmr	2	50
EEPD1	1	EurAmr	2	50
EML1	1	EurAmr	4	25
FAM13B	1	EurAmr	3	33.33333333333333
FIGN	1	EurAmr	2	50
FZD10	1	EurAmr	4	25
HIST1H2AC	1	EurAmr	2	50
HPSE2	1	EurAmr	2	50
INPP4B	1	EurAmr	2	50
KHDC1L	1	EurAmr	1	100
KRAS	1	EurAmr	118	0.847457627118644
MACF1	1	EurAmr	7	14.285714285714285
MAGEB1	1	EurAmr	2	50
MCF2	1	EurAmr	2	50
MED13L	1	EurAmr	2	50
METTL25	1	EurAmr	1	100
NLGN4X	1	EurAmr	1	100
OR1L1	1	EurAmr	2	50
OR5P2	1	EurAmr	2	50
OTOGL	1	EurAmr	2	50
PCDHA8	1	EurAmr	3	33.33333333333333
PCDHGB7	1	EurAmr	4	25
PDE4C	1	EurAmr	2	50
PEG3	1	EurAmr	6	16.666666666666664
PI15	1	EurAmr	2	50
PPFIA2	1	EurAmr	3	33.33333333333333
PRAF2	1	EurAmr	1	100
PRDM13	1	EurAmr	2	50
RERE	1	EurAmr	2	50
SMAD4	1	EurAmr	27	3.7037037037037033
SNCAIP	1	EurAmr	2	50
THBS4	1	EurAmr	3	33.33333333333333
TP53	1	EurAmr	80	1.25
WNT10B	1	EurAmr	1	100
ABCC2	1	EurAmr	3	33.33333333333333
AIFM1	1	EurAmr	2	50
ALPK3	1	EurAmr	2	50
ATF7IP2	1	EurAmr	2	50
B3GAT1	1	EurAmr	3	33.33333333333333
BARD1	1	EurAmr	2	50
BTBD3	1	EurAmr	1	100
C10orf71	1	EurAmr	3	33.33333333333333
C11orf87	1	EurAmr	2	50
C12orf66	1	EurAmr	2	50
CARD11	1	EurAmr	3	33.33333333333333
CHEK2	1	EurAmr	2	50
CHRNB4	1	EurAmr	2	50
CRISPLD1	1	EurAmr	2	50
CSTF2T	1	EurAmr	1	100
DAAM1	1	EurAmr	3	33.33333333333333
DLD	1	EurAmr	2	50
DNAJC13	1	EurAmr	3	33.33333333333333
ENPP2	1	EurAmr	2	50
EP300	1	EurAmr	4	25
F5	1	EurAmr	4	25
FAM135B	1	EurAmr	3	33.33333333333333
FASTKD1	1	EurAmr	2	50
FAT2	1	EurAmr	5	20
GBA	1	EurAmr	3	33.33333333333333
GNA15	1	EurAmr	2	50
GOT1	1	EurAmr	2	50
HECTD4	1	EurAmr	3	33.33333333333333
HMCN1	1	EurAmr	7	14.285714285714285
IGSF22	1	EurAmr	3	33.33333333333333
JAK2	1	EurAmr	2	50
KRAS	1	EurAmr	118	0.847457627118644
KRTAP11-1	1	EurAmr	3	33.33333333333333
LCMT2	1	EurAmr	2	50
MARK2	1	EurAmr	2	50
MED1	1	EurAmr	2	50
MEX3B	1	EurAmr	3	33.33333333333333
MLK4	1	EurAmr	4	25
MUC16	1	EurAmr	15	6.666666666666667
NCF4	1	EurAmr	1	100
NKAPL	1	EurAmr	2	50
NLGN4Y	1	EurAmr	1	100
OSBPL6	1	EurAmr	3	33.33333333333333
PCDHGB7	1	EurAmr	4	25
PGBD5	1	EurAmr	2	50
PHF3	1	EurAmr	2	50
PLXNB1	1	EurAmr	3	33.33333333333333
PRX	1	EurAmr	3	33.33333333333333
RAB11FIP1	1	EurAmr	2	50
RCAN3	1	EurAmr	2	50
RP1	1	EurAmr	6	16.666666666666664
RREB1	1	EurAmr	8	12.5
SLC6A17	1	EurAmr	2	50
SMAD4	1	EurAmr	27	3.7037037037037033
SNX27	1	EurAmr	2	50
SYNDIG1	1	EurAmr	2	50
TAS2R4	1	EurAmr	1	100
TGFBR2	1	EurAmr	6	16.666666666666664
TP53	1	EurAmr	80	1.25
TRPM1	1	EurAmr	4	25
TRPM2	1	EurAmr	3	33.33333333333333
ZNF317	1	EurAmr	2	50
AACS	1	EurAmr	2	50
APOBR	1	EurAmr	2	50
ATP2A2	1	EurAmr	2	50
ATXN7L2	1	EurAmr	2	50
AVIL	1	EurAmr	2	50
BCOR	1	EurAmr	3	33.33333333333333
CDYL2	1	EurAmr	3	33.33333333333333
CLCNKA	1	EurAmr	2	50
COG3	1	EurAmr	2	50
COL2A1	1	EurAmr	3	33.33333333333333
CPM	1	EurAmr	1	100
CSMD2	1	EurAmr	8	12.5
DCHS1	1	EurAmr	6	16.666666666666664
ENPP5	1	EurAmr	2	50
FERMT1	1	EurAmr	2	50
GLI3	1	EurAmr	8	12.5
HECW1	1	EurAmr	5	20
HMGB4	1	EurAmr	1	100
KRAS	1	EurAmr	118	0.847457627118644
LRRN2	1	EurAmr	3	33.33333333333333
MAGT1	1	EurAmr	2	50
MEX3B	1	EurAmr	3	33.33333333333333
NRROS	1	EurAmr	3	33.33333333333333
OCM	1	EurAmr	1	100
PCDH15	1	EurAmr	7	14.285714285714285
PIK3C2B	1	EurAmr	2	50
PIK3CA	1	EurAmr	4	25
PLEKHA4	1	EurAmr	3	33.33333333333333
PSG6	1	EurAmr	4	25
RAD17	1	EurAmr	1	100
SDK1	1	EurAmr	7	14.285714285714285
SEPT12	1	EurAmr	1	100
SLC6A5	1	EurAmr	3	33.33333333333333
SPTBN2	1	EurAmr	2	50
SVIP	1	EurAmr	1	100
THSD7B	1	EurAmr	4	25
TNFRSF10C	1	EurAmr	1	100
TP53	1	EurAmr	80	1.25
TTLL9	1	EurAmr	1	100
TTN	2	EurAmr	24	8.333333333333332
ZNF618	1	EurAmr	1	100
AP1B1	1	EurAmr	2	50
ARID1A	1	EurAmr	5	20
CLEC1B	1	EurAmr	2	50
CTNNB1	1	EurAmr	3	33.33333333333333
DCHS2	1	EurAmr	4	25
DGUOK	1	EurAmr	1	100
DISP2	1	EurAmr	2	50
DNAH3	1	EurAmr	3	33.33333333333333
DSPP	1	EurAmr	1	100
FAT2	1	EurAmr	5	20
GDI2	1	EurAmr	2	50
GMPPA	1	EurAmr	2	50
IL2RA	1	EurAmr	2	50
KIF26B	1	EurAmr	3	33.33333333333333
KRAS	1	EurAmr	118	0.847457627118644
LIAS	1	EurAmr	1	100
LNX2	1	EurAmr	2	50
LONRF3	1	EurAmr	2	50
MAP3K4	1	EurAmr	2	50
MPZL1	1	EurAmr	1	100
MRPL35	1	EurAmr	1	100
NDUFA4	1	EurAmr	1	100
NEURL4	1	EurAmr	3	33.33333333333333
NUP153	1	EurAmr	3	33.33333333333333
PTPRE	1	EurAmr	4	25
RAB6B	1	EurAmr	2	50
RING1	1	EurAmr	2	50
SCFD2	1	EurAmr	2	50
SOX5	1	EurAmr	2	50
SUN1	1	EurAmr	2	50
TGFBR1	1	EurAmr	5	20
TNIK	1	EurAmr	3	33.33333333333333
TNPO3	1	EurAmr	1	100
TXNRD1	1	EurAmr	1	100
ZNF276	1	EurAmr	1	100
ABCG5	1	EurAmr	2	50
ACSS1	1	EurAmr	3	33.33333333333333
ADAM23	1	EurAmr	3	33.33333333333333
ADAMTS5	1	EurAmr	4	25
ADCYAP1	1	EurAmr	1	100
ADGRE2	1	EurAmr	2	50
ADRA1A	1	EurAmr	2	50
AGBL5	1	EurAmr	2	50
AMPD1	1	EurAmr	3	33.33333333333333
ANK3	1	EurAmr	5	20
BEND2	1	EurAmr	4	25
BIN1	1	EurAmr	1	100
C21orf2	1	EurAmr	1	100
C5orf49	1	EurAmr	2	50
CCDC170	1	EurAmr	3	33.33333333333333
CHRNA1	1	EurAmr	2	50
CHST6	1	EurAmr	2	50
COL6A2	1	EurAmr	8	12.5
DLGAP4	1	EurAmr	3	33.33333333333333
EP400	1	EurAmr	2	50
ETNPPL	1	EurAmr	1	100
FBN1	1	EurAmr	4	25
FLT1	1	EurAmr	3	33.33333333333333
FMN2	1	EurAmr	4	25
FMO2	1	EurAmr	2	50
FOXI2	1	EurAmr	2	50
FSTL4	1	EurAmr	2	50
GLT6D1	1	EurAmr	2	50
HECTD4	1	EurAmr	3	33.33333333333333
ITSN1	1	EurAmr	2	50
JAKMIP3	1	EurAmr	2	50
KANK2	1	EurAmr	2	50
KCNT1	1	EurAmr	3	33.33333333333333
KRAS	1	EurAmr	118	0.847457627118644
LAS1L	1	EurAmr	1	100
LINGO2	1	EurAmr	2	50
LRP3	1	EurAmr	2	50
LRTM2	1	EurAmr	1	100
MMRN2	1	EurAmr	2	50
MTUS2	1	EurAmr	6	16.666666666666664
NACC2	1	EurAmr	2	50
NEFL	1	EurAmr	1	100
NOS1	1	EurAmr	5	20
NRBP1	1	EurAmr	2	50
NUP54	1	EurAmr	2	50
OBSCN	1	EurAmr	7	14.285714285714285
OR2J3	1	EurAmr	1	100
OR8B12	1	EurAmr	3	33.33333333333333
OSBPL10	1	EurAmr	2	50
PCDHB2	1	EurAmr	3	33.33333333333333
PCSK4	1	EurAmr	2	50
PEX5L	1	EurAmr	2	50
PRAMEF11	1	EurAmr	3	33.33333333333333
RAP1GDS1	1	EurAmr	2	50
RBBP8	1	EurAmr	3	33.33333333333333
RSBN1L	1	EurAmr	1	100
SARDH	1	EurAmr	2	50
SDK2	1	EurAmr	3	33.33333333333333
SDPR	1	EurAmr	2	50
SEMA6C	1	EurAmr	2	50
SENP7	1	EurAmr	2	50
SETD2	1	EurAmr	1	100
SHKBP1	1	EurAmr	2	50
SLC45A4	1	EurAmr	4	25
SLIT3	1	EurAmr	2	50
SOX8	1	EurAmr	1	100
SPX	1	EurAmr	1	100
SPZ1	1	EurAmr	2	50
SRP72	1	EurAmr	2	50
THAP2	1	EurAmr	2	50
TTN	2	EurAmr	24	8.333333333333332
WDR17	1	EurAmr	4	25
WHSC1L1	1	EurAmr	2	50
XXYLT1	1	EurAmr	2	50
ZFHX3	1	EurAmr	3	33.33333333333333
ZNF799	1	EurAmr	1	100
ANKRD26	1	EurAmr	3	33.33333333333333
ARNT2	1	EurAmr	2	50
B3GAT1	1	EurAmr	3	33.33333333333333
BRF1	1	EurAmr	2	50
C2orf71	1	EurAmr	4	25
CACNA1C	1	EurAmr	4	25
COL6A1	1	EurAmr	3	33.33333333333333
COL6A5	1	EurAmr	3	33.33333333333333
CR2	1	EurAmr	5	20
DHTKD1	1	EurAmr	1	100
DYTN	1	EurAmr	1	100
EBF3	1	EurAmr	1	100
FZD10	1	EurAmr	4	25
GPT2	1	EurAmr	2	50
HRC	1	EurAmr	2	50
IGKV2D-28	2	EurAmr	1	200
IL31RA	1	EurAmr	2	50
KIAA0895	1	EurAmr	3	33.33333333333333
KLHL40	1	EurAmr	3	33.33333333333333
KRAS	1	EurAmr	118	0.847457627118644
KRT39	1	EurAmr	3	33.33333333333333
MYEOV	1	EurAmr	1	100
NFE2L2	1	EurAmr	1	100
OLFML2A	1	EurAmr	2	50
PC	1	EurAmr	2	50
PCDHGA11	1	EurAmr	2	50
PLCE1	1	EurAmr	4	25
PLXDC2	1	EurAmr	2	50
PPP2R5A	1	EurAmr	2	50
PTCHD3	1	EurAmr	3	33.33333333333333
PXDN	1	EurAmr	5	20
RGPD2	1	EurAmr	1	100
SHC4	1	EurAmr	1	100
SLC22A11	1	EurAmr	2	50
SLC8A2	1	EurAmr	4	25
SLC9A3R2	1	EurAmr	2	50
SPTB	1	EurAmr	3	33.33333333333333
TERT	1	EurAmr	2	50
TP53	1	EurAmr	80	1.25
XIRP2	1	EurAmr	4	25
ZDBF2	1	EurAmr	4	25
ZMYM3	1	EurAmr	4	25
ALOX15B	1	EurAmr	1	100
ANO3	1	EurAmr	4	25
AP2B1	1	EurAmr	2	50
ATG2B	1	EurAmr	4	25
C11orf63	1	EurAmr	2	50
COL5A1	1	EurAmr	7	14.285714285714285
CPA2	1	EurAmr	1	100
CPEB1	1	EurAmr	2	50
CSMD2	1	EurAmr	8	12.5
DFNB59	1	EurAmr	2	50
FAM208A	1	EurAmr	3	33.33333333333333
FAT3	1	EurAmr	8	12.5
FOCAD	1	EurAmr	2	50
GLI1	1	EurAmr	3	33.33333333333333
GPR68	1	EurAmr	1	100
HOXA9	1	EurAmr	3	33.33333333333333
KCNJ2	1	EurAmr	2	50
KRAS	1	EurAmr	118	0.847457627118644
KRT12	1	EurAmr	2	50
KRT15	1	EurAmr	2	50
MEFV	1	EurAmr	5	20
MMEL1	1	EurAmr	3	33.33333333333333
MMP9	1	EurAmr	2	50
NONO	1	EurAmr	2	50
NR2F1	1	EurAmr	2	50
PTPRM	1	EurAmr	3	33.33333333333333
QKI	1	EurAmr	2	50
REM1	1	EurAmr	2	50
RNF213	1	EurAmr	10	10
RPGRIP1	1	EurAmr	2	50
ST5	1	EurAmr	2	50
UBA1	1	EurAmr	2	50
ULK4	1	EurAmr	2	50
ADAM22	1	EurAmr	2	50
ADCY1	1	EurAmr	3	33.33333333333333
ADD3	1	EurAmr	2	50
AJAP1	1	EurAmr	4	25
ARAF	1	EurAmr	2	50
ARHGDIB	1	EurAmr	1	100
ARHGEF17	1	EurAmr	4	25
CELSR3	1	EurAmr	5	20
CLCN5	1	EurAmr	1	100
CUX1	1	EurAmr	2	50
DLL1	1	EurAmr	2	50
DUSP6	1	EurAmr	1	100
FCGBP	1	EurAmr	5	20
FLNA	1	EurAmr	5	20
GRID2	1	EurAmr	3	33.33333333333333
HR	1	EurAmr	3	33.33333333333333
IGSF8	1	EurAmr	1	100
IL12B	1	EurAmr	2	50
KLHDC8A	1	EurAmr	3	33.33333333333333
KRAS	1	EurAmr	118	0.847457627118644
LRIF1	1	EurAmr	2	50
LRP1	1	EurAmr	6	16.666666666666664
LRPAP1	1	EurAmr	1	100
MAML2	1	EurAmr	2	50
MAP4K2	1	EurAmr	2	50
MYO9B	1	EurAmr	4	25
N4BP2L2	1	EurAmr	2	50
PANK4	1	EurAmr	2	50
POM121L12	1	EurAmr	3	33.33333333333333
PRTFDC1	1	EurAmr	2	50
PXDN	1	EurAmr	5	20
RAP2B	1	EurAmr	2	50
SOHLH2	1	EurAmr	2	50
TESPA1	1	EurAmr	1	100
TGFBR1	1	EurAmr	5	20
TOPBP1	1	EurAmr	2	50
TP53	1	EurAmr	80	1.25
UGT1A4	1	EurAmr	3	33.33333333333333
XKR7	1	EurAmr	1	100
ZFYVE28	1	EurAmr	2	50
ZNF211	1	EurAmr	2	50
ZNF585A	1	EurAmr	4	25
ADGRG4	1	EurAmr	5	20
ANKMY2	1	EurAmr	1	100
BACH2	1	EurAmr	2	50
BEND5	1	EurAmr	1	100
C2orf71	1	EurAmr	4	25
CACNA1I	1	EurAmr	3	33.33333333333333
CD5L	1	EurAmr	3	33.33333333333333
DCPS	1	EurAmr	2	50
GARS	1	EurAmr	2	50
GFRA2	1	EurAmr	2	50
KCNH7	1	EurAmr	2	50
KRAS	1	EurAmr	118	0.847457627118644
MAT1A	1	EurAmr	1	100
MGAM	1	EurAmr	1	100
MMP1	1	EurAmr	1	100
NBEAL1	1	EurAmr	3	33.33333333333333
NRN1	1	EurAmr	2	50
PIEZO2	1	EurAmr	2	50
PPP1R12C	1	EurAmr	2	50
PRKACA	1	EurAmr	1	100
PSMB1	1	EurAmr	1	100
RANBP3	1	EurAmr	4	25
RPRD2	1	EurAmr	1	100
SAP130	2	EurAmr	2	100
TMEM14B	1	EurAmr	1	100
TP53	1	EurAmr	80	1.25
UNC13B	1	EurAmr	2	50
VAC14	1	EurAmr	3	33.33333333333333
ZBTB45	1	EurAmr	2	50
ZCCHC11	1	EurAmr	3	33.33333333333333
ZNF224	1	EurAmr	2	50
ADAMTSL3	1	EurAmr	4	25
ADGRL2	1	EurAmr	5	20
C1orf168	1	EurAmr	1	100
CPN2	1	EurAmr	3	33.33333333333333
DENND4B	1	EurAmr	2	50
IFFO1	1	EurAmr	2	50
IFRD2	1	EurAmr	1	100
ITIH5	1	EurAmr	3	33.33333333333333
KAT6A	1	EurAmr	4	25
KRAS	1	EurAmr	118	0.847457627118644
LAMA2	1	EurAmr	3	33.33333333333333
MAN2B1	1	EurAmr	2	50
MORC3	1	EurAmr	2	50
MSC	1	EurAmr	2	50
NARS2	1	EurAmr	1	100
NLRP2	1	EurAmr	4	25
PBK	1	EurAmr	1	100
PCDH15	1	EurAmr	7	14.285714285714285
PCDHA9	1	EurAmr	3	33.33333333333333
PROSER3	1	EurAmr	2	50
RBFOX1	1	EurAmr	2	50
RIMS2	1	EurAmr	6	16.666666666666664
RNF213	1	EurAmr	10	10
SGSM1	1	EurAmr	4	25
SMC2	1	EurAmr	3	33.33333333333333
TP53	1	EurAmr	80	1.25
ABHD1	1	EurAmr	2	50
ADCY8	1	EurAmr	4	25
ADGRA3	1	EurAmr	4	25
AFF3	1	EurAmr	3	33.33333333333333
ANKS1A	1	EurAmr	2	50
ANXA11	1	EurAmr	3	33.33333333333333
ARHGAP20	1	EurAmr	3	33.33333333333333
ASIC2	1	EurAmr	2	50
ATG10	1	EurAmr	1	100
ATP6V0A2	1	EurAmr	2	50
BCAT1	1	EurAmr	2	50
BPTF	1	EurAmr	5	20
CCR10	1	EurAmr	2	50
CD300LD	1	EurAmr	1	100
CLEC3A	1	EurAmr	1	100
COQ6	1	EurAmr	1	100
CXorf66	1	EurAmr	1	100
DAO	1	EurAmr	2	50
DENND1A	1	EurAmr	3	33.33333333333333
DHX33	1	EurAmr	2	50
DNAAF2	1	EurAmr	2	50
DNAJB7	1	EurAmr	2	50
DNMT3A	1	EurAmr	5	20
EXD1	1	EurAmr	1	100
FAM184A	1	EurAmr	1	100
FARS2	1	EurAmr	1	100
FAT4	1	EurAmr	5	20
FCN1	1	EurAmr	3	33.33333333333333
FRYL	1	EurAmr	4	25
GNAS	1	EurAmr	9	11.11111111111111
HBE1	1	EurAmr	2	50
HCK	1	EurAmr	1	100
HIATL1	1	EurAmr	2	50
HOXC12	1	EurAmr	1	100
ITPR2	1	EurAmr	4	25
KATNB1	1	EurAmr	2	50
KBTBD12	1	EurAmr	2	50
KIAA0513	1	EurAmr	1	100
KRT6A	1	EurAmr	2	50
LRRK2	1	EurAmr	3	33.33333333333333
MDM1	1	EurAmr	3	33.33333333333333
MGA	1	EurAmr	3	33.33333333333333
MYO10	1	EurAmr	3	33.33333333333333
MYO15A	1	EurAmr	3	33.33333333333333
MYO3B	1	EurAmr	2	50
NCOR2	1	EurAmr	2	50
NELFCD	1	EurAmr	2	50
NLRP13	1	EurAmr	4	25
OR8B8	1	EurAmr	2	50
OTOP3	1	EurAmr	4	25
PEG3	1	EurAmr	6	16.666666666666664
PGAP3	1	EurAmr	1	100
PLD3	1	EurAmr	3	33.33333333333333
PLXNB1	1	EurAmr	3	33.33333333333333
PPP1R3C	1	EurAmr	2	50
PPP1R9A	1	EurAmr	4	25
PTPRH	1	EurAmr	2	50
RAD23B	1	EurAmr	2	50
RANBP2	1	EurAmr	2	50
RBM15	1	EurAmr	3	33.33333333333333
RGS22	1	EurAmr	2	50
SCN5A	1	EurAmr	9	11.11111111111111
SEC62	1	EurAmr	1	100
SERPINB7	1	EurAmr	2	50
SNX7	1	EurAmr	2	50
SPAG17	1	EurAmr	4	25
SVEP1	1	EurAmr	4	25
TCERG1L	1	EurAmr	2	50
TLR2	1	EurAmr	2	50
TMEM108	1	EurAmr	2	50
TOP2A	1	EurAmr	2	50
TRMT13	1	EurAmr	1	100
TSPY1	1	EurAmr	1	100
TUBGCP6	1	EurAmr	3	33.33333333333333
UGT1A4	1	EurAmr	3	33.33333333333333
UGT1A6	1	EurAmr	1	100
USP10	1	EurAmr	2	50
UTP23	1	EurAmr	1	100
WBSCR16	1	EurAmr	1	100
XIRP2	1	EurAmr	4	25
ZBTB7A	1	EurAmr	1	100
ZFYVE1	1	EurAmr	1	100
ZNF302	1	EurAmr	2	50
ZNF611	1	EurAmr	3	33.33333333333333
ZNF707	1	EurAmr	2	50
ADAMTS10	1	EurAmr	2	50
ADPGK	1	EurAmr	2	50
ANKRD13D	1	EurAmr	2	50
ARHGAP15	1	EurAmr	3	33.33333333333333
ARID2	1	EurAmr	3	33.33333333333333
BCAM	1	EurAmr	3	33.33333333333333
BCL11A	1	EurAmr	3	33.33333333333333
BSX	1	EurAmr	1	100
C17orf47	1	EurAmr	1	100
C1orf162	1	EurAmr	2	50
CACNA1C	1	EurAmr	4	25
CC2D2A	1	EurAmr	3	33.33333333333333
CCDC6	1	EurAmr	2	50
CD58	1	EurAmr	1	100
CHD8	1	EurAmr	3	33.33333333333333
CHRNB2	1	EurAmr	2	50
CLCN2	1	EurAmr	2	50
COCH	1	EurAmr	2	50
COL1A1	3	EurAmr	5	60
COL1A2	1	EurAmr	5	20
COL3A1	3	EurAmr	3	100
COMMD8	1	EurAmr	1	100
CRB1	1	EurAmr	2	50
CTC-435M10.3	1	EurAmr	1	100
DEFB119	1	EurAmr	4	25
DLG5	1	EurAmr	2	50
DMAP1	1	EurAmr	2	50
DNAH9	1	EurAmr	3	33.33333333333333
DPP8	1	EurAmr	1	100
DYM	1	EurAmr	2	50
DYRK3	1	EurAmr	2	50
EDAR	1	EurAmr	2	50
EHBP1L1	1	EurAmr	1	100
ELMO3	1	EurAmr	2	50
FAM180A	1	EurAmr	1	100
FASN	1	EurAmr	2	50
FBXW7	1	EurAmr	3	33.33333333333333
FNBP1	1	EurAmr	1	100
FOXI3	1	EurAmr	1	100
FRYL	1	EurAmr	4	25
GATB	1	EurAmr	1	100
GLI3	1	EurAmr	8	12.5
HBE1	1	EurAmr	2	50
HMCES	1	EurAmr	2	50
HMCN1	1	EurAmr	7	14.285714285714285
HRNR	1	EurAmr	3	33.33333333333333
IGF2R	1	EurAmr	3	33.33333333333333
ITGAE	1	EurAmr	2	50
KAT6A	1	EurAmr	4	25
KCNC4	1	EurAmr	2	50
KIAA1467	1	EurAmr	2	50
KIF4B	1	EurAmr	3	33.33333333333333
KLHL11	1	EurAmr	2	50
KLHL38	1	EurAmr	4	25
KMT2A	1	EurAmr	4	25
KRT39	1	EurAmr	3	33.33333333333333
LARS2	1	EurAmr	2	50
LRRC6	1	EurAmr	2	50
LSM14A	1	EurAmr	2	50
LSS	1	EurAmr	2	50
MAGEA4	1	EurAmr	2	50
MAP3K10	1	EurAmr	2	50
MCEMP1	1	EurAmr	1	100
MCM3	1	EurAmr	2	50
MESDC1	1	EurAmr	2	50
MROH6	1	EurAmr	1	100
MRPL48	1	EurAmr	2	50
MYO9B	1	EurAmr	4	25
NCF1	1	EurAmr	1	100
NEK10	1	EurAmr	2	50
NFKBIA	1	EurAmr	2	50
NLRP5	1	EurAmr	3	33.33333333333333
NOL6	1	EurAmr	1	100
NOS2	1	EurAmr	2	50
NSUN5	1	EurAmr	3	33.33333333333333
NTMT1	1	EurAmr	2	50
OCRL	1	EurAmr	2	50
OPRL1	1	EurAmr	1	100
OR10K2	1	EurAmr	2	50
OR1J2	1	EurAmr	2	50
OR6Y1	1	EurAmr	2	50
PHC1	1	EurAmr	1	100
PIGO	1	EurAmr	3	33.33333333333333
PITRM1	1	EurAmr	2	50
PLB1	1	EurAmr	1	100
PLK4	1	EurAmr	2	50
PPOX	1	EurAmr	2	50
PRKDC	1	EurAmr	2	50
PRR22	1	EurAmr	2	50
PTDSS1	1	EurAmr	2	50
RAB3GAP2	1	EurAmr	2	50
RFX3	1	EurAmr	1	100
RHOBTB2	1	EurAmr	2	50
RNF135	1	EurAmr	1	100
RNF38	1	EurAmr	2	50
SCAF8	1	EurAmr	1	100
SHARPIN	1	EurAmr	1	100
SLC17A9	1	EurAmr	2	50
SLC25A13	1	EurAmr	2	50
SLC2A13	1	EurAmr	2	50
SLC3A2	1	EurAmr	1	100
SLC45A4	1	EurAmr	4	25
SLITRK3	1	EurAmr	2	50
SMARCA1	1	EurAmr	1	100
SNX24	1	EurAmr	1	100
SPATA2L	1	EurAmr	3	33.33333333333333
SPG7	1	EurAmr	2	50
SSH3	1	EurAmr	1	100
TAF1L	1	EurAmr	2	50
TAMM41	1	EurAmr	1	100
TAOK1	1	EurAmr	3	33.33333333333333
TBX18	1	EurAmr	1	100
TDG	1	EurAmr	2	50
TDRD7	1	EurAmr	1	100
TIMP1	1	EurAmr	1	100
TMOD1	1	EurAmr	1	100
TNXB	1	EurAmr	5	20
TRAV16	1	EurAmr	2	50
TRIML1	1	EurAmr	2	50
TRMT61A	1	EurAmr	2	50
TSNARE1	1	EurAmr	1	100
UBE2Q1	1	EurAmr	1	100
VPS13B	1	EurAmr	4	25
WDR83	1	EurAmr	2	50
ZHX1	1	EurAmr	1	100
ZIC5	1	EurAmr	2	50
ZNF318	1	EurAmr	2	50
ZNF514	1	EurAmr	2	50
ZNF556	1	EurAmr	2	50
ZNF615	1	EurAmr	2	50
ZNF812	1	EurAmr	1	100
ZRANB3	1	EurAmr	1	100
ZSCAN5B	1	EurAmr	3	33.33333333333333
AKAP13	1	EurAmr	3	33.33333333333333
ALDH3A2	1	EurAmr	1	100
ANGPTL7	1	EurAmr	1	100
ANKRD28	1	EurAmr	1	100
BNC1	1	EurAmr	2	50
BRWD3	1	EurAmr	3	33.33333333333333
BTG2	1	EurAmr	2	50
CDH11	1	EurAmr	5	20
COL6A2	1	EurAmr	8	12.5
DCAF8L2	1	EurAmr	2	50
DEK	1	EurAmr	2	50
DUOXA2	1	EurAmr	3	33.33333333333333
ENTHD1	1	EurAmr	1	100
EPHB4	1	EurAmr	4	25
ESAM	1	EurAmr	1	100
FANCA	1	EurAmr	3	33.33333333333333
FBXO45	1	EurAmr	2	50
FLNA	1	EurAmr	5	20
GLCE	1	EurAmr	1	100
GREB1	1	EurAmr	5	20
INPP5F	1	EurAmr	2	50
ITGAL	1	EurAmr	1	100
KCNA5	1	EurAmr	5	20
KIF1B	1	EurAmr	2	50
KMT2E	1	EurAmr	4	25
KRAS	1	EurAmr	118	0.847457627118644
KRTAP10-2	1	EurAmr	2	50
MARK1	1	EurAmr	1	100
MAST4	1	EurAmr	2	50
MBTPS1	1	EurAmr	2	50
METTL17	1	EurAmr	2	50
MRPS2	1	EurAmr	2	50
MXRA7	1	EurAmr	1	100
NT5C3B	1	EurAmr	1	100
NXPE4	1	EurAmr	2	50
OR5T3	1	EurAmr	1	100
PALMD	1	EurAmr	1	100
PCDHGA6	1	EurAmr	2	50
PKD1L1	1	EurAmr	4	25
PLEKHH2	1	EurAmr	4	25
PRIM1	1	EurAmr	1	100
RBBP8	1	EurAmr	3	33.33333333333333
RIN2	1	EurAmr	3	33.33333333333333
RNPEP	2	EurAmr	2	100
RSBN1	1	EurAmr	2	50
SIDT2	1	EurAmr	1	100
SLC25A6	1	EurAmr	1	100
SLC2A9	1	EurAmr	2	50
SLC5A1	1	EurAmr	2	50
SMAD4	1	EurAmr	27	3.7037037037037033
SPHK2	1	EurAmr	1	100
ST3GAL2	1	EurAmr	1	100
TAAR9	1	EurAmr	1	100
TCP11L1	1	EurAmr	1	100
THSD4	1	EurAmr	2	50
TOX2	1	EurAmr	6	16.666666666666664
UBR2	1	EurAmr	3	33.33333333333333
ZER1	1	EurAmr	2	50
ZNF174	1	EurAmr	1	100
MKL1	1	EurAmr	2	50
ABCA12	1	EurAmr	4	25
ACE2	1	EurAmr	2	50
ADGRL4	1	EurAmr	3	33.33333333333333
AMOT	1	EurAmr	2	50
ARID2	1	EurAmr	3	33.33333333333333
ATRIP	1	EurAmr	2	50
C14orf39	1	EurAmr	1	100
CACNA1A	1	EurAmr	3	33.33333333333333
CDC14A	1	EurAmr	3	33.33333333333333
CGNL1	1	EurAmr	2	50
COL6A2	1	EurAmr	8	12.5
DYSF	1	EurAmr	5	20
EIF3CL	1	EurAmr	1	100
ERICH3	1	EurAmr	5	20
FCGBP	1	EurAmr	5	20
FLNC	1	EurAmr	6	16.666666666666664
GDF6	1	EurAmr	1	100
GOLPH3	1	EurAmr	3	33.33333333333333
GTF3A	1	EurAmr	2	50
KCNA6	1	EurAmr	6	16.666666666666664
KCNT2	1	EurAmr	2	50
KLK1	2	EurAmr	1	200
KRAS	1	EurAmr	118	0.847457627118644
KRTAP6-1	1	EurAmr	1	100
LRBA	1	EurAmr	3	33.33333333333333
MROH7	1	EurAmr	3	33.33333333333333
MYLPF	1	EurAmr	1	100
NCOR1	1	EurAmr	2	50
NEFH	1	EurAmr	2	50
NLGN3	1	EurAmr	2	50
NLRP4	1	EurAmr	2	50
OR4D5	1	EurAmr	3	33.33333333333333
PCDH9	2	EurAmr	4	50
PHLDB3	1	EurAmr	2	50
PLA1A	1	EurAmr	1	100
RAB3IP	1	EurAmr	2	50
RLTPR	1	EurAmr	2	50
ROBO1	1	EurAmr	3	33.33333333333333
SH2D3C	1	EurAmr	4	25
SPRYD3	1	EurAmr	1	100
TBC1D12	1	EurAmr	1	100
TNRC18	1	EurAmr	2	50
TRIM58	1	EurAmr	4	25
TTN	1	EurAmr	24	4.166666666666666
VRK3	1	EurAmr	1	100
XDH	1	EurAmr	2	50
IGDCC3	1	EurAmr	4	25
CENPT	1	EurAmr	2	50
CPEB4	1	EurAmr	2	50
CTSG	1	EurAmr	3	33.33333333333333
DISC1	1	EurAmr	3	33.33333333333333
GIT2	1	EurAmr	2	50
HOXA3	1	EurAmr	3	33.33333333333333
IFNL1	1	EurAmr	2	50
KANSL1	1	EurAmr	3	33.33333333333333
KCNH1	1	EurAmr	2	50
KRAS	1	EurAmr	118	0.847457627118644
L3HYPDH	1	EurAmr	3	33.33333333333333
LVRN	1	EurAmr	1	100
NAALAD2	1	EurAmr	2	50
NCKAP5	1	EurAmr	4	25
OR51F2	1	EurAmr	1	100
PHACTR1	1	EurAmr	3	33.33333333333333
RAB11FIP5	1	EurAmr	1	100
RASGRF1	1	EurAmr	3	33.33333333333333
SMAD4	1	EurAmr	27	3.7037037037037033
SYT3	1	EurAmr	3	33.33333333333333
TLN2	1	EurAmr	6	16.666666666666664
TRGV4	1	EurAmr	1	100
TRPM6	1	EurAmr	4	25
USH2A	1	EurAmr	8	12.5
ZAN	1	EurAmr	4	25
ZC3H11A	1	EurAmr	1	100
ABCC8	1	EurAmr	3	33.33333333333333
ACTG2	1	EurAmr	2	50
ADAMTS5	1	EurAmr	4	25
ADGRB2	1	EurAmr	4	25
ATPAF1	1	EurAmr	1	100
ATR	1	EurAmr	3	33.33333333333333
BTBD6	1	EurAmr	1	100
CASC5	1	EurAmr	2	50
CCDC28B	1	EurAmr	1	100
CNPY2	1	EurAmr	1	100
COL13A1	1	EurAmr	1	100
COPS7B	1	EurAmr	1	100
CRB2	1	EurAmr	2	50
DNAH10	1	EurAmr	6	16.666666666666664
ENAM	1	EurAmr	2	50
FBN2	1	EurAmr	5	20
GALNT14	1	EurAmr	1	100
GPI	1	EurAmr	3	33.33333333333333
GPR179	1	EurAmr	2	50
HELQ	1	EurAmr	1	100
HS3ST2	1	EurAmr	2	50
IRF7	1	EurAmr	2	50
KLRC3	1	EurAmr	2	50
KRAS	1	EurAmr	118	0.847457627118644
LAMC1	1	EurAmr	1	100
LRRN2	1	EurAmr	3	33.33333333333333
MDGA1	1	EurAmr	2	50
MDGA2	1	EurAmr	2	50
MTUS1	1	EurAmr	2	50
NCBP2L	1	EurAmr	1	100
NLRP5	1	EurAmr	3	33.33333333333333
NRK	1	EurAmr	3	33.33333333333333
OBSCN	1	EurAmr	7	14.285714285714285
OR5L2	1	EurAmr	1	100
P2RY8	1	EurAmr	3	33.33333333333333
PGM2	1	EurAmr	1	100
PRR23B	1	EurAmr	1	100
PRR27	1	EurAmr	2	50
PTGIS	1	EurAmr	2	50
PTPRD	1	EurAmr	2	50
RELN	1	EurAmr	7	14.285714285714285
SFRP2	1	EurAmr	2	50
SI	1	EurAmr	4	25
SLC10A2	1	EurAmr	1	100
SMARCE1	1	EurAmr	2	50
SNX20	1	EurAmr	1	100
STXBP1	1	EurAmr	2	50
TLR6	1	EurAmr	3	33.33333333333333
TP53	1	EurAmr	80	1.25
TRAV34	1	EurAmr	1	100
TRIM37	1	EurAmr	3	33.33333333333333
TRIP12	1	EurAmr	3	33.33333333333333
YTHDF3	1	EurAmr	1	100
ZC2HC1C	1	EurAmr	1	100
ZNF721	1	EurAmr	1	100
ADARB2	1	EurAmr	2	50
COL5A2	1	EurAmr	5	20
KCNA1	1	EurAmr	3	33.33333333333333
KIAA1045	1	EurAmr	3	33.33333333333333
KRAS	1	EurAmr	118	0.847457627118644
LPPR4	1	EurAmr	2	50
NOL4	1	EurAmr	3	33.33333333333333
PBXIP1	1	EurAmr	1	100
RECQL5	1	EurAmr	1	100
SRBD1	1	EurAmr	2	50
TAGLN2	1	EurAmr	1	100
TIMELESS	1	EurAmr	2	50
TMEM132B	1	EurAmr	3	33.33333333333333
TP53	1	EurAmr	80	1.25
USP8	1	EurAmr	5	20
ZFHX4	1	EurAmr	7	14.285714285714285
AP3D1	1	EurAmr	2	50
DHX58	1	EurAmr	2	50
EZR	1	EurAmr	1	100
IFT122	1	EurAmr	3	33.33333333333333
KRAS	1	EurAmr	118	0.847457627118644
LPAR3	1	EurAmr	1	100
MAP7D3	1	EurAmr	3	33.33333333333333
MDN1	1	EurAmr	3	33.33333333333333
PCDHB15	1	EurAmr	2	50
RPH3A	1	EurAmr	2	50
SLC45A2	1	EurAmr	3	33.33333333333333
SLC4A5	1	EurAmr	2	50
SYNE2	1	EurAmr	5	20
TRPS1	1	EurAmr	5	20
TUBGCP6	1	EurAmr	3	33.33333333333333
TULP4	1	EurAmr	3	33.33333333333333
TXNIP	1	EurAmr	2	50
ACE	1	EurAmr	2	50
ACTL9	1	EurAmr	5	20
ADGRL4	1	EurAmr	3	33.33333333333333
AHR	1	EurAmr	1	100
AREL1	1	EurAmr	2	50
ASTN1	1	EurAmr	6	16.666666666666664
CALN1	1	EurAmr	2	50
CDH8	1	EurAmr	2	50
CDKN2A	1	EurAmr	15	6.666666666666667
CNGA4	1	EurAmr	4	25
CXCR1	1	EurAmr	2	50
DAAM1	1	EurAmr	3	33.33333333333333
DENND5A	1	EurAmr	2	50
DYRK1A	1	EurAmr	3	33.33333333333333
ERBB4	1	EurAmr	2	50
EXD2	1	EurAmr	2	50
GABRA5	1	EurAmr	3	33.33333333333333
GJC3	1	EurAmr	2	50
GPRASP1	1	EurAmr	2	50
HSP90AA1	1	EurAmr	3	33.33333333333333
KIF17	1	EurAmr	2	50
KRAS	1	EurAmr	118	0.847457627118644
KRT84	1	EurAmr	1	100
LGR6	1	EurAmr	1	100
LHFPL2	1	EurAmr	1	100
LRRCC1	1	EurAmr	3	33.33333333333333
MAP1LC3A	1	EurAmr	2	50
MCM2	1	EurAmr	2	50
MIB2	1	EurAmr	1	100
MRPS30	1	EurAmr	2	50
MYH4	1	EurAmr	4	25
NCOA2	1	EurAmr	3	33.33333333333333
NFAM1	1	EurAmr	1	100
NPY5R	1	EurAmr	1	100
ODF1	1	EurAmr	2	50
OR10G9	1	EurAmr	4	25
OR4S1	1	EurAmr	1	100
OR5I1	1	EurAmr	1	100
PCDH15	1	EurAmr	7	14.285714285714285
PPIL1	1	EurAmr	2	50
PPP2R1B	1	EurAmr	3	33.33333333333333
PRIMA1	1	EurAmr	2	50
PSD	1	EurAmr	3	33.33333333333333
PTCH2	1	EurAmr	2	50
PTPRS	1	EurAmr	3	33.33333333333333
RANBP3	1	EurAmr	4	25
RNF182	1	EurAmr	1	100
ROCK1	1	EurAmr	4	25
RP1	1	EurAmr	6	16.666666666666664
SEC31B	1	EurAmr	2	50
SPTA1	1	EurAmr	5	20
STAU2	1	EurAmr	1	100
SUSD1	1	EurAmr	4	25
TCTE1	1	EurAmr	3	33.33333333333333
TENM3	1	EurAmr	6	16.666666666666664
TENM4	1	EurAmr	4	25
TLR4	1	EurAmr	2	50
TOR1AIP1	1	EurAmr	1	100
TRAV9-2	1	EurAmr	1	100
TTI1	1	EurAmr	3	33.33333333333333
WNK4	1	EurAmr	2	50
ZIC1	1	EurAmr	2	50
ABCB5	1	EurAmr	5	20
ABCB7	1	EurAmr	1	100
ADNP	1	EurAmr	3	33.33333333333333
AMY2A	1	EurAmr	2	50
APOB	1	EurAmr	5	20
APOH	1	EurAmr	2	50
ARHGAP6	1	EurAmr	2	50
ARID1A	1	EurAmr	5	20
C1S	1	EurAmr	4	25
CACNA1B	1	EurAmr	7	14.285714285714285
CHST8	1	EurAmr	2	50
CLEC18A	1	EurAmr	1	100
COL16A1	1	EurAmr	2	50
CSAD	1	EurAmr	2	50
CYLC1	1	EurAmr	4	25
CYP26B1	1	EurAmr	1	100
DCAF12L2	1	EurAmr	1	100
DCHS1	1	EurAmr	6	16.666666666666664
DDX31	1	EurAmr	2	50
DNMT1	1	EurAmr	1	100
DOCK7	1	EurAmr	2	50
FCHSD1	1	EurAmr	1	100
HECW2	1	EurAmr	7	14.285714285714285
IGHA2	1	EurAmr	3	33.33333333333333
ISM1	1	EurAmr	2	50
KCNC3	1	EurAmr	1	100
KRAS	1	EurAmr	118	0.847457627118644
LIN7A	1	EurAmr	2	50
LSM4	1	EurAmr	2	50
MAN1B1	1	EurAmr	1	100
MFI2	1	EurAmr	1	100
MTM1	1	EurAmr	1	100
MUC16	2	EurAmr	15	13.333333333333334
MVP	1	EurAmr	2	50
MYBPC1	1	EurAmr	2	50
NCKAP1L	1	EurAmr	2	50
NLGN3	1	EurAmr	2	50
NOD2	1	EurAmr	3	33.33333333333333
ORC1	1	EurAmr	1	100
PINK1	1	EurAmr	1	100
PLTP	1	EurAmr	2	50
PSG9	1	EurAmr	2	50
PTGR2	1	EurAmr	1	100
PTPN6	2	EurAmr	2	100
RASA3	1	EurAmr	3	33.33333333333333
RBBP7	1	EurAmr	1	100
SCN1A	1	EurAmr	3	33.33333333333333
SLC22A7	1	EurAmr	2	50
SLC26A10	1	EurAmr	1	100
SLC4A1	1	EurAmr	2	50
SOX17	1	EurAmr	2	50
STK31	1	EurAmr	3	33.33333333333333
TCTEX1D1	1	EurAmr	2	50
THEMIS2	1	EurAmr	1	100
THOC5	1	EurAmr	2	50
THSD7B	1	EurAmr	4	25
TM7SF3	1	EurAmr	2	50
TMEM208	1	EurAmr	1	100
TP53	1	EurAmr	80	1.25
TRIM49C	1	EurAmr	2	50
TRPC4	1	EurAmr	2	50
ZNF320	1	EurAmr	2	50
ZNF43	1	EurAmr	1	100
ZNF483	1	EurAmr	1	100
ZNF730	1	EurAmr	2	50
CD163L1	1	EurAmr	3	33.33333333333333
CTSG	1	EurAmr	3	33.33333333333333
DNMT3B	1	EurAmr	3	33.33333333333333
ENTPD8	1	EurAmr	3	33.33333333333333
FTHL17	1	EurAmr	2	50
GNAS	1	EurAmr	9	11.11111111111111
HEATR1	1	EurAmr	2	50
IFI44	1	EurAmr	1	100
KAT6A	1	EurAmr	4	25
KCNA1	1	EurAmr	3	33.33333333333333
KLB	1	EurAmr	2	50
LDHC	1	EurAmr	1	100
NSDHL	1	EurAmr	2	50
PCDHGA1	1	EurAmr	3	33.33333333333333
RHOA	1	EurAmr	2	50
SMAD4	1	EurAmr	27	3.7037037037037033
TLE3	1	EurAmr	2	50
USP29	1	EurAmr	1	100
ARMC12	1	EurAmr	2	50
ATP12A	1	EurAmr	5	20
ATP4A	1	EurAmr	3	33.33333333333333
ATP9A	1	EurAmr	3	33.33333333333333
ATR	1	EurAmr	3	33.33333333333333
BANP	1	EurAmr	2	50
BTF3	2	EurAmr	1	200
BZRAP1	1	EurAmr	2	50
C1QTNF6	1	EurAmr	2	50
CABIN1	1	EurAmr	2	50
CTSK	1	EurAmr	1	100
DLL4	1	EurAmr	2	50
DNASE1L1	1	EurAmr	1	100
DPYSL5	1	EurAmr	3	33.33333333333333
ECI2	1	EurAmr	2	50
EPB41L1	1	EurAmr	2	50
GAB3	1	EurAmr	2	50
GNAO1	1	EurAmr	1	100
GPRC5B	1	EurAmr	3	33.33333333333333
HCN4	1	EurAmr	3	33.33333333333333
IGDCC4	1	EurAmr	3	33.33333333333333
KIF3C	1	EurAmr	2	50
KRAS	1	EurAmr	118	0.847457627118644
LRP2	1	EurAmr	4	25
MAGEB1	1	EurAmr	2	50
MUC5B	2	EurAmr	3	66.66666666666666
NEURL4	1	EurAmr	3	33.33333333333333
NUPL2	1	EurAmr	2	50
OBSL1	1	EurAmr	2	50
OTOP3	1	EurAmr	4	25
OTX2	1	EurAmr	2	50
PALLD	1	EurAmr	1	100
PCLO	1	EurAmr	4	25
PPP1R26	1	EurAmr	2	50
RPA2	1	EurAmr	2	50
RSC1A1	1	EurAmr	2	50
RYR3	1	EurAmr	6	16.666666666666664
SASH3	1	EurAmr	1	100
SLC30A7	1	EurAmr	2	50
SLC36A3	1	EurAmr	2	50
STRN3	1	EurAmr	2	50
SYT15	1	EurAmr	1	100
TLN2	1	EurAmr	6	16.666666666666664
TP53	1	EurAmr	80	1.25
TPO	1	EurAmr	7	14.285714285714285
TRPV6	1	EurAmr	2	50
TSSK1B	1	EurAmr	2	50
WNT7A	1	EurAmr	1	100
ZNF628	1	EurAmr	2	50
ZNF71	1	EurAmr	2	50
ZNF804A	1	EurAmr	3	33.33333333333333
ABCA10	1	EurAmr	2	50
ACSS3	1	EurAmr	4	25
ADAMTS14	1	EurAmr	2	50
ANKEF1	1	EurAmr	1	100
ANKRD11	1	EurAmr	4	25
ARHGEF11	1	EurAmr	3	33.33333333333333
ASPM	1	EurAmr	5	20
CAPZA3	1	EurAmr	2	50
CGB5	1	EurAmr	1	100
COL1A2	1	EurAmr	5	20
CSRNP3	1	EurAmr	2	50
DRP2	1	EurAmr	3	33.33333333333333
FN1	1	EurAmr	4	25
HECW1	1	EurAmr	5	20
HSF4	1	EurAmr	3	33.33333333333333
IRS4	1	EurAmr	2	50
IRX4	1	EurAmr	1	100
KCNU1	1	EurAmr	2	50
KRAS	1	EurAmr	118	0.847457627118644
KRT4	1	EurAmr	2	50
LCP1	1	EurAmr	2	50
LRRC43	1	EurAmr	2	50
MYH15	1	EurAmr	4	25
NUDC	1	EurAmr	1	100
OR2T34	1	EurAmr	2	50
PDZD4	1	EurAmr	1	100
POU4F3	1	EurAmr	2	50
PTPRZ1	1	EurAmr	2	50
SNRNP200	1	EurAmr	2	50
SPTBN5	1	EurAmr	5	20
ST18	1	EurAmr	4	25
SYTL4	1	EurAmr	1	100
TBX22	1	EurAmr	2	50
TECTA	1	EurAmr	5	20
TEP1	1	EurAmr	3	33.33333333333333
TFDP3	1	EurAmr	2	50
TP53	1	EurAmr	80	1.25
TRANK1	1	EurAmr	3	33.33333333333333
UNC79	1	EurAmr	3	33.33333333333333
ZNF576	1	EurAmr	1	100
ABCB5	1	EurAmr	5	20
ACVR2A	1	EurAmr	3	33.33333333333333
ALDH4A1	1	EurAmr	2	50
ANXA11	1	EurAmr	3	33.33333333333333
ARX	1	EurAmr	1	100
BEX2	1	EurAmr	1	100
C16orf72	1	EurAmr	2	50
C3	1	EurAmr	3	33.33333333333333
CAPRIN1	1	EurAmr	2	50
CD44	1	EurAmr	3	33.33333333333333
CDKN2A	1	EurAmr	15	6.666666666666667
CEP70	1	EurAmr	1	100
CKAP5	1	EurAmr	2	50
CNGA4	1	EurAmr	4	25
COL9A1	1	EurAmr	2	50
CTR9	1	EurAmr	2	50
DPYS	1	EurAmr	2	50
FCGR2B	1	EurAmr	1	100
GGTLC1	1	EurAmr	1	100
IGHD	1	EurAmr	1	100
INSL4	1	EurAmr	1	100
KRAS	1	EurAmr	118	0.847457627118644
LACE1	1	EurAmr	2	50
LIG1	1	EurAmr	1	100
LRRK2	1	EurAmr	3	33.33333333333333
MACF1	1	EurAmr	7	14.285714285714285
MROH1	1	EurAmr	3	33.33333333333333
NR4A2	1	EurAmr	2	50
PAX1	1	EurAmr	1	100
PDE10A	1	EurAmr	4	25
PRAME	1	EurAmr	1	100
PSG8	1	EurAmr	3	33.33333333333333
PTPRT	1	EurAmr	4	25
RP11-108K14.8	1	EurAmr	2	50
RP11-468E2.1	1	EurAmr	2	50
S1PR2	1	EurAmr	1	100
SH3BP4	1	EurAmr	2	50
SOAT1	1	EurAmr	1	100
SPATC1	1	EurAmr	2	50
SZT2	1	EurAmr	2	50
TMEM145	1	EurAmr	1	100
TP53	1	EurAmr	80	1.25
TPP2	1	EurAmr	3	33.33333333333333
TTN	1	EurAmr	24	4.166666666666666
WWP2	1	EurAmr	2	50
ZC2HC1A	1	EurAmr	2	50
ZKSCAN7	1	EurAmr	2	50
ADAMTS12	1	EurAmr	5	20
ATP10B	1	EurAmr	2	50
BRINP3	1	EurAmr	3	33.33333333333333
CCDC93	1	EurAmr	2	50
CDK5RAP2	1	EurAmr	2	50
CPNE6	1	EurAmr	1	100
DOT1L	1	EurAmr	2	50
FAM47A	1	EurAmr	4	25
GRIK3	1	EurAmr	3	33.33333333333333
KRAS	1	EurAmr	118	0.847457627118644
PSD	1	EurAmr	3	33.33333333333333
RBM15	1	EurAmr	3	33.33333333333333
STAT3	1	EurAmr	2	50
ZBTB22	1	EurAmr	2	50
ARHGAP12	1	EurAmr	2	50
ARL5B	1	EurAmr	1	100
BRINP2	1	EurAmr	2	50
BRWD1	1	EurAmr	4	25
CEP350	1	EurAmr	3	33.33333333333333
CLEC4G	1	EurAmr	2	50
COL24A1	1	EurAmr	4	25
CR1L	1	EurAmr	2	50
CR2	1	EurAmr	5	20
DHRS4	1	EurAmr	1	100
DLX5	1	EurAmr	1	100
ENPP6	1	EurAmr	1	100
EPHA8	1	EurAmr	5	20
FAM129C	1	EurAmr	4	25
FANCD2	1	EurAmr	3	33.33333333333333
GLB1L2	1	EurAmr	2	50
GPR183	1	EurAmr	2	50
GRID1	1	EurAmr	3	33.33333333333333
HSPA6	1	EurAmr	2	50
ITGA1	1	EurAmr	2	50
KIAA1755	2	EurAmr	3	66.66666666666666
KRAS	1	EurAmr	118	0.847457627118644
LRP1B	1	EurAmr	6	16.666666666666664
MACF1	1	EurAmr	7	14.285714285714285
MDM2	1	EurAmr	2	50
MFHAS1	1	EurAmr	1	100
NLRC3	1	EurAmr	2	50
NUDT9	1	EurAmr	1	100
OTUD6B	1	EurAmr	1	100
PLEC	1	EurAmr	6	16.666666666666664
PLEKHA8	1	EurAmr	2	50
PRL	1	EurAmr	3	33.33333333333333
PSD	1	EurAmr	3	33.33333333333333
RP1L1	1	EurAmr	4	25
RSRC2	1	EurAmr	1	100
SEMA4A	1	EurAmr	1	100
SERPINA6	1	EurAmr	1	100
SKAP2	1	EurAmr	1	100
SLC6A20	1	EurAmr	2	50
SON	1	EurAmr	3	33.33333333333333
TLL2	1	EurAmr	3	33.33333333333333
TP53	1	EurAmr	80	1.25
TTN	1	EurAmr	24	4.166666666666666
ZBTB17	1	EurAmr	1	100
ZNF532	1	EurAmr	2	50
ZNF611	1	EurAmr	3	33.33333333333333
ABHD15	1	EurAmr	2	50
ABI2	1	EurAmr	2	50
ADAD2	1	EurAmr	2	50
ADAMTS16	1	EurAmr	5	20
AGAP2	1	EurAmr	1	100
ANKRD30A	1	EurAmr	4	25
APBA2	1	EurAmr	6	16.666666666666664
AXIN1	1	EurAmr	3	33.33333333333333
CCDC116	1	EurAmr	2	50
CCDC61	1	EurAmr	1	100
CDKN2A	1	EurAmr	15	6.666666666666667
CHAT	1	EurAmr	3	33.33333333333333
CHML	1	EurAmr	4	25
CKMT2	1	EurAmr	2	50
CLTCL1	1	EurAmr	3	33.33333333333333
COL4A2	1	EurAmr	4	25
COL5A3	1	EurAmr	4	25
DEFB136	1	EurAmr	1	100
DISC1	1	EurAmr	3	33.33333333333333
DYSF	1	EurAmr	5	20
ERCC2	1	EurAmr	3	33.33333333333333
ERICH3	1	EurAmr	5	20
EYS	1	EurAmr	2	50
FAM179B	1	EurAmr	3	33.33333333333333
FAM47A	1	EurAmr	4	25
FRMPD2	1	EurAmr	3	33.33333333333333
FRMPD3	1	EurAmr	2	50
GABRG2	1	EurAmr	1	100
GJB4	1	EurAmr	1	100
GPR15	1	EurAmr	1	100
GRAMD1A	1	EurAmr	2	50
GRID1	1	EurAmr	3	33.33333333333333
IL1RN	1	EurAmr	2	50
KCNJ4	1	EurAmr	2	50
KCNN1	1	EurAmr	1	100
KDM5B	1	EurAmr	3	33.33333333333333
KIAA1551	1	EurAmr	2	50
KRAS	1	EurAmr	118	0.847457627118644
MAP2K7	1	EurAmr	2	50
MROH5	1	EurAmr	2	50
MSRB3	1	EurAmr	2	50
MTG2	1	EurAmr	3	33.33333333333333
MYLK	1	EurAmr	6	16.666666666666664
MYO18B	1	EurAmr	7	14.285714285714285
NBEAL1	1	EurAmr	3	33.33333333333333
NPAP1	1	EurAmr	3	33.33333333333333
NRXN2	1	EurAmr	4	25
NTF3	2	EurAmr	3	66.66666666666666
NTNG1	1	EurAmr	5	20
OR1A1	1	EurAmr	1	100
OR1D2	1	EurAmr	2	50
OR5L1	1	EurAmr	1	100
PCDH12	1	EurAmr	3	33.33333333333333
PCDH18	1	EurAmr	4	25
PCDHA3	1	EurAmr	4	25
PEAK1	1	EurAmr	2	50
PLD3	1	EurAmr	3	33.33333333333333
POTEE	1	EurAmr	5	20
PRAMEF4	1	EurAmr	2	50
PRL	1	EurAmr	3	33.33333333333333
PRODH2	2	EurAmr	2	100
PRR11	3	EurAmr	1	300
RARRES3	1	EurAmr	2	50
RSU1	1	EurAmr	1	100
RYBP	1	EurAmr	1	100
SAXO1	1	EurAmr	2	50
SEPSECS	1	EurAmr	1	100
SEPT4	1	EurAmr	2	50
SKP2	1	EurAmr	2	50
SLC16A10	1	EurAmr	3	33.33333333333333
TP53	1	EurAmr	80	1.25
TPO	1	EurAmr	7	14.285714285714285
WDR47	1	EurAmr	2	50
ZNF267	1	EurAmr	2	50
ZNF658	1	EurAmr	3	33.33333333333333
ABCC9	1	EurAmr	4	25
ADAMTS12	1	EurAmr	5	20
AGAP6	1	EurAmr	2	50
ASB15	1	EurAmr	2	50
BEST1	1	EurAmr	3	33.33333333333333
BMPR1A	1	EurAmr	2	50
CCDC7	1	EurAmr	2	50
CHST4	1	EurAmr	1	100
COL11A1	1	EurAmr	5	20
CPSF3L	1	EurAmr	1	100
CSMD3	1	EurAmr	7	14.285714285714285
DCHS1	1	EurAmr	6	16.666666666666664
DHRSX	1	EurAmr	2	50
DHX8	1	EurAmr	3	33.33333333333333
DSCAML1	1	EurAmr	6	16.666666666666664
DYSF	1	EurAmr	5	20
F5	1	EurAmr	4	25
FAT2	1	EurAmr	5	20
FGD3	1	EurAmr	1	100
FLT4	1	EurAmr	5	20
FRMPD1	1	EurAmr	3	33.33333333333333
GFER	1	EurAmr	2	50
GNL3	2	EurAmr	2	100
GPM6B	1	EurAmr	1	100
KCNB2	1	EurAmr	7	14.285714285714285
KRAS	1	EurAmr	118	0.847457627118644
KRT37	1	EurAmr	2	50
LTN1	1	EurAmr	2	50
MEGF6	1	EurAmr	4	25
MFAP3L	1	EurAmr	2	50
MKX	1	EurAmr	2	50
MYH7	1	EurAmr	4	25
NTNG1	1	EurAmr	5	20
OR2G3	1	EurAmr	2	50
P4HA1	1	EurAmr	3	33.33333333333333
PACSIN1	1	EurAmr	2	50
PCDHB3	1	EurAmr	4	25
PI4KB	1	EurAmr	1	100
PKN1	1	EurAmr	3	33.33333333333333
PLEKHM1	1	EurAmr	2	50
POM121L12	1	EurAmr	3	33.33333333333333
PSG7	1	EurAmr	4	25
PTCHD2	1	EurAmr	4	25
RIMBP2	1	EurAmr	5	20
RORC	1	EurAmr	2	50
RYR2	1	EurAmr	5	20
SEMA5B	1	EurAmr	2	50
SLCO5A1	1	EurAmr	2	50
SRPK3	1	EurAmr	2	50
STAB2	1	EurAmr	3	33.33333333333333
STS	1	EurAmr	3	33.33333333333333
SULF2	1	EurAmr	2	50
SVEP1	1	EurAmr	4	25
TARS	1	EurAmr	2	50
TP53	1	EurAmr	80	1.25
ZIC3	1	EurAmr	1	100
ZNF141	1	EurAmr	3	33.33333333333333
ZNF681	1	EurAmr	4	25
ZSWIM4	1	EurAmr	2	50
ADAMTS4	1	EurAmr	3	33.33333333333333
ATXN10	1	EurAmr	2	50
CDH11	1	EurAmr	5	20
CDKN2A	1	EurAmr	15	6.666666666666667
COL22A1	1	EurAmr	6	16.666666666666664
DHRS9	1	EurAmr	1	100
DRP2	1	EurAmr	3	33.33333333333333
FAM120C	1	EurAmr	2	50
FGF16	1	EurAmr	1	100
GLTSCR2	1	EurAmr	2	50
GRM1	1	EurAmr	4	25
HNRNPR	1	EurAmr	1	100
KMT2C	1	EurAmr	2	50
KRAS	1	EurAmr	118	0.847457627118644
LYG1	1	EurAmr	2	50
NUDT17	1	EurAmr	2	50
OPN1LW	1	EurAmr	1	100
PASK	1	EurAmr	3	33.33333333333333
RTN4R	1	EurAmr	2	50
SAMD9	1	EurAmr	2	50
SCD5	1	EurAmr	1	100
SH3TC1	1	EurAmr	2	50
SULT4A1	1	EurAmr	1	100
SUSD1	1	EurAmr	4	25
TAF5L	1	EurAmr	3	33.33333333333333
TENM3	1	EurAmr	6	16.666666666666664
TOX2	1	EurAmr	6	16.666666666666664
TP53	1	EurAmr	80	1.25
TRIM58	1	EurAmr	4	25
ADAMTS19	1	EurAmr	4	25
ADAMTS20	1	EurAmr	3	33.33333333333333
AHRR	1	EurAmr	2	50
ANKRD24	1	EurAmr	3	33.33333333333333
ARNTL	1	EurAmr	1	100
BTN3A1	1	EurAmr	3	33.33333333333333
CEP350	2	EurAmr	3	66.66666666666666
CHST11	1	EurAmr	2	50
CNBD1	1	EurAmr	2	50
COL2A1	1	EurAmr	3	33.33333333333333
CUL2	1	EurAmr	1	100
DEFB119	1	EurAmr	4	25
DNAAF3	1	EurAmr	3	33.33333333333333
EPB41L3	1	EurAmr	2	50
ESR2	1	EurAmr	3	33.33333333333333
FGF23	1	EurAmr	2	50
FOXD3	1	EurAmr	3	33.33333333333333
FRY	1	EurAmr	4	25
GPX5	1	EurAmr	2	50
HSPA1B	1	EurAmr	1	100
KCNIP2	1	EurAmr	2	50
KRAS	1	EurAmr	118	0.847457627118644
LRRC45	1	EurAmr	1	100
MATN2	1	EurAmr	3	33.33333333333333
MYH15	1	EurAmr	4	25
NFKBIZ	1	EurAmr	3	33.33333333333333
OR4A47	1	EurAmr	2	50
PAX6	1	EurAmr	1	100
PCDHGB1	1	EurAmr	2	50
PDE3A	1	EurAmr	4	25
PKD1L2	1	EurAmr	3	33.33333333333333
PPP2R3B	1	EurAmr	1	100
SCN5A	1	EurAmr	9	11.11111111111111
SEZ6L	1	EurAmr	3	33.33333333333333
SIPA1	1	EurAmr	2	50
SNX2	1	EurAmr	2	50
SON	1	EurAmr	3	33.33333333333333
SPSB4	1	EurAmr	1	100
SVIL	1	EurAmr	3	33.33333333333333
TAF2	1	EurAmr	2	50
TCF4	1	EurAmr	4	25
TP53	1	EurAmr	80	1.25
UBB	1	EurAmr	1	100
UGP2	1	EurAmr	2	50
XPO7	1	EurAmr	2	50
ZNF648	1	EurAmr	2	50
ANXA11	1	EurAmr	3	33.33333333333333
ASB15	1	EurAmr	2	50
BARHL1	1	EurAmr	1	100
BNC1	1	EurAmr	2	50
BTN1A1	1	EurAmr	2	50
CACNA1S	1	EurAmr	3	33.33333333333333
CHPF2	1	EurAmr	2	50
CLEC18B	1	EurAmr	1	100
COL4A2	1	EurAmr	4	25
DNAH8	1	EurAmr	3	33.33333333333333
EBAG9	1	EurAmr	2	50
EDA2R	1	EurAmr	2	50
FAM53A	1	EurAmr	1	100
FBN2	1	EurAmr	5	20
FOXP3	1	EurAmr	1	100
GABRA2	1	EurAmr	1	100
GATA2	1	EurAmr	2	50
GJA8	1	EurAmr	2	50
GPR173	1	EurAmr	2	50
GRM4	1	EurAmr	2	50
GUCY2C	1	EurAmr	2	50
HECW2	1	EurAmr	7	14.285714285714285
HERC1	1	EurAmr	4	25
HHIPL1	1	EurAmr	2	50
HUNK	1	EurAmr	1	100
KDM4A	1	EurAmr	2	50
KRAS	1	EurAmr	118	0.847457627118644
KRT24	1	EurAmr	2	50
KRT33B	1	EurAmr	1	100
MORC2	1	EurAmr	1	100
MRPS36	1	EurAmr	2	50
NRXN3	1	EurAmr	5	20
OCA2	1	EurAmr	2	50
PCDH18	1	EurAmr	4	25
PCP4	1	EurAmr	1	100
PIF1	1	EurAmr	2	50
POU4F2	1	EurAmr	1	100
PSG3	1	EurAmr	3	33.33333333333333
PTPRA	1	EurAmr	1	100
RNF213	1	EurAmr	10	10
RNF43	1	EurAmr	9	11.11111111111111
RTN2	1	EurAmr	2	50
SDR42E1	1	EurAmr	1	100
SH2D5	1	EurAmr	1	100
SHROOM2	1	EurAmr	2	50
SMAD4	1	EurAmr	27	3.7037037037037033
SRCIN1	1	EurAmr	3	33.33333333333333
SSTR5	1	EurAmr	2	50
TEKT4	1	EurAmr	2	50
TP53	1	EurAmr	80	1.25
TPO	1	EurAmr	7	14.285714285714285
TRIM42	2	EurAmr	4	50
TRPS1	1	EurAmr	5	20
TTLL6	1	EurAmr	2	50
UBXN4	1	EurAmr	2	50
USP36	1	EurAmr	2	50
USP37	1	EurAmr	2	50
XCR1	1	EurAmr	2	50
ZCCHC10	1	EurAmr	1	100
ZFHX4	1	EurAmr	7	14.285714285714285
ZMYM3	2	EurAmr	4	50
ANKDD1A	1	EurAmr	1	100
ARHGAP22	1	EurAmr	1	100
BEST1	1	EurAmr	3	33.33333333333333
CACNA1B	1	EurAmr	7	14.285714285714285
CCT3	1	EurAmr	2	50
CD207	1	EurAmr	2	50
CXCR4	1	EurAmr	3	33.33333333333333
DICER1	1	EurAmr	3	33.33333333333333
EMC10	1	EurAmr	1	100
ESPL1	1	EurAmr	3	33.33333333333333
FAM83H	1	EurAmr	2	50
HRNR	1	EurAmr	3	33.33333333333333
KDELC2	1	EurAmr	2	50
KRAS	1	EurAmr	118	0.847457627118644
MUC6	1	EurAmr	4	25
MYBPH	2	EurAmr	1	200
NDEL1	1	EurAmr	2	50
NEB	1	EurAmr	2	50
NLK	1	EurAmr	2	50
NLRP13	1	EurAmr	4	25
NPAS3	1	EurAmr	2	50
OR2M5	1	EurAmr	2	50
OR5A1	1	EurAmr	2	50
PLEKHG2	1	EurAmr	3	33.33333333333333
PLRG1	1	EurAmr	2	50
PRAMEF17	1	EurAmr	1	100
PRG4	1	EurAmr	3	33.33333333333333
PRTFDC1	1	EurAmr	2	50
RIMS2	1	EurAmr	6	16.666666666666664
RNF40	1	EurAmr	2	50
SERPINF2	1	EurAmr	2	50
SKOR1	1	EurAmr	3	33.33333333333333
SLCO3A1	1	EurAmr	2	50
SLX4	1	EurAmr	2	50
STAB2	1	EurAmr	3	33.33333333333333
STK11	1	EurAmr	3	33.33333333333333
SV2A	1	EurAmr	1	100
TAS2R20	1	EurAmr	1	100
TEX37	1	EurAmr	2	50
TNC	1	EurAmr	4	25
TNFAIP3	1	EurAmr	2	50
TRAV3	1	EurAmr	1	100
TTC13	1	EurAmr	1	100
USH2A	1	EurAmr	8	12.5
WAPAL	1	EurAmr	2	50
ZNF7	1	EurAmr	1	100
ACADM	1	EurAmr	1	100
ANKAR	1	EurAmr	3	33.33333333333333
ARID1A	1	EurAmr	5	20
ASIC1	1	EurAmr	3	33.33333333333333
ASUN	1	EurAmr	2	50
BTRC	1	EurAmr	2	50
C2orf88	1	EurAmr	2	50
CDHR1	1	EurAmr	2	50
CORO1B	1	EurAmr	2	50
CREB3	1	EurAmr	1	100
DEF8	1	EurAmr	2	50
DSCAML1	1	EurAmr	6	16.666666666666664
ECD	1	EurAmr	1	100
EPHB2	1	EurAmr	5	20
GABRG3	1	EurAmr	1	100
HDAC9	1	EurAmr	2	50
IFT46	1	EurAmr	2	50
IKBKB	1	EurAmr	2	50
ITPR2	1	EurAmr	4	25
KCNQ5	1	EurAmr	3	33.33333333333333
KIAA1210	1	EurAmr	3	33.33333333333333
KRAS	1	EurAmr	118	0.847457627118644
KRTAP24-1	1	EurAmr	2	50
LRRC4	1	EurAmr	2	50
MATN1	1	EurAmr	2	50
MCF2L	1	EurAmr	3	33.33333333333333
METAP1	1	EurAmr	2	50
MYF6	1	EurAmr	2	50
MYOM2	1	EurAmr	2	50
NAIP	1	EurAmr	1	100
NBPF26	1	EurAmr	1	100
NPEPPS	1	EurAmr	1	100
NPY1R	1	EurAmr	1	100
OR10H4	1	EurAmr	1	100
OR5M8	1	EurAmr	1	100
OTOGL	1	EurAmr	2	50
PBRM1	1	EurAmr	3	33.33333333333333
PKD2	1	EurAmr	2	50
PLCXD1	1	EurAmr	2	50
PSME4	1	EurAmr	3	33.33333333333333
PZP	1	EurAmr	2	50
RNF43	1	EurAmr	9	11.11111111111111
RPSA	1	EurAmr	2	50
SAMSN1	1	EurAmr	2	50
SATB2	1	EurAmr	2	50
SDK1	1	EurAmr	7	14.285714285714285
SEC31A	1	EurAmr	2	50
SLC10A6	1	EurAmr	2	50
SLC36A2	1	EurAmr	1	100
SMAD4	1	EurAmr	27	3.7037037037037033
SMC2	1	EurAmr	3	33.33333333333333
SORCS2	1	EurAmr	5	20
SPAG16	1	EurAmr	2	50
TLR3	1	EurAmr	2	50
TLR5	1	EurAmr	3	33.33333333333333
TRPM8	1	EurAmr	2	50
TXK	1	EurAmr	2	50
TYRP1	1	EurAmr	2	50
UGGT2	1	EurAmr	2	50
USH2A	1	EurAmr	8	12.5
VWA9	1	EurAmr	1	100
WDR17	1	EurAmr	4	25
ZNF681	1	EurAmr	4	25
ZSCAN1	1	EurAmr	2	50
ZSCAN2	1	EurAmr	1	100
ABCG8	1	EurAmr	1	100
ADGRD1	1	EurAmr	5	20
ALCAM	1	EurAmr	1	100
ASTN2	1	EurAmr	3	33.33333333333333
ATF5	1	EurAmr	1	100
BFSP2	1	EurAmr	2	50
C5orf42	1	EurAmr	2	50
CADM2	1	EurAmr	2	50
CD8B	1	EurAmr	1	100
CELSR1	1	EurAmr	2	50
CFAP36	1	EurAmr	2	50
CNGB1	1	EurAmr	2	50
COL11A1	1	EurAmr	5	20
COL15A1	1	EurAmr	2	50
COL18A1	1	EurAmr	4	25
COL4A2	1	EurAmr	4	25
CUBN	1	EurAmr	4	25
DLGAP2	1	EurAmr	4	25
DNAH11	1	EurAmr	8	12.5
DRC7	1	EurAmr	2	50
DSP	1	EurAmr	2	50
EML1	1	EurAmr	4	25
FARP2	2	EurAmr	2	100
FMNL3	1	EurAmr	3	33.33333333333333
FOLH1	1	EurAmr	2	50
FZD1	1	EurAmr	2	50
GLI2	1	EurAmr	4	25
GRIA1	1	EurAmr	3	33.33333333333333
HCN1	1	EurAmr	3	33.33333333333333
HDHD2	1	EurAmr	2	50
HES6	1	EurAmr	2	50
IRS1	1	EurAmr	4	25
KCNA1	1	EurAmr	3	33.33333333333333
KCNIP2	1	EurAmr	2	50
KIAA1210	1	EurAmr	3	33.33333333333333
KIF1A	1	EurAmr	6	16.666666666666664
KIR3DX1	1	EurAmr	2	50
KRAS	1	EurAmr	118	0.847457627118644
KRTAP5-3	1	EurAmr	1	100
L1CAM	1	EurAmr	1	100
LRBA	1	EurAmr	3	33.33333333333333
LRRC7	1	EurAmr	4	25
MCF2L2	1	EurAmr	1	100
MIB1	1	EurAmr	2	50
MRPL57	1	EurAmr	1	100
MTG2	1	EurAmr	3	33.33333333333333
MUC17	1	EurAmr	7	14.285714285714285
NCKAP5	1	EurAmr	4	25
NELL1	1	EurAmr	2	50
NKX2-4	1	EurAmr	2	50
NLRP12	1	EurAmr	2	50
NTNG2	1	EurAmr	2	50
NUP205	1	EurAmr	2	50
OR2M4	1	EurAmr	4	25
OR4C13	1	EurAmr	1	100
OR4D9	1	EurAmr	1	100
OSGIN1	1	EurAmr	2	50
OTOF	1	EurAmr	3	33.33333333333333
PCDH11X	1	EurAmr	3	33.33333333333333
PCDHGB4	1	EurAmr	2	50
PDE3A	1	EurAmr	4	25
PFKFB4	1	EurAmr	2	50
PGF	1	EurAmr	1	100
PKP2	1	EurAmr	2	50
PLEKHH2	1	EurAmr	4	25
PRR5L	1	EurAmr	2	50
PRRC2C	1	EurAmr	2	50
PSME4	1	EurAmr	3	33.33333333333333
PTPN21	1	EurAmr	2	50
PTPRN2	1	EurAmr	3	33.33333333333333
RBM27	1	EurAmr	2	50
RP1	1	EurAmr	6	16.666666666666664
SLC12A2	1	EurAmr	3	33.33333333333333
SLC2A10	1	EurAmr	2	50
SLC6A1	1	EurAmr	2	50
SLC9A2	1	EurAmr	2	50
SLC9A9	1	EurAmr	1	100
TEX19	1	EurAmr	1	100
TFAP2C	1	EurAmr	1	100
THSD7B	1	EurAmr	4	25
TIAM1	2	EurAmr	4	50
TIAM2	1	EurAmr	3	33.33333333333333
TMEM117	1	EurAmr	2	50
TMEM132E	1	EurAmr	3	33.33333333333333
TNNI3K	1	EurAmr	1	100
TP53	1	EurAmr	80	1.25
TP53BP2	1	EurAmr	2	50
UBA7	1	EurAmr	2	50
VPS13D	1	EurAmr	2	50
ZNF638	1	EurAmr	2	50
ZSCAN10	1	EurAmr	2	50
ADGRF4	1	EurAmr	1	100
ADNP	1	EurAmr	3	33.33333333333333
CACNA1A	1	EurAmr	3	33.33333333333333
CELSR3	1	EurAmr	5	20
CENPJ	1	EurAmr	4	25
FAM8A1	1	EurAmr	1	100
FLRT2	1	EurAmr	3	33.33333333333333
KRAS	1	EurAmr	118	0.847457627118644
LAMB2	1	EurAmr	2	50
MYO9A	1	EurAmr	2	50
OPCML	1	EurAmr	2	50
PCDHA4	1	EurAmr	2	50
PCDHGB6	1	EurAmr	2	50
PDZRN3	1	EurAmr	5	20
PRPS1	1	EurAmr	1	100
SERPINB5	1	EurAmr	1	100
SLCO1B3	1	EurAmr	4	25
SLCO1C1	1	EurAmr	3	33.33333333333333
SPTBN4	1	EurAmr	2	50
SYNJ2	1	EurAmr	2	50
TACC2	1	EurAmr	2	50
TP53	1	EurAmr	80	1.25
TRIM73	1	EurAmr	1	100
UGGT2	1	EurAmr	2	50
VPS29	1	EurAmr	1	100
WNT7B	1	EurAmr	1	100
WTAP	1	EurAmr	1	100
ZNF513	1	EurAmr	2	50
ADAMTS10	1	EurAmr	2	50
ALAS2	1	EurAmr	3	33.33333333333333
ANK3	1	EurAmr	5	20
APPL1	1	EurAmr	2	50
ARHGEF10	1	EurAmr	2	50
ARHGEF17	1	EurAmr	4	25
BEST3	1	EurAmr	2	50
BPIFB1	1	EurAmr	2	50
BVES	1	EurAmr	2	50
CCDC171	1	EurAmr	2	50
CCKAR	1	EurAmr	2	50
CKM	1	EurAmr	2	50
CPE	1	EurAmr	2	50
CRAMP1L	1	EurAmr	1	100
CTSC	1	EurAmr	2	50
CTSF	1	EurAmr	1	100
CYLD	1	EurAmr	1	100
DPP6	1	EurAmr	4	25
DRD2	1	EurAmr	3	33.33333333333333
EFEMP2	1	EurAmr	2	50
ESCO2	1	EurAmr	2	50
FN1	1	EurAmr	4	25
GABRA6	1	EurAmr	2	50
GABRB1	1	EurAmr	4	25
GLI3	1	EurAmr	8	12.5
GLRX3	1	EurAmr	2	50
GTF3C1	1	EurAmr	2	50
IGJ	1	EurAmr	2	50
IL20RA	1	EurAmr	1	100
ING1	1	EurAmr	1	100
INHBA	1	EurAmr	1	100
KLHL28	1	EurAmr	1	100
KRAS	1	EurAmr	118	0.847457627118644
KRT38	1	EurAmr	3	33.33333333333333
LRFN5	1	EurAmr	3	33.33333333333333
LTB4R	1	EurAmr	2	50
MRGPRF	1	EurAmr	1	100
MYH14	1	EurAmr	3	33.33333333333333
MYH6	1	EurAmr	2	50
MYO16	1	EurAmr	6	16.666666666666664
MYRF	1	EurAmr	4	25
NUAK1	1	EurAmr	3	33.33333333333333
OR1C1	1	EurAmr	3	33.33333333333333
P2RY6	1	EurAmr	1	100
PAGE1	1	EurAmr	1	100
PHACTR3	1	EurAmr	2	50
POLA1	1	EurAmr	2	50
POM121L12	1	EurAmr	3	33.33333333333333
PRICKLE1	1	EurAmr	2	50
QRICH2	1	EurAmr	2	50
RAPGEF2	1	EurAmr	3	33.33333333333333
SAC3D1	1	EurAmr	1	100
SEC24C	1	EurAmr	2	50
SLC30A8	1	EurAmr	2	50
SPACA7	1	EurAmr	1	100
TBC1D16	1	EurAmr	1	100
TMEM200C	1	EurAmr	2	50
TMEM30A	1	EurAmr	1	100
TP53	1	EurAmr	80	1.25
TRIM42	1	EurAmr	4	25
TSHZ2	1	EurAmr	6	16.666666666666664
UNC5D	1	EurAmr	2	50
USH2A	1	EurAmr	8	12.5
USP42	1	EurAmr	2	50
ACOT11	1	EurAmr	1	100
ACTA1	1	EurAmr	2	50
ADAMTSL1	1	EurAmr	3	33.33333333333333
ADCY8	1	EurAmr	4	25
ADGRG4	1	EurAmr	5	20
ADH1A	1	EurAmr	2	50
ANK3	1	EurAmr	5	20
CELSR3	1	EurAmr	5	20
CEP44	1	EurAmr	2	50
CFAP47	1	EurAmr	3	33.33333333333333
DDX31	1	EurAmr	2	50
EXOSC8	1	EurAmr	2	50
FPGS	1	EurAmr	2	50
GDE1	2	EurAmr	1	200
GPR45	1	EurAmr	1	100
IGSF10	1	EurAmr	3	33.33333333333333
KRAS	1	EurAmr	118	0.847457627118644
LMLN	1	EurAmr	2	50
LRFN5	1	EurAmr	3	33.33333333333333
LRRC4C	1	EurAmr	2	50
LRRCC1	1	EurAmr	3	33.33333333333333
LUC7L3	1	EurAmr	1	100
MAGEB16	1	EurAmr	2	50
MUC16	1	EurAmr	15	6.666666666666667
MUC6	1	EurAmr	4	25
MYT1	1	EurAmr	3	33.33333333333333
NELL2	1	EurAmr	4	25
NFATC2	1	EurAmr	3	33.33333333333333
NKX2-2	1	EurAmr	2	50
NLRC5	1	EurAmr	2	50
NOTCH3	1	EurAmr	3	33.33333333333333
OR11H1	1	EurAmr	1	100
OR2L13	1	EurAmr	2	50
OTOF	1	EurAmr	3	33.33333333333333
PCDHA2	1	EurAmr	4	25
PIK3CA	1	EurAmr	4	25
PPP1R9A	1	EurAmr	4	25
RREB1	1	EurAmr	8	12.5
RTN4RL1	1	EurAmr	2	50
RYR1	1	EurAmr	8	12.5
SEC31B	1	EurAmr	2	50
TBX5	1	EurAmr	2	50
TECR	1	EurAmr	2	50
TMCC2	1	EurAmr	2	50
TP53	1	EurAmr	80	1.25
TRPM1	1	EurAmr	4	25
TSSK6	1	EurAmr	2	50
TSTA3	1	EurAmr	2	50
TTN	2	EurAmr	24	8.333333333333332
ZNF671	1	EurAmr	2	50
ZNF777	1	EurAmr	3	33.33333333333333
A1BG	2	EurAmr	2	100
A2M	3	EurAmr	1	300
A2ML1	4	EurAmr	1	400
A4GALT	1	EurAmr	1	100
AAAS	1	EurAmr	1	100
AACS	1	EurAmr	2	50
AADACL2	3	EurAmr	1	300
AADACL3	1	EurAmr	1	100
AADACL4	1	EurAmr	1	100
AAED1	1	EurAmr	1	100
AAGAB	1	EurAmr	1	100
AARS	2	EurAmr	1	200
AARS2	4	EurAmr	1	400
AASDH	2	EurAmr	2	100
AASDHPPT	1	EurAmr	1	100
AASS	2	EurAmr	1	200
AATK	2	EurAmr	1	200
ABAT	1	EurAmr	1	100
ABCA1	4	EurAmr	1	400
ABCA12	5	EurAmr	4	125
ABCA13	6	EurAmr	4	150
ABCA2	6	EurAmr	1	600
ABCA3	4	EurAmr	1	400
ABCA4	5	EurAmr	5	100
ABCA5	4	EurAmr	1	400
ABCA6	2	EurAmr	1	200
ABCA7	4	EurAmr	1	400
ABCA8	5	EurAmr	1	500
ABCA9	9	EurAmr	1	900
ABCB1	2	EurAmr	5	40
ABCB10	2	EurAmr	1	200
ABCB11	2	EurAmr	1	200
ABCB4	1	EurAmr	1	100
ABCB5	2	EurAmr	5	40
ABCB6	2	EurAmr	2	100
ABCC10	2	EurAmr	3	66.66666666666666
ABCC11	1	EurAmr	2	50
ABCC2	2	EurAmr	3	66.66666666666666
ABCC3	1	EurAmr	1	100
ABCC4	3	EurAmr	1	300
ABCC5	2	EurAmr	1	200
ABCC6	1	EurAmr	3	33.33333333333333
ABCC8	1	EurAmr	3	33.33333333333333
ABCC9	1	EurAmr	4	25
ABCD2	1	EurAmr	1	100
ABCD3	2	EurAmr	1	200
ABCE1	2	EurAmr	1	200
ABCF1	2	EurAmr	1	200
ABCG1	3	EurAmr	2	150
ABCG2	2	EurAmr	1	200
ABCG4	1	EurAmr	2	50
ABCG5	1	EurAmr	2	50
ABHD1	1	EurAmr	2	50
ABHD11	1	EurAmr	1	100
ABHD12	1	EurAmr	1	100
ABHD13	1	EurAmr	1	100
ABHD14A	1	EurAmr	1	100
ABHD15	2	EurAmr	2	100
ABHD16A	1	EurAmr	1	100
ABHD16B	1	EurAmr	1	100
ABHD17B	2	EurAmr	1	200
ABHD3	1	EurAmr	2	50
ABHD8	1	EurAmr	3	33.33333333333333
ABI1	1	EurAmr	1	100
ABI2	1	EurAmr	2	50
ABI3BP	5	EurAmr	1	500
ABL1	5	EurAmr	2	250
ABL2	1	EurAmr	1	100
ABLIM1	3	EurAmr	2	150
ABLIM2	2	EurAmr	1	200
ABLIM3	3	EurAmr	1	300
ABO	1	EurAmr	1	100
ABR	1	EurAmr	1	100
ABRA	1	EurAmr	2	50
ABTB1	1	EurAmr	1	100
AC004381.6	1	EurAmr	2	50
ACACA	4	EurAmr	1	400
ACACB	5	EurAmr	1	500
ACAD10	1	EurAmr	2	50
ACAD11	2	EurAmr	1	200
ACAD9	1	EurAmr	1	100
ACADL	1	EurAmr	1	100
ACADS	1	EurAmr	1	100
ACADSB	1	EurAmr	1	100
ACAN	2	EurAmr	3	66.66666666666666
ACAP1	1	EurAmr	1	100
ACAP2	2	EurAmr	2	100
ACAT1	2	EurAmr	1	200
ACBD3	1	EurAmr	1	100
ACBD5	1	EurAmr	1	100
ACCS	1	EurAmr	2	50
ACCSL	3	EurAmr	1	300
ACE	1	EurAmr	2	50
ACHE	3	EurAmr	2	150
ACIN1	2	EurAmr	1	200
ACKR2	1	EurAmr	1	100
ACKR4	1	EurAmr	1	100
ACLY	3	EurAmr	2	150
ACOT7	1	EurAmr	1	100
ACOT8	2	EurAmr	1	200
ACOX2	1	EurAmr	2	50
ACOX3	2	EurAmr	1	200
ACOXL	1	EurAmr	2	50
ACP5	1	EurAmr	1	100
ACR	1	EurAmr	1	100
ACRC	1	EurAmr	1	100
ACRV1	2	EurAmr	2	100
ACSBG2	2	EurAmr	1	200
ACSF2	1	EurAmr	1	100
ACSF3	3	EurAmr	1	300
ACSL3	3	EurAmr	1	300
ACSL5	1	EurAmr	1	100
ACSL6	1	EurAmr	1	100
ACSM2B	2	EurAmr	1	200
ACSM3	1	EurAmr	2	50
ACSM4	1	EurAmr	1	100
ACSM5	3	EurAmr	1	300
ACSS1	1	EurAmr	3	33.33333333333333
ACSS2	1	EurAmr	1	100
ACSS3	1	EurAmr	4	25
ACTA1	1	EurAmr	2	50
ACTA2	1	EurAmr	1	100
ACTB	1	EurAmr	1	100
ACTBL2	1	EurAmr	1	100
ACTC1	1	EurAmr	2	50
ACTG2	1	EurAmr	2	50
ACTL7A	1	EurAmr	2	50
ACTL7B	1	EurAmr	3	33.33333333333333
ACTL9	1	EurAmr	5	20
ACTN1	1	EurAmr	1	100
ACTN2	1	EurAmr	1	100
ACTN3	1	EurAmr	1	100
ACTR10	1	EurAmr	1	100
ACTR3B	1	EurAmr	1	100
ACTR3C	1	EurAmr	1	100
ACTR5	1	EurAmr	1	100
ACTR8	2	EurAmr	1	200
ACTRT2	1	EurAmr	1	100
ACVR1B	2	EurAmr	1	200
ACVR1C	1	EurAmr	2	50
ACVR2A	1	EurAmr	3	33.33333333333333
ACVR2B	1	EurAmr	1	100
ACVRL1	1	EurAmr	1	100
ADAD1	2	EurAmr	1	200
ADAM12	1	EurAmr	1	100
ADAM17	3	EurAmr	2	150
ADAM18	1	EurAmr	1	100
ADAM19	2	EurAmr	1	200
ADAM2	1	EurAmr	2	50
ADAM20	1	EurAmr	1	100
ADAM21	2	EurAmr	1	200
ADAM22	1	EurAmr	2	50
ADAM23	1	EurAmr	3	33.33333333333333
ADAM28	1	EurAmr	1	100
ADAM29	2	EurAmr	2	100
ADAM30	1	EurAmr	2	50
ADAM32	1	EurAmr	1	100
ADAM7	2	EurAmr	1	200
ADAM8	1	EurAmr	1	100
ADAM9	1	EurAmr	1	100
ADAMTS1	1	EurAmr	1	100
ADAMTS12	4	EurAmr	5	80
ADAMTS14	2	EurAmr	2	100
ADAMTS16	1	EurAmr	5	20
ADAMTS17	3	EurAmr	1	300
ADAMTS18	2	EurAmr	4	50
ADAMTS19	1	EurAmr	4	25
ADAMTS2	2	EurAmr	3	66.66666666666666
ADAMTS20	2	EurAmr	3	66.66666666666666
ADAMTS3	7	EurAmr	1	700
ADAMTS4	2	EurAmr	3	66.66666666666666
ADAMTS5	2	EurAmr	4	50
ADAMTS6	3	EurAmr	1	300
ADAMTS7	4	EurAmr	2	200
ADAMTS8	3	EurAmr	2	150
ADAMTSL1	4	EurAmr	3	133.33333333333331
ADAMTSL3	1	EurAmr	4	25
ADAMTSL4	2	EurAmr	5	40
ADAP2	1	EurAmr	1	100
ADAR	3	EurAmr	2	150
ADARB1	1	EurAmr	2	50
ADARB2	2	EurAmr	2	100
ADAT1	1	EurAmr	1	100
ADAT2	1	EurAmr	1	100
ADCK1	3	EurAmr	1	300
ADCK2	2	EurAmr	1	200
ADCK3	1	EurAmr	1	100
ADCK4	2	EurAmr	1	200
ADCY1	3	EurAmr	3	100
ADCY10	5	EurAmr	1	500
ADCY2	2	EurAmr	2	100
ADCY3	7	EurAmr	3	233.33333333333334
ADCY5	5	EurAmr	3	166.66666666666669
ADCY6	2	EurAmr	1	200
ADCY7	2	EurAmr	1	200
ADCY8	1	EurAmr	4	25
ADCY9	3	EurAmr	2	150
ADD2	4	EurAmr	1	400
ADD3	1	EurAmr	2	50
ADGRA1	1	EurAmr	1	100
ADGRA2	2	EurAmr	1	200
ADGRA3	5	EurAmr	4	125
ADGRB1	1	EurAmr	2	50
ADGRB2	4	EurAmr	4	100
ADGRB3	2	EurAmr	1	200
ADGRD1	3	EurAmr	5	60
ADGRE1	1	EurAmr	1	100
ADGRE2	2	EurAmr	2	100
ADGRE3	1	EurAmr	1	100
ADGRE5	2	EurAmr	1	200
ADGRF5	5	EurAmr	1	500
ADGRG1	2	EurAmr	1	200
ADGRG2	1	EurAmr	1	100
ADGRG4	2	EurAmr	5	40
ADGRG6	1	EurAmr	1	100
ADGRG7	1	EurAmr	2	50
ADGRL1	3	EurAmr	2	150
ADGRL2	4	EurAmr	5	80
ADGRL3	1	EurAmr	1	100
ADGRL4	2	EurAmr	3	66.66666666666666
ADGRV1	9	EurAmr	2	450
ADH1B	2	EurAmr	1	200
ADH4	1	EurAmr	1	100
ADH5	2	EurAmr	1	200
ADH6	1	EurAmr	1	100
ADH7	3	EurAmr	1	300
ADHFE1	3	EurAmr	1	300
ADIPOR1	2	EurAmr	1	200
ADM	1	EurAmr	1	100
ADM2	1	EurAmr	1	100
ADNP	3	EurAmr	3	100
ADNP2	1	EurAmr	1	100
ADORA2A	1	EurAmr	1	100
ADORA3	1	EurAmr	2	50
ADPGK	1	EurAmr	2	50
ADPRHL2	1	EurAmr	1	100
ADRA1B	1	EurAmr	1	100
ADRA2A	1	EurAmr	1	100
ADRA2B	1	EurAmr	2	50
ADRA2C	1	EurAmr	2	50
ADRBK1	4	EurAmr	1	400
ADRBK2	1	EurAmr	1	100
ADSL	1	EurAmr	1	100
ADSS	1	EurAmr	2	50
ADSSL1	1	EurAmr	2	50
AEBP1	4	EurAmr	1	400
AEBP2	1	EurAmr	1	100
AEN	1	EurAmr	1	100
AFAP1L1	2	EurAmr	1	200
AFAP1L2	1	EurAmr	1	100
AFF1	4	EurAmr	1	400
AFF2	3	EurAmr	5	60
AFF3	5	EurAmr	3	166.66666666666669
AFG3L2	2	EurAmr	1	200
AFM	1	EurAmr	1	100
AFTPH	2	EurAmr	1	200
AGA	3	EurAmr	1	300
AGAP1	1	EurAmr	2	50
AGAP3	2	EurAmr	1	200
AGAP4	1	EurAmr	1	100
AGAP5	1	EurAmr	1	100
AGAP6	3	EurAmr	2	150
AGAP9	1	EurAmr	1	100
AGBL1	2	EurAmr	1	200
AGBL2	2	EurAmr	3	66.66666666666666
AGBL5	1	EurAmr	2	50
AGER	1	EurAmr	2	50
AGFG1	1	EurAmr	1	100
AGFG2	1	EurAmr	2	50
AGGF1	1	EurAmr	2	50
AGL	2	EurAmr	3	66.66666666666666
AGMO	1	EurAmr	1	100
AGO1	1	EurAmr	1	100
AGPAT3	2	EurAmr	1	200
AGPAT4	3	EurAmr	1	300
AGPAT6	1	EurAmr	1	100
AGR2	1	EurAmr	1	100
AGRN	3	EurAmr	1	300
AGT	1	EurAmr	1	100
AGTPBP1	1	EurAmr	1	100
AGXT	1	EurAmr	2	50
AHCTF1	4	EurAmr	2	200
AHCY	2	EurAmr	1	200
AHCYL1	1	EurAmr	1	100
AHCYL2	1	EurAmr	1	100
AHDC1	2	EurAmr	1	200
AHI1	2	EurAmr	1	200
AHNAK	16	EurAmr	4	400
AHNAK2	9	EurAmr	1	900
AHRR	2	EurAmr	2	100
AHSA2	1	EurAmr	1	100
AHSG	1	EurAmr	1	100
AIFM1	1	EurAmr	2	50
AIFM2	2	EurAmr	1	200
AIFM3	2	EurAmr	1	200
AIM1	2	EurAmr	2	100
AIM1L	1	EurAmr	1	100
AIMP1	1	EurAmr	1	100
AIP	1	EurAmr	1	100
AIPL1	1	EurAmr	1	100
AJAP1	2	EurAmr	4	50
AK1	1	EurAmr	1	100
AK2	1	EurAmr	1	100
AK3	1	EurAmr	1	100
AK7	1	EurAmr	1	100
AK9	2	EurAmr	1	200
AKAP10	2	EurAmr	1	200
AKAP11	1	EurAmr	1	100
AKAP12	3	EurAmr	2	150
AKAP13	3	EurAmr	3	100
AKAP17A	1	EurAmr	1	100
AKAP3	1	EurAmr	1	100
AKAP4	2	EurAmr	1	200
AKAP6	2	EurAmr	4	50
AKAP7	3	EurAmr	1	300
AKAP8	1	EurAmr	1	100
AKAP8L	2	EurAmr	1	200
AKAP9	10	EurAmr	1	1000
AKNA	1	EurAmr	1	100
AKNAD1	1	EurAmr	1	100
AKR1B1	2	EurAmr	1	200
AKR1B15	1	EurAmr	1	100
AKR1C3	1	EurAmr	1	100
AKR1C4	1	EurAmr	1	100
AKR7A2	1	EurAmr	1	100
AKR7A3	1	EurAmr	1	100
AKR7L	1	EurAmr	1	100
AKT1	2	EurAmr	1	200
AKT2	1	EurAmr	1	100
AKTIP	2	EurAmr	1	200
ALAS1	1	EurAmr	1	100
ALAS2	1	EurAmr	3	33.33333333333333
ALDH16A1	3	EurAmr	2	150
ALDH18A1	1	EurAmr	1	100
ALDH1A3	1	EurAmr	1	100
ALDH1B1	1	EurAmr	1	100
ALDH1L1	3	EurAmr	1	300
ALDH1L2	1	EurAmr	2	50
ALDH3A1	1	EurAmr	1	100
ALDH3B1	2	EurAmr	1	200
ALDH3B2	1	EurAmr	1	100
ALDH4A1	1	EurAmr	2	50
ALDH5A1	1	EurAmr	2	50
ALDH6A1	1	EurAmr	1	100
ALDH9A1	1	EurAmr	1	100
ALDOB	1	EurAmr	2	50
ALG10	1	EurAmr	1	100
ALG10B	2	EurAmr	1	200
ALG11	3	EurAmr	1	300
ALG12	2	EurAmr	2	100
ALG13	1	EurAmr	1	100
ALG3	1	EurAmr	1	100
ALG5	1	EurAmr	1	100
ALK	1	EurAmr	2	50
ALKBH1	1	EurAmr	1	100
ALKBH2	1	EurAmr	1	100
ALKBH4	1	EurAmr	1	100
ALKBH5	1	EurAmr	1	100
ALKBH6	1	EurAmr	1	100
ALLC	2	EurAmr	1	200
ALMS1	4	EurAmr	1	400
ALOX12B	3	EurAmr	1	300
ALOX5	1	EurAmr	2	50
ALPI	3	EurAmr	1	300
ALPK1	4	EurAmr	1	400
ALPK2	2	EurAmr	2	100
ALPK3	1	EurAmr	2	50
ALPL	1	EurAmr	1	100
ALPP	1	EurAmr	1	100
ALS2	3	EurAmr	2	150
ALS2CL	1	EurAmr	3	33.33333333333333
ALX1	1	EurAmr	2	50
ALX4	1	EurAmr	1	100
AMACR	1	EurAmr	1	100
AMBN	1	EurAmr	1	100
AMBP	2	EurAmr	1	200
AMBRA1	2	EurAmr	1	200
AMD1	1	EurAmr	1	100
AMDHD2	1	EurAmr	1	100
AMER1	3	EurAmr	2	150
AMER3	2	EurAmr	2	100
AMH	1	EurAmr	1	100
AMHR2	3	EurAmr	1	300
AMIGO2	2	EurAmr	1	200
AMMECR1L	3	EurAmr	1	300
AMOT	1	EurAmr	2	50
AMOTL1	2	EurAmr	1	200
AMOTL2	2	EurAmr	1	200
AMPD3	1	EurAmr	2	50
AMPH	3	EurAmr	1	300
AMTN	2	EurAmr	1	200
AMZ1	1	EurAmr	1	100
ANAPC1	2	EurAmr	1	200
ANAPC2	3	EurAmr	1	300
ANAPC4	3	EurAmr	1	300
ANAPC5	2	EurAmr	1	200
ANGEL2	1	EurAmr	1	100
ANGPTL3	1	EurAmr	1	100
ANGPTL6	1	EurAmr	1	100
ANK1	3	EurAmr	4	75
ANK2	5	EurAmr	2	250
ANK3	4	EurAmr	5	80
ANKAR	1	EurAmr	3	33.33333333333333
ANKFN1	2	EurAmr	1	200
ANKFY1	1	EurAmr	1	100
ANKHD1	1	EurAmr	1	100
ANKHD1-EIF4EBP3	1	EurAmr	2	50
ANKIB1	2	EurAmr	1	200
ANKK1	4	EurAmr	2	200
ANKLE2	2	EurAmr	1	200
ANKMY1	1	EurAmr	1	100
ANKRD1	1	EurAmr	1	100
ANKRD11	11	EurAmr	4	275
ANKRD12	2	EurAmr	1	200
ANKRD13A	1	EurAmr	1	100
ANKRD13B	1	EurAmr	1	100
ANKRD13C	1	EurAmr	2	50
ANKRD13D	1	EurAmr	2	50
ANKRD17	5	EurAmr	1	500
ANKRD20A1	1	EurAmr	1	100
ANKRD20A4	1	EurAmr	2	50
ANKRD22	1	EurAmr	1	100
ANKRD23	1	EurAmr	1	100
ANKRD24	2	EurAmr	3	66.66666666666666
ANKRD26	1	EurAmr	3	33.33333333333333
ANKRD30A	2	EurAmr	4	50
ANKRD34A	1	EurAmr	2	50
ANKRD35	1	EurAmr	3	33.33333333333333
ANKRD46	1	EurAmr	1	100
ANKRD49	1	EurAmr	1	100
ANKRD50	2	EurAmr	3	66.66666666666666
ANKRD52	5	EurAmr	1	500
ANKRD55	1	EurAmr	1	100
ANKRD9	1	EurAmr	1	100
ANKS1A	2	EurAmr	2	100
ANKS1B	1	EurAmr	2	50
ANKS3	4	EurAmr	1	400
ANKS4B	1	EurAmr	1	100
ANKS6	2	EurAmr	1	200
ANLN	3	EurAmr	1	300
ANO10	1	EurAmr	1	100
ANO2	3	EurAmr	1	300
ANO3	3	EurAmr	4	75
ANO5	3	EurAmr	2	150
ANO7	2	EurAmr	1	200
ANO8	3	EurAmr	1	300
ANO9	2	EurAmr	1	200
ANPEP	4	EurAmr	1	400
ANXA1	1	EurAmr	3	33.33333333333333
ANXA6	2	EurAmr	1	200
ANXA8	1	EurAmr	2	50
AOAH	1	EurAmr	1	100
AOC1	2	EurAmr	1	200
AOC2	1	EurAmr	1	100
AOC3	2	EurAmr	2	100
AOX1	1	EurAmr	1	100
AP000721.4	1	EurAmr	1	100
AP006285.2	1	EurAmr	1	100
AP1B1	1	EurAmr	2	50
AP1G2	2	EurAmr	1	200
AP1M1	2	EurAmr	1	200
AP1S1	1	EurAmr	1	100
AP2A2	1	EurAmr	1	100
AP3B1	2	EurAmr	2	100
AP3B2	2	EurAmr	1	200
AP3D1	3	EurAmr	2	150
AP3M1	1	EurAmr	1	100
AP3M2	3	EurAmr	1	300
AP4B1	4	EurAmr	2	200
AP4E1	3	EurAmr	1	300
AP5S1	1	EurAmr	1	100
AP5Z1	1	EurAmr	1	100
APAF1	2	EurAmr	1	200
APBA1	3	EurAmr	1	300
APBA2	2	EurAmr	6	33.33333333333333
APBB1	2	EurAmr	2	100
APBB3	3	EurAmr	1	300
APC	3	EurAmr	3	100
APC2	3	EurAmr	1	300
APCDD1	1	EurAmr	3	33.33333333333333
APCDD1L	1	EurAmr	1	100
APCS	1	EurAmr	1	100
APEH	2	EurAmr	1	200
APH1A	2	EurAmr	1	200
API5	4	EurAmr	1	400
APLF	1	EurAmr	2	50
APLP1	2	EurAmr	1	200
APLP2	2	EurAmr	2	100
APOA1BP	1	EurAmr	1	100
APOA4	1	EurAmr	2	50
APOA5	2	EurAmr	1	200
APOB	7	EurAmr	5	140
APOBEC3D	1	EurAmr	1	100
APOBEC3G	1	EurAmr	1	100
APOBR	1	EurAmr	2	50
APOE	2	EurAmr	1	200
APOF	1	EurAmr	1	100
APOH	2	EurAmr	2	100
APOL1	2	EurAmr	1	200
APOL2	2	EurAmr	1	200
APOL3	1	EurAmr	1	100
APOL5	1	EurAmr	2	50
APP	2	EurAmr	1	200
APPL1	1	EurAmr	2	50
APPL2	1	EurAmr	1	100
APTX	1	EurAmr	1	100
AQP12B	1	EurAmr	1	100
AQP3	1	EurAmr	1	100
AQP5	1	EurAmr	1	100
AQP7	1	EurAmr	1	100
AQP8	1	EurAmr	1	100
AQR	1	EurAmr	2	50
ARAF	1	EurAmr	2	50
ARAP1	1	EurAmr	3	33.33333333333333
ARAP2	1	EurAmr	1	100
ARAP3	4	EurAmr	1	400
ARC	1	EurAmr	1	100
ARCN1	2	EurAmr	1	200
AREL1	2	EurAmr	2	100
ARF1	1	EurAmr	2	50
ARF4	1	EurAmr	1	100
ARF5	1	EurAmr	1	100
ARFGAP1	1	EurAmr	1	100
ARFGEF1	6	EurAmr	1	600
ARFGEF2	1	EurAmr	1	100
ARFGEF3	3	EurAmr	1	300
ARFIP2	1	EurAmr	2	50
ARG2	1	EurAmr	1	100
ARHGAP1	1	EurAmr	1	100
ARHGAP10	1	EurAmr	3	33.33333333333333
ARHGAP11A	1	EurAmr	1	100
ARHGAP11B	2	EurAmr	1	200
ARHGAP12	1	EurAmr	2	50
ARHGAP15	2	EurAmr	3	66.66666666666666
ARHGAP17	3	EurAmr	2	150
ARHGAP18	1	EurAmr	2	50
ARHGAP19	1	EurAmr	2	50
ARHGAP20	2	EurAmr	3	66.66666666666666
ARHGAP21	4	EurAmr	3	133.33333333333331
ARHGAP24	2	EurAmr	1	200
ARHGAP25	2	EurAmr	1	200
ARHGAP27	2	EurAmr	1	200
ARHGAP28	1	EurAmr	1	100
ARHGAP29	4	EurAmr	1	400
ARHGAP30	2	EurAmr	1	200
ARHGAP31	2	EurAmr	3	66.66666666666666
ARHGAP32	2	EurAmr	2	100
ARHGAP33	1	EurAmr	1	100
ARHGAP35	2	EurAmr	1	200
ARHGAP39	1	EurAmr	1	100
ARHGAP5	3	EurAmr	3	100
ARHGAP6	3	EurAmr	2	150
ARHGAP9	1	EurAmr	2	50
ARHGDIA	1	EurAmr	1	100
ARHGDIG	1	EurAmr	1	100
ARHGEF1	2	EurAmr	1	200
ARHGEF10	1	EurAmr	2	50
ARHGEF10L	2	EurAmr	2	100
ARHGEF11	3	EurAmr	3	100
ARHGEF12	4	EurAmr	2	200
ARHGEF15	2	EurAmr	2	100
ARHGEF16	1	EurAmr	1	100
ARHGEF17	2	EurAmr	4	50
ARHGEF18	2	EurAmr	1	200
ARHGEF19	3	EurAmr	1	300
ARHGEF25	1	EurAmr	1	100
ARHGEF26	1	EurAmr	1	100
ARHGEF28	1	EurAmr	1	100
ARHGEF37	2	EurAmr	2	100
ARHGEF4	1	EurAmr	1	100
ARHGEF40	1	EurAmr	1	100
ARHGEF5	5	EurAmr	1	500
ARHGEF6	1	EurAmr	1	100
ARHGEF7	2	EurAmr	1	200
ARHGEF9	1	EurAmr	1	100
ARID1A	3	EurAmr	5	60
ARID1B	5	EurAmr	1	500
ARID2	2	EurAmr	3	66.66666666666666
ARID3A	1	EurAmr	1	100
ARID3C	1	EurAmr	2	50
ARID4A	1	EurAmr	1	100
ARID4B	2	EurAmr	1	200
ARID5B	1	EurAmr	1	100
ARIH1	2	EurAmr	1	200
ARL4A	1	EurAmr	1	100
ARL4C	1	EurAmr	2	50
ARL4D	2	EurAmr	1	200
ARMC1	1	EurAmr	1	100
ARMC2	4	EurAmr	1	400
ARMC3	2	EurAmr	1	200
ARMC5	1	EurAmr	2	50
ARMC6	4	EurAmr	1	400
ARMCX2	2	EurAmr	1	200
ARMCX5	2	EurAmr	1	200
ARMCX6	1	EurAmr	1	100
ARNT2	1	EurAmr	2	50
ARPC1A	1	EurAmr	1	100
ARPC2	2	EurAmr	1	200
ARPC5	1	EurAmr	1	100
ARPC5L	1	EurAmr	1	100
ARR3	1	EurAmr	1	100
ARRB1	1	EurAmr	1	100
ARRB2	2	EurAmr	2	100
ARRDC1	2	EurAmr	1	200
ARRDC2	1	EurAmr	1	100
ARRDC4	2	EurAmr	1	200
ARSA	1	EurAmr	2	50
ARSB	1	EurAmr	1	100
ARSE	1	EurAmr	1	100
ARSF	1	EurAmr	2	50
ARSH	2	EurAmr	1	200
ARSI	1	EurAmr	2	50
ARSK	1	EurAmr	2	50
ARVCF	2	EurAmr	1	200
AS3MT	1	EurAmr	1	100
ASAH2	1	EurAmr	1	100
ASAP1	1	EurAmr	1	100
ASAP2	2	EurAmr	1	200
ASAP3	2	EurAmr	1	200
ASB10	2	EurAmr	1	200
ASB11	1	EurAmr	1	100
ASB2	1	EurAmr	1	100
ASB4	1	EurAmr	1	100
ASB5	1	EurAmr	1	100
ASB9	1	EurAmr	1	100
ASCC1	1	EurAmr	1	100
ASCC2	1	EurAmr	1	100
ASCC3	3	EurAmr	2	150
ASCL4	1	EurAmr	1	100
ASF1B	1	EurAmr	1	100
ASGR2	2	EurAmr	2	100
ASH1L	5	EurAmr	3	166.66666666666669
ASIC1	1	EurAmr	3	33.33333333333333
ASIC2	1	EurAmr	2	50
ASIC3	1	EurAmr	1	100
ASIC5	1	EurAmr	1	100
ASMT	1	EurAmr	1	100
ASNS	3	EurAmr	1	300
ASNSD1	1	EurAmr	2	50
ASPH	2	EurAmr	1	200
ASPHD2	1	EurAmr	1	100
ASPM	8	EurAmr	5	160
ASPRV1	1	EurAmr	1	100
ASTN1	5	EurAmr	6	83.33333333333334
ASTN2	2	EurAmr	3	66.66666666666666
ASUN	1	EurAmr	2	50
ASXL1	2	EurAmr	1	200
ASXL2	2	EurAmr	1	200
ASXL3	3	EurAmr	1	300
ATAD2B	1	EurAmr	2	50
ATAD3A	1	EurAmr	1	100
ATAD3C	1	EurAmr	1	100
ATAD5	1	EurAmr	1	100
ATAT1	1	EurAmr	1	100
ATCAY	3	EurAmr	1	300
ATE1	2	EurAmr	1	200
ATF1	1	EurAmr	1	100
ATF6	1	EurAmr	1	100
ATF6B	2	EurAmr	1	200
ATF7IP2	1	EurAmr	2	50
ATG14	3	EurAmr	1	300
ATG2A	2	EurAmr	1	200
ATG2B	4	EurAmr	4	100
ATG4D	1	EurAmr	1	100
ATG7	2	EurAmr	1	200
ATG9A	1	EurAmr	2	50
ATHL1	1	EurAmr	1	100
ATL1	2	EurAmr	1	200
ATM	4	EurAmr	5	80
ATMIN	2	EurAmr	2	100
ATN1	4	EurAmr	1	400
ATOH1	1	EurAmr	1	100
ATOH7	1	EurAmr	1	100
ATP10A	3	EurAmr	7	42.857142857142854
ATP10B	2	EurAmr	2	100
ATP10D	4	EurAmr	1	400
ATP11A	2	EurAmr	1	200
ATP11B	1	EurAmr	3	33.33333333333333
ATP12A	1	EurAmr	5	20
ATP13A1	1	EurAmr	1	100
ATP13A5	1	EurAmr	1	100
ATP1A1	1	EurAmr	1	100
ATP1A2	3	EurAmr	1	300
ATP1A3	1	EurAmr	3	33.33333333333333
ATP1A4	2	EurAmr	1	200
ATP1B3	1	EurAmr	1	100
ATP2A1	3	EurAmr	3	100
ATP2A2	4	EurAmr	2	200
ATP2A3	2	EurAmr	1	200
ATP2B1	4	EurAmr	2	200
ATP2B2	2	EurAmr	3	66.66666666666666
ATP2B3	1	EurAmr	3	33.33333333333333
ATP2C1	1	EurAmr	2	50
ATP2C2	3	EurAmr	2	150
ATP4A	4	EurAmr	3	133.33333333333331
ATP5B	1	EurAmr	1	100
ATP5C1	1	EurAmr	1	100
ATP5F1	1	EurAmr	1	100
ATP5G3	1	EurAmr	1	100
ATP6AP1	1	EurAmr	1	100
ATP6AP1L	2	EurAmr	1	200
ATP6V0A1	2	EurAmr	1	200
ATP6V0A2	1	EurAmr	2	50
ATP6V0D1	1	EurAmr	1	100
ATP6V1B2	2	EurAmr	1	200
ATP6V1C2	2	EurAmr	1	200
ATP6V1F	1	EurAmr	1	100
ATP7A	2	EurAmr	2	100
ATP7B	1	EurAmr	2	50
ATP8B1	3	EurAmr	1	300
ATP8B2	1	EurAmr	3	33.33333333333333
ATP8B3	1	EurAmr	2	50
ATP8B4	1	EurAmr	2	50
ATP9A	4	EurAmr	3	133.33333333333331
ATP9B	3	EurAmr	1	300
ATR	8	EurAmr	3	266.66666666666663
ATRIP	1	EurAmr	2	50
ATRN	1	EurAmr	1	100
ATRNL1	2	EurAmr	5	40
ATRX	1	EurAmr	4	25
ATXN1	1	EurAmr	1	100
ATXN10	1	EurAmr	2	50
ATXN2	1	EurAmr	1	100
ATXN2L	1	EurAmr	3	33.33333333333333
ATXN7	2	EurAmr	1	200
ATXN7L2	1	EurAmr	2	50
ATXN7L3	2	EurAmr	1	200
AUH	1	EurAmr	1	100
AUNIP	1	EurAmr	1	100
AURKA	1	EurAmr	2	50
AURKC	1	EurAmr	1	100
AUTS2	4	EurAmr	1	400
AVIL	3	EurAmr	2	150
AVL9	1	EurAmr	1	100
AVPR1A	1	EurAmr	2	50
AVPR1B	1	EurAmr	1	100
AVPR2	1	EurAmr	1	100
AXDND1	2	EurAmr	1	200
AXIN1	2	EurAmr	3	66.66666666666666
AXIN2	1	EurAmr	1	100
AXL	4	EurAmr	1	400
AZGP1	1	EurAmr	2	50
AZIN1	1	EurAmr	1	100
AZU1	1	EurAmr	1	100
B3GALNT2	1	EurAmr	1	100
B3GALT4	2	EurAmr	1	200
B3GAT1	1	EurAmr	3	33.33333333333333
B3GAT3	2	EurAmr	2	100
B3GNT2	1	EurAmr	1	100
B3GNT3	1	EurAmr	1	100
B3GNT4	1	EurAmr	1	100
B3GNT6	1	EurAmr	1	100
B3GNT9	1	EurAmr	1	100
B4GALNT1	1	EurAmr	1	100
B4GALNT3	1	EurAmr	1	100
B4GALNT4	5	EurAmr	1	500
B4GALT5	3	EurAmr	1	300
B4GALT7	1	EurAmr	1	100
B9D2	1	EurAmr	1	100
BAALC	1	EurAmr	2	50
BAAT	1	EurAmr	1	100
BABAM1	1	EurAmr	1	100
BACE1	1	EurAmr	1	100
BACH1	1	EurAmr	3	33.33333333333333
BACH2	1	EurAmr	2	50
BAD	1	EurAmr	1	100
BAG1	1	EurAmr	1	100
BAG3	2	EurAmr	1	200
BAG5	2	EurAmr	1	200
BAHCC1	3	EurAmr	2	150
BAHD1	3	EurAmr	2	150
BAIAP2	2	EurAmr	1	200
BAIAP2L2	1	EurAmr	1	100
BAIAP3	2	EurAmr	1	200
BAK1	2	EurAmr	1	200
BAMBI	2	EurAmr	1	200
BANF1	1	EurAmr	1	100
BANK1	1	EurAmr	2	50
BARD1	2	EurAmr	2	100
BASP1	1	EurAmr	1	100
BATF	1	EurAmr	2	50
BAZ1A	1	EurAmr	1	100
BAZ2A	1	EurAmr	1	100
BAZ2B	4	EurAmr	1	400
BBS10	3	EurAmr	1	300
BBS12	2	EurAmr	1	200
BBS2	2	EurAmr	1	200
BBS4	1	EurAmr	1	100
BBS5	2	EurAmr	1	200
BBS7	1	EurAmr	1	100
BCAM	1	EurAmr	3	33.33333333333333
BCAN	2	EurAmr	3	66.66666666666666
BCAR1	4	EurAmr	1	400
BCAR3	1	EurAmr	1	100
BCAS3	1	EurAmr	1	100
BCAT1	1	EurAmr	2	50
BCAT2	1	EurAmr	2	50
BCCIP	1	EurAmr	1	100
BCDIN3D	1	EurAmr	1	100
BCHE	3	EurAmr	2	150
BCKDHB	1	EurAmr	1	100
BCL11A	2	EurAmr	3	66.66666666666666
BCL11B	3	EurAmr	2	150
BCL2L13	1	EurAmr	1	100
BCL2L15	1	EurAmr	1	100
BCL3	1	EurAmr	1	100
BCL6	1	EurAmr	3	33.33333333333333
BCL6B	1	EurAmr	1	100
BCL9	1	EurAmr	1	100
BCL9L	5	EurAmr	1	500
BCLAF1	1	EurAmr	1	100
BCO1	1	EurAmr	1	100
BCO2	1	EurAmr	1	100
BCOR	1	EurAmr	3	33.33333333333333
BCS1L	2	EurAmr	1	200
BDH1	1	EurAmr	1	100
BDH2	1	EurAmr	1	100
BDNF	1	EurAmr	1	100
BDP1	3	EurAmr	3	100
BEND2	2	EurAmr	4	50
BEND3	1	EurAmr	1	100
BEND6	1	EurAmr	1	100
BEND7	2	EurAmr	1	200
BEST1	1	EurAmr	3	33.33333333333333
BEST2	1	EurAmr	1	100
BEST3	2	EurAmr	2	100
BEST4	1	EurAmr	1	100
BFAR	1	EurAmr	1	100
BFSP2	1	EurAmr	2	50
BHLHA15	1	EurAmr	1	100
BHLHE22	1	EurAmr	1	100
BHLHE23	1	EurAmr	1	100
BHLHE40	1	EurAmr	1	100
BHMT2	1	EurAmr	1	100
BICC1	1	EurAmr	2	50
BICD1	2	EurAmr	1	200
BICD2	1	EurAmr	1	100
BIRC2	1	EurAmr	1	100
BIRC6	2	EurAmr	4	50
BLM	3	EurAmr	1	300
BLOC1S1	1	EurAmr	1	100
BLVRA	2	EurAmr	2	100
BMP1	5	EurAmr	3	166.66666666666669
BMP15	1	EurAmr	1	100
BMP2	1	EurAmr	2	50
BMP2K	1	EurAmr	1	100
BMP4	2	EurAmr	1	200
BMP5	2	EurAmr	2	100
BMP7	1	EurAmr	2	50
BMP8A	1	EurAmr	1	100
BMP8B	1	EurAmr	1	100
BMPER	1	EurAmr	1	100
BMPR1A	1	EurAmr	2	50
BMPR2	3	EurAmr	1	300
BMS1	1	EurAmr	1	100
BMX	2	EurAmr	1	200
BNC2	1	EurAmr	2	50
BNIP2	1	EurAmr	1	100
BNIP3	1	EurAmr	1	100
BOC	2	EurAmr	1	200
BOD1L1	6	EurAmr	2	300
BOLA1	1	EurAmr	1	100
BOP1	2	EurAmr	1	200
BPGM	1	EurAmr	1	100
BPHL	1	EurAmr	1	100
BPIFA1	1	EurAmr	1	100
BPIFB1	1	EurAmr	2	50
BPIFB2	1	EurAmr	3	33.33333333333333
BPIFB6	1	EurAmr	1	100
BPIFC	1	EurAmr	1	100
BPNT1	2	EurAmr	1	200
BPTF	4	EurAmr	5	80
BRCA1	2	EurAmr	2	100
BRCA2	7	EurAmr	1	700
BRD1	3	EurAmr	1	300
BRD2	1	EurAmr	1	100
BRD3	4	EurAmr	1	400
BRD4	6	EurAmr	1	600
BRD7	1	EurAmr	1	100
BRDT	1	EurAmr	1	100
BRF1	2	EurAmr	2	100
BRINP1	1	EurAmr	1	100
BRINP3	1	EurAmr	3	33.33333333333333
BRIP1	1	EurAmr	1	100
BRMS1	1	EurAmr	1	100
BRMS1L	1	EurAmr	1	100
BROX	1	EurAmr	1	100
BRPF1	2	EurAmr	1	200
BRPF3	2	EurAmr	1	200
BRSK1	1	EurAmr	2	50
BRWD1	2	EurAmr	4	50
BRWD3	3	EurAmr	3	100
BSCL2	1	EurAmr	1	100
BSDC1	1	EurAmr	1	100
BSG	2	EurAmr	1	200
BSN	4	EurAmr	2	200
BST2	1	EurAmr	2	50
BTAF1	2	EurAmr	2	100
BTBD11	2	EurAmr	6	33.33333333333333
BTBD16	1	EurAmr	1	100
BTBD2	1	EurAmr	1	100
BTBD7	1	EurAmr	1	100
BTBD8	1	EurAmr	1	100
BTBD9	1	EurAmr	2	50
BTD	2	EurAmr	1	200
BTG2	1	EurAmr	2	50
BTG3	1	EurAmr	1	100
BTK	2	EurAmr	1	200
BTN1A1	1	EurAmr	2	50
BTN3A1	2	EurAmr	3	66.66666666666666
BTN3A2	3	EurAmr	1	300
BTNL2	2	EurAmr	1	200
BTNL3	1	EurAmr	1	100
BTNL8	2	EurAmr	1	200
BTNL9	3	EurAmr	2	150
BTRC	1	EurAmr	2	50
BUB1B	1	EurAmr	1	100
BUB3	1	EurAmr	1	100
BUD13	1	EurAmr	1	100
BVES	1	EurAmr	2	50
BYSL	1	EurAmr	2	50
BZRAP1	4	EurAmr	2	200
C10orf107	1	EurAmr	1	100
C10orf12	3	EurAmr	1	300
C10orf32	1	EurAmr	1	100
C10orf54	2	EurAmr	1	200
C10orf71	1	EurAmr	3	33.33333333333333
C10orf76	2	EurAmr	2	100
C10orf88	1	EurAmr	1	100
C11orf1	1	EurAmr	1	100
C11orf16	1	EurAmr	1	100
C11orf30	2	EurAmr	2	100
C11orf54	1	EurAmr	1	100
C11orf58	1	EurAmr	1	100
C11orf63	1	EurAmr	2	50
C11orf70	1	EurAmr	2	50
C11orf84	2	EurAmr	1	200
C11orf87	1	EurAmr	2	50
C11orf88	1	EurAmr	1	100
C11orf94	2	EurAmr	1	200
C12orf29	1	EurAmr	1	100
C12orf4	2	EurAmr	1	200
C12orf40	1	EurAmr	1	100
C12orf43	1	EurAmr	1	100
C12orf49	1	EurAmr	1	100
C12orf5	1	EurAmr	1	100
C12orf50	1	EurAmr	1	100
C12orf56	1	EurAmr	1	100
C12orf71	1	EurAmr	1	100
C14orf37	2	EurAmr	1	200
C15orf26	1	EurAmr	1	100
C15orf27	1	EurAmr	1	100
C15orf39	4	EurAmr	1	400
C16orf46	1	EurAmr	1	100
C16orf54	1	EurAmr	1	100
C16orf62	2	EurAmr	2	100
C16orf70	2	EurAmr	2	100
C16orf71	2	EurAmr	1	200
C16orf72	1	EurAmr	2	50
C16orf78	2	EurAmr	1	200
C16orf86	1	EurAmr	1	100
C16orf87	1	EurAmr	1	100
C16orf90	1	EurAmr	1	100
C17orf62	1	EurAmr	1	100
C17orf64	1	EurAmr	1	100
C17orf70	2	EurAmr	1	200
C17orf74	1	EurAmr	1	100
C17orf75	2	EurAmr	1	200
C17orf80	4	EurAmr	1	400
C17orf85	2	EurAmr	1	200
C17orf97	1	EurAmr	1	100
C18orf21	1	EurAmr	1	100
C18orf25	1	EurAmr	1	100
C18orf54	2	EurAmr	1	200
C18orf8	3	EurAmr	2	150
C19orf12	2	EurAmr	1	200
C19orf26	1	EurAmr	3	33.33333333333333
C19orf35	2	EurAmr	1	200
C19orf43	1	EurAmr	1	100
C19orf44	4	EurAmr	1	400
C19orf45	1	EurAmr	1	100
C19orf57	1	EurAmr	2	50
C19orf66	1	EurAmr	1	100
C1D	1	EurAmr	1	100
C1orf101	1	EurAmr	1	100
C1orf110	1	EurAmr	1	100
C1orf111	1	EurAmr	1	100
C1orf112	1	EurAmr	1	100
C1orf116	2	EurAmr	1	200
C1orf127	1	EurAmr	2	50
C1orf141	2	EurAmr	1	200
C1orf158	1	EurAmr	1	100
C1orf159	1	EurAmr	1	100
C1orf162	1	EurAmr	2	50
C1orf174	1	EurAmr	1	100
C1orf210	1	EurAmr	1	100
C1orf43	2	EurAmr	2	100
C1orf53	1	EurAmr	1	100
C1orf56	1	EurAmr	1	100
C1orf74	1	EurAmr	1	100
C1orf94	2	EurAmr	2	100
C1QBP	1	EurAmr	1	100
C1QL2	1	EurAmr	1	100
C1QL3	1	EurAmr	1	100
C1QTNF1	2	EurAmr	2	100
C1QTNF4	1	EurAmr	1	100
C1QTNF6	2	EurAmr	2	100
C1QTNF9	1	EurAmr	1	100
C1RL	1	EurAmr	2	50
C1S	3	EurAmr	4	75
C20orf194	1	EurAmr	1	100
C20orf195	2	EurAmr	1	200
C20orf196	1	EurAmr	1	100
C20orf27	1	EurAmr	1	100
C20orf96	1	EurAmr	1	100
C21orf59	1	EurAmr	1	100
C21orf62	1	EurAmr	1	100
C21orf91	1	EurAmr	1	100
C22orf29	1	EurAmr	1	100
C22orf31	1	EurAmr	1	100
C2CD2	2	EurAmr	1	200
C2CD2L	4	EurAmr	1	400
C2CD3	5	EurAmr	1	500
C2CD5	2	EurAmr	1	200
C2orf16	6	EurAmr	2	300
C2orf40	2	EurAmr	1	200
C2orf43	1	EurAmr	1	100
C2orf47	1	EurAmr	1	100
C2orf54	1	EurAmr	1	100
C2orf57	1	EurAmr	1	100
C2orf69	1	EurAmr	1	100
C2orf71	1	EurAmr	4	25
C2orf88	1	EurAmr	2	50
C3	7	EurAmr	3	233.33333333333334
C3AR1	2	EurAmr	1	200
C3orf17	2	EurAmr	1	200
C3orf20	1	EurAmr	1	100
C3orf33	1	EurAmr	1	100
C3orf38	2	EurAmr	1	200
C3orf58	4	EurAmr	1	400
C3orf67	2	EurAmr	1	200
C4orf19	1	EurAmr	1	100
C4orf22	1	EurAmr	2	50
C4orf27	1	EurAmr	1	100
C4orf33	1	EurAmr	1	100
C4orf46	1	EurAmr	1	100
C4orf50	3	EurAmr	1	300
C4orf51	1	EurAmr	1	100
C5	1	EurAmr	2	50
C5AR2	1	EurAmr	2	50
C5orf28	1	EurAmr	1	100
C5orf38	1	EurAmr	1	100
C5orf42	3	EurAmr	2	150
C5orf45	2	EurAmr	1	200
C5orf49	1	EurAmr	2	50
C5orf51	1	EurAmr	1	100
C6	4	EurAmr	2	200
C6orf106	1	EurAmr	1	100
C6orf118	3	EurAmr	3	100
C6orf120	2	EurAmr	1	200
C6orf15	3	EurAmr	1	300
C6orf165	1	EurAmr	1	100
C6orf222	1	EurAmr	1	100
C6orf47	1	EurAmr	1	100
C6orf58	1	EurAmr	1	100
C6orf62	1	EurAmr	1	100
C7	1	EurAmr	2	50
C7orf25	4	EurAmr	1	400
C7orf31	1	EurAmr	1	100
C7orf43	1	EurAmr	1	100
C7orf55-LUC7L2	1	EurAmr	1	100
C8A	3	EurAmr	1	300
C8orf34	1	EurAmr	2	50
C8orf46	1	EurAmr	1	100
C8orf58	1	EurAmr	1	100
C8orf59	1	EurAmr	1	100
C8orf74	1	EurAmr	1	100
C8orf86	1	EurAmr	1	100
C9	1	EurAmr	2	50
C9orf114	2	EurAmr	1	200
C9orf131	2	EurAmr	1	200
C9orf152	1	EurAmr	1	100
C9orf171	1	EurAmr	1	100
C9orf3	1	EurAmr	2	50
C9orf41	1	EurAmr	1	100
C9orf43	1	EurAmr	1	100
C9orf64	1	EurAmr	1	100
C9orf69	1	EurAmr	1	100
C9orf78	1	EurAmr	1	100
C9orf84	2	EurAmr	1	200
CA3	1	EurAmr	1	100
CA6	2	EurAmr	1	200
CAB39	1	EurAmr	1	100
CABIN1	5	EurAmr	2	250
CABLES1	1	EurAmr	1	100
CABS1	1	EurAmr	1	100
CABYR	1	EurAmr	1	100
CACHD1	1	EurAmr	1	100
CACNA1A	5	EurAmr	3	166.66666666666669
CACNA1B	3	EurAmr	7	42.857142857142854
CACNA1C	6	EurAmr	4	150
CACNA1D	2	EurAmr	2	100
CACNA1E	6	EurAmr	2	300
CACNA1F	3	EurAmr	2	150
CACNA1G	3	EurAmr	2	150
CACNA1S	2	EurAmr	3	66.66666666666666
CACNA2D1	2	EurAmr	1	200
CACNA2D3	2	EurAmr	2	100
CACNA2D4	1	EurAmr	1	100
CACNB2	4	EurAmr	1	400
CACNG1	1	EurAmr	1	100
CACNG4	1	EurAmr	1	100
CACNG5	1	EurAmr	1	100
CACTIN	1	EurAmr	1	100
CACYBP	1	EurAmr	1	100
CAD	5	EurAmr	1	500
CADM1	3	EurAmr	1	300
CADM2	1	EurAmr	2	50
CADPS	1	EurAmr	1	100
CADPS2	1	EurAmr	2	50
CALCB	1	EurAmr	1	100
CALCR	1	EurAmr	1	100
CALHM1	1	EurAmr	1	100
CALHM2	2	EurAmr	1	200
CALR	1	EurAmr	1	100
CALU	2	EurAmr	1	200
CAMK1D	2	EurAmr	2	100
CAMK1G	1	EurAmr	1	100
CAMP	2	EurAmr	1	200
CAMSAP1	3	EurAmr	1	300
CAMSAP2	1	EurAmr	1	100
CAMSAP3	1	EurAmr	3	33.33333333333333
CAMTA1	5	EurAmr	2	250
CAMTA2	3	EurAmr	1	300
CAND1	2	EurAmr	2	100
CAND2	3	EurAmr	2	150
CAP2	1	EurAmr	1	100
CAPN1	1	EurAmr	1	100
CAPN11	1	EurAmr	2	50
CAPN12	1	EurAmr	1	100
CAPN13	1	EurAmr	1	100
CAPN15	4	EurAmr	1	400
CAPN3	3	EurAmr	2	150
CAPN5	2	EurAmr	2	100
CAPN7	1	EurAmr	1	100
CAPNS1	1	EurAmr	1	100
CAPNS2	1	EurAmr	1	100
CAPRIN2	3	EurAmr	1	300
CAPS2	1	EurAmr	1	100
CAPZA3	2	EurAmr	2	100
CARD10	1	EurAmr	1	100
CARD11	2	EurAmr	3	66.66666666666666
CARD14	1	EurAmr	1	100
CARD17	1	EurAmr	1	100
CARD8	1	EurAmr	1	100
CARD9	2	EurAmr	3	66.66666666666666
CARHSP1	1	EurAmr	1	100
CARM1	2	EurAmr	1	200
CARS2	2	EurAmr	1	200
CARTPT	1	EurAmr	1	100
CASC1	1	EurAmr	1	100
CASC4	2	EurAmr	1	200
CASC5	1	EurAmr	2	50
CASD1	1	EurAmr	1	100
CASK	1	EurAmr	1	100
CASKIN1	2	EurAmr	3	66.66666666666666
CASKIN2	4	EurAmr	1	400
CASP1	1	EurAmr	1	100
CASP10	1	EurAmr	1	100
CASP2	2	EurAmr	1	200
CASP4	2	EurAmr	1	200
CASP5	3	EurAmr	1	300
CASP7	1	EurAmr	1	100
CASP8	1	EurAmr	1	100
CASP8AP2	2	EurAmr	1	200
CASQ1	1	EurAmr	1	100
CASR	2	EurAmr	2	100
CASS4	1	EurAmr	2	50
CAST	1	EurAmr	1	100
CASZ1	4	EurAmr	1	400
CAT	1	EurAmr	1	100
CATSPER1	7	EurAmr	1	700
CATSPER3	1	EurAmr	1	100
CATSPER4	1	EurAmr	1	100
CATSPERB	1	EurAmr	1	100
CATSPERD	1	EurAmr	3	33.33333333333333
CATSPERG	2	EurAmr	2	100
CBFA2T2	3	EurAmr	2	150
CBFA2T3	1	EurAmr	1	100
CBLB	1	EurAmr	2	50
CBLC	1	EurAmr	1	100
CBLL1	1	EurAmr	2	50
CBLN4	1	EurAmr	1	100
CBWD1	1	EurAmr	1	100
CBX1	2	EurAmr	1	200
CBX2	1	EurAmr	1	100
CBX3	1	EurAmr	1	100
CBY1	1	EurAmr	1	100
CC2D1B	2	EurAmr	1	200
CC2D2A	1	EurAmr	3	33.33333333333333
CC2D2B	1	EurAmr	1	100
CCAR1	2	EurAmr	2	100
CCDC101	2	EurAmr	1	200
CCDC106	2	EurAmr	1	200
CCDC108	2	EurAmr	2	100
CCDC110	2	EurAmr	1	200
CCDC112	3	EurAmr	1	300
CCDC113	1	EurAmr	1	100
CCDC114	4	EurAmr	2	200
CCDC116	1	EurAmr	2	50
CCDC12	1	EurAmr	1	100
CCDC124	1	EurAmr	1	100
CCDC126	1	EurAmr	1	100
CCDC129	3	EurAmr	1	300
CCDC13	3	EurAmr	1	300
CCDC130	1	EurAmr	2	50
CCDC132	2	EurAmr	1	200
CCDC136	1	EurAmr	1	100
CCDC137	1	EurAmr	1	100
CCDC138	1	EurAmr	2	50
CCDC14	1	EurAmr	1	100
CCDC141	3	EurAmr	1	300
CCDC142	1	EurAmr	1	100
CCDC144A	2	EurAmr	1	200
CCDC15	3	EurAmr	1	300
CCDC150	1	EurAmr	1	100
CCDC158	3	EurAmr	1	300
CCDC159	1	EurAmr	1	100
CCDC163P	2	EurAmr	1	200
CCDC167	1	EurAmr	1	100
CCDC170	1	EurAmr	3	33.33333333333333
CCDC171	1	EurAmr	2	50
CCDC173	2	EurAmr	1	200
CCDC174	1	EurAmr	1	100
CCDC18	1	EurAmr	1	100
CCDC180	2	EurAmr	2	100
CCDC185	1	EurAmr	1	100
CCDC186	2	EurAmr	1	200
CCDC25	2	EurAmr	1	200
CCDC27	1	EurAmr	1	100
CCDC36	1	EurAmr	1	100
CCDC40	1	EurAmr	2	50
CCDC42	2	EurAmr	1	200
CCDC47	1	EurAmr	1	100
CCDC57	1	EurAmr	1	100
CCDC6	2	EurAmr	2	100
CCDC60	4	EurAmr	1	400
CCDC62	2	EurAmr	2	100
CCDC63	1	EurAmr	2	50
CCDC64	2	EurAmr	1	200
CCDC64B	1	EurAmr	1	100
CCDC65	3	EurAmr	1	300
CCDC66	1	EurAmr	1	100
CCDC69	1	EurAmr	2	50
CCDC7	2	EurAmr	2	100
CCDC73	2	EurAmr	1	200
CCDC74A	1	EurAmr	1	100
CCDC78	1	EurAmr	1	100
CCDC8	1	EurAmr	3	33.33333333333333
CCDC80	1	EurAmr	2	50
CCDC82	1	EurAmr	1	100
CCDC84	1	EurAmr	1	100
CCDC85A	1	EurAmr	1	100
CCDC87	1	EurAmr	2	50
CCDC88A	1	EurAmr	1	100
CCDC88B	1	EurAmr	2	50
CCDC88C	8	EurAmr	2	400
CCDC9	1	EurAmr	1	100
CCDC90B	1	EurAmr	1	100
CCDC91	2	EurAmr	1	200
CCDC92	2	EurAmr	2	100
CCDC93	1	EurAmr	2	50
CCDC96	1	EurAmr	1	100
CCER1	3	EurAmr	1	300
CCHCR1	1	EurAmr	1	100
CCKAR	3	EurAmr	2	150
CCKBR	2	EurAmr	1	200
CCL1	2	EurAmr	1	200
CCL21	1	EurAmr	1	100
CCL24	1	EurAmr	1	100
CCL27	1	EurAmr	1	100
CCL3	1	EurAmr	1	100
CCM2	3	EurAmr	1	300
CCNA1	2	EurAmr	2	100
CCNA2	3	EurAmr	1	300
CCNB1IP1	1	EurAmr	1	100
CCNB2	1	EurAmr	1	100
CCND2	2	EurAmr	1	200
CCND3	1	EurAmr	1	100
CCNE1	3	EurAmr	1	300
CCNE2	1	EurAmr	1	100
CCNF	1	EurAmr	2	50
CCNG2	1	EurAmr	1	100
CCNJ	1	EurAmr	1	100
CCNJL	2	EurAmr	1	200
CCNK	2	EurAmr	1	200
CCNL1	1	EurAmr	1	100
CCNY	2	EurAmr	1	200
CCNYL1	1	EurAmr	1	100
CCP110	1	EurAmr	1	100
CCR1	2	EurAmr	1	200
CCR10	1	EurAmr	2	50
CCR2	1	EurAmr	1	100
CCR4	1	EurAmr	1	100
CCR6	1	EurAmr	1	100
CCR7	1	EurAmr	1	100
CCR9	1	EurAmr	1	100
CCRL2	2	EurAmr	1	200
CCS	1	EurAmr	1	100
CCSER1	1	EurAmr	1	100
CCT2	3	EurAmr	1	300
CCT3	2	EurAmr	2	100
CCT5	4	EurAmr	1	400
CCT6A	1	EurAmr	1	100
CCT7	3	EurAmr	1	300
CD101	2	EurAmr	1	200
CD109	2	EurAmr	1	200
CD14	1	EurAmr	1	100
CD151	1	EurAmr	1	100
CD160	1	EurAmr	1	100
CD163	2	EurAmr	2	100
CD163L1	3	EurAmr	3	100
CD19	1	EurAmr	1	100
CD1A	1	EurAmr	1	100
CD1B	2	EurAmr	1	200
CD1C	1	EurAmr	1	100
CD1E	1	EurAmr	1	100
CD2	2	EurAmr	1	200
CD207	1	EurAmr	2	50
CD22	2	EurAmr	1	200
CD248	1	EurAmr	1	100
CD274	1	EurAmr	1	100
CD276	2	EurAmr	1	200
CD300LF	1	EurAmr	1	100
CD320	1	EurAmr	1	100
CD33	2	EurAmr	2	100
CD38	2	EurAmr	1	200
CD4	3	EurAmr	1	300
CD40	1	EurAmr	1	100
CD44	2	EurAmr	3	66.66666666666666
CD46	1	EurAmr	1	100
CD48	1	EurAmr	1	100
CD5	2	EurAmr	1	200
CD52	1	EurAmr	1	100
CD55	1	EurAmr	1	100
CD59	1	EurAmr	1	100
CD5L	1	EurAmr	3	33.33333333333333
CD63	1	EurAmr	1	100
CD7	1	EurAmr	1	100
CD74	1	EurAmr	1	100
CD79B	1	EurAmr	1	100
CD80	1	EurAmr	1	100
CD81	1	EurAmr	2	50
CD84	1	EurAmr	1	100
CD9	1	EurAmr	1	100
CD93	4	EurAmr	1	400
CDADC1	2	EurAmr	1	200
CDAN1	4	EurAmr	1	400
CDC14A	2	EurAmr	3	66.66666666666666
CDC16	1	EurAmr	1	100
CDC20B	1	EurAmr	1	100
CDC23	2	EurAmr	1	200
CDC25B	1	EurAmr	2	50
CDC34	2	EurAmr	1	200
CDC37	1	EurAmr	1	100
CDC37L1	1	EurAmr	1	100
CDC42	1	EurAmr	1	100
CDC42BPA	2	EurAmr	2	100
CDC42BPB	1	EurAmr	1	100
CDC42BPG	3	EurAmr	2	150
CDC42EP1	1	EurAmr	1	100
CDC42EP2	1	EurAmr	1	100
CDC42EP4	1	EurAmr	1	100
CDC42SE2	2	EurAmr	1	200
CDC5L	1	EurAmr	1	100
CDC6	1	EurAmr	1	100
CDC7	1	EurAmr	1	100
CDC73	3	EurAmr	2	150
CDCA2	2	EurAmr	1	200
CDCA3	1	EurAmr	1	100
CDCA4	1	EurAmr	1	100
CDCA5	1	EurAmr	1	100
CDCA8	1	EurAmr	2	50
CDCP1	1	EurAmr	1	100
CDCP2	1	EurAmr	1	100
CDH1	1	EurAmr	1	100
CDH10	3	EurAmr	2	150
CDH11	3	EurAmr	5	60
CDH12	2	EurAmr	1	200
CDH13	1	EurAmr	1	100
CDH17	2	EurAmr	1	200
CDH18	3	EurAmr	3	100
CDH19	1	EurAmr	1	100
CDH2	3	EurAmr	3	100
CDH20	2	EurAmr	3	66.66666666666666
CDH22	2	EurAmr	2	100
CDH23	5	EurAmr	3	166.66666666666669
CDH26	2	EurAmr	2	100
CDH4	2	EurAmr	2	100
CDH5	4	EurAmr	1	400
CDH6	2	EurAmr	1	200
CDH7	1	EurAmr	1	100
CDH8	1	EurAmr	2	50
CDH9	3	EurAmr	2	150
CDHR1	2	EurAmr	2	100
CDHR2	1	EurAmr	2	50
CDHR3	1	EurAmr	2	50
CDIPT	2	EurAmr	2	100
CDK10	3	EurAmr	1	300
CDK11A	1	EurAmr	1	100
CDK12	2	EurAmr	1	200
CDK13	1	EurAmr	1	100
CDK14	1	EurAmr	1	100
CDK18	1	EurAmr	1	100
CDK4	2	EurAmr	1	200
CDK5R1	1	EurAmr	1	100
CDK5RAP1	2	EurAmr	2	100
CDK5RAP2	2	EurAmr	2	100
CDK5RAP3	1	EurAmr	1	100
CDK8	1	EurAmr	1	100
CDK9	1	EurAmr	1	100
CDKAL1	2	EurAmr	1	200
CDKL1	1	EurAmr	1	100
CDKL2	1	EurAmr	1	100
CDKL3	1	EurAmr	1	100
CDKL4	1	EurAmr	1	100
CDKL5	2	EurAmr	1	200
CDKN2AIP	1	EurAmr	1	100
CDON	1	EurAmr	2	50
CDRT1	1	EurAmr	1	100
CDRT4	2	EurAmr	1	200
CDSN	2	EurAmr	1	200
CDX4	1	EurAmr	1	100
CDYL	1	EurAmr	1	100
CDYL2	1	EurAmr	3	33.33333333333333
CEACAM16	2	EurAmr	1	200
CEACAM18	1	EurAmr	1	100
CEACAM20	1	EurAmr	1	100
CEACAM21	1	EurAmr	1	100
CEACAM3	2	EurAmr	2	100
CEACAM4	1	EurAmr	1	100
CEACAM5	3	EurAmr	1	300
CEACAM6	2	EurAmr	1	200
CEACAM7	1	EurAmr	1	100
CEBPE	1	EurAmr	1	100
CEBPZ	1	EurAmr	3	33.33333333333333
CECR1	1	EurAmr	1	100
CECR2	6	EurAmr	2	300
CECR5	1	EurAmr	1	100
CECR6	1	EurAmr	1	100
CEL	2	EurAmr	1	200
CELF2	2	EurAmr	1	200
CELF4	2	EurAmr	1	200
CELF5	1	EurAmr	1	100
CELF6	2	EurAmr	1	200
CELSR1	4	EurAmr	2	200
CELSR2	5	EurAmr	3	166.66666666666669
CELSR3	7	EurAmr	5	140
CEMIP	1	EurAmr	3	33.33333333333333
CEMP1	1	EurAmr	1	100
CENPB	1	EurAmr	1	100
CENPC	1	EurAmr	2	50
CENPE	1	EurAmr	1	100
CENPF	3	EurAmr	2	150
CENPJ	1	EurAmr	4	25
CENPL	1	EurAmr	1	100
CENPT	1	EurAmr	2	50
CENPW	1	EurAmr	1	100
CEP112	2	EurAmr	1	200
CEP120	5	EurAmr	1	500
CEP128	1	EurAmr	1	100
CEP131	2	EurAmr	1	200
CEP135	2	EurAmr	1	200
CEP152	5	EurAmr	1	500
CEP162	1	EurAmr	1	100
CEP164	2	EurAmr	1	200
CEP170	1	EurAmr	1	100
CEP170B	1	EurAmr	1	100
CEP192	1	EurAmr	1	100
CEP250	1	EurAmr	1	100
CEP350	3	EurAmr	3	100
CEP44	1	EurAmr	2	50
CEP63	1	EurAmr	2	50
CEP68	2	EurAmr	1	200
CEP72	2	EurAmr	1	200
CEP76	2	EurAmr	1	200
CEP78	1	EurAmr	1	100
CEP83	1	EurAmr	1	100
CEP85L	1	EurAmr	1	100
CEP89	3	EurAmr	1	300
CEP97	2	EurAmr	1	200
CEPT1	1	EurAmr	1	100
CER1	1	EurAmr	1	100
CERCAM	1	EurAmr	2	50
CERK	1	EurAmr	1	100
CERKL	1	EurAmr	1	100
CERS1	1	EurAmr	1	100
CERS2	1	EurAmr	2	50
CERS5	1	EurAmr	1	100
CES3	1	EurAmr	2	50
CES5A	2	EurAmr	1	200
CETN1	1	EurAmr	1	100
CETN2	1	EurAmr	1	100
CFAP221	2	EurAmr	1	200
CFAP36	2	EurAmr	2	100
CFAP43	1	EurAmr	1	100
CFAP44	2	EurAmr	2	100
CFAP46	4	EurAmr	1	400
CFAP47	4	EurAmr	3	133.33333333333331
CFAP52	2	EurAmr	1	200
CFAP53	1	EurAmr	1	100
CFAP54	2	EurAmr	2	100
CFAP61	3	EurAmr	3	100
CFAP69	1	EurAmr	1	100
CFAP70	2	EurAmr	1	200
CFAP74	1	EurAmr	1	100
CFAP97	4	EurAmr	1	400
CFH	3	EurAmr	3	100
CFHR1	1	EurAmr	1	100
CFI	1	EurAmr	1	100
CFLAR	4	EurAmr	1	400
CFP	1	EurAmr	1	100
CFTR	1	EurAmr	2	50
CGA	1	EurAmr	1	100
CGN	1	EurAmr	1	100
CGNL1	1	EurAmr	2	50
CGRRF1	1	EurAmr	2	50
CHAD	2	EurAmr	1	200
CHAF1A	3	EurAmr	1	300
CHAF1B	3	EurAmr	1	300
CHAT	3	EurAmr	3	100
CHCHD3	1	EurAmr	1	100
CHCHD4	1	EurAmr	1	100
CHCHD7	1	EurAmr	1	100
CHD1	1	EurAmr	1	100
CHD1L	1	EurAmr	1	100
CHD2	1	EurAmr	1	100
CHD3	6	EurAmr	3	200
CHD4	4	EurAmr	2	200
CHD5	7	EurAmr	1	700
CHD6	3	EurAmr	3	100
CHD7	4	EurAmr	2	200
CHD8	6	EurAmr	3	200
CHD9	4	EurAmr	1	400
CHDH	1	EurAmr	1	100
CHEK2	1	EurAmr	2	50
CHFR	1	EurAmr	1	100
CHGA	2	EurAmr	2	100
CHIT1	2	EurAmr	2	100
CHL1	2	EurAmr	2	100
CHML	2	EurAmr	4	50
CHMP2A	2	EurAmr	1	200
CHMP2B	1	EurAmr	1	100
CHMP7	2	EurAmr	1	200
CHN2	1	EurAmr	1	100
CHP2	1	EurAmr	1	100
CHPF	1	EurAmr	1	100
CHPF2	1	EurAmr	2	50
CHPT1	1	EurAmr	1	100
CHRAC1	1	EurAmr	1	100
CHRD	1	EurAmr	1	100
CHRDL2	2	EurAmr	1	200
CHRFAM7A	2	EurAmr	1	200
CHRM2	4	EurAmr	1	400
CHRM3	1	EurAmr	1	100
CHRM4	1	EurAmr	1	100
CHRM5	3	EurAmr	1	300
CHRNA1	2	EurAmr	2	100
CHRNA2	2	EurAmr	2	100
CHRNA4	2	EurAmr	1	200
CHRNA9	2	EurAmr	1	200
CHRNB4	2	EurAmr	2	100
CHRND	1	EurAmr	1	100
CHRNE	1	EurAmr	1	100
CHST10	1	EurAmr	2	50
CHST11	1	EurAmr	2	50
CHST14	1	EurAmr	1	100
CHST15	2	EurAmr	1	200
CHST2	1	EurAmr	1	100
CHST3	1	EurAmr	1	100
CHST5	1	EurAmr	1	100
CHST6	2	EurAmr	2	100
CHST8	3	EurAmr	2	150
CHST9	3	EurAmr	1	300
CHSY3	2	EurAmr	1	200
CIAPIN1	1	EurAmr	1	100
CIART	1	EurAmr	1	100
CIB2	3	EurAmr	1	300
CIC	3	EurAmr	3	100
CIDEA	1	EurAmr	1	100
CIITA	1	EurAmr	1	100
CILP2	1	EurAmr	3	33.33333333333333
CINP	1	EurAmr	1	100
CIPC	2	EurAmr	1	200
CIRH1A	1	EurAmr	2	50
CIT	3	EurAmr	1	300
CITED2	2	EurAmr	1	200
CIZ1	2	EurAmr	1	200
CKAP2L	2	EurAmr	3	66.66666666666666
CKAP4	1	EurAmr	1	100
CKAP5	2	EurAmr	2	100
CKB	1	EurAmr	1	100
CKM	1	EurAmr	2	50
CKMT1A	1	EurAmr	1	100
CKMT2	2	EurAmr	2	100
CLASP1	1	EurAmr	1	100
CLASP2	2	EurAmr	1	200
CLASRP	2	EurAmr	1	200
CLCA1	2	EurAmr	2	100
CLCA2	1	EurAmr	1	100
CLCA4	2	EurAmr	1	200
CLCN2	2	EurAmr	2	100
CLCN6	1	EurAmr	2	50
CLCN7	2	EurAmr	1	200
CLCNKA	2	EurAmr	2	100
CLDN3	1	EurAmr	1	100
CLDN9	1	EurAmr	1	100
CLDND1	1	EurAmr	1	100
CLEC11A	1	EurAmr	1	100
CLEC12B	2	EurAmr	2	100
CLEC14A	3	EurAmr	2	150
CLEC16A	3	EurAmr	1	300
CLEC18C	1	EurAmr	1	100
CLEC2B	1	EurAmr	1	100
CLEC2L	1	EurAmr	1	100
CLEC4A	1	EurAmr	1	100
CLEC4E	1	EurAmr	1	100
CLEC4F	1	EurAmr	2	50
CLEC4G	1	EurAmr	2	50
CLEC4M	1	EurAmr	1	100
CLEC9A	1	EurAmr	1	100
CLGN	1	EurAmr	1	100
CLHC1	1	EurAmr	1	100
CLIC2	1	EurAmr	1	100
CLIC5	1	EurAmr	2	50
CLIC6	1	EurAmr	1	100
CLIP1	4	EurAmr	2	200
CLIP2	3	EurAmr	1	300
CLIP3	2	EurAmr	1	200
CLIP4	1	EurAmr	1	100
CLK1	3	EurAmr	1	300
CLK2	2	EurAmr	1	200
CLK4	1	EurAmr	1	100
CLMP	1	EurAmr	1	100
CLN3	1	EurAmr	1	100
CLN6	1	EurAmr	1	100
CLN8	1	EurAmr	1	100
CLOCK	2	EurAmr	1	200
CLPTM1	3	EurAmr	1	300
CLPX	1	EurAmr	1	100
CLRN1	1	EurAmr	1	100
CLRN3	1	EurAmr	1	100
CLSPN	1	EurAmr	1	100
CLSTN1	1	EurAmr	2	50
CLSTN2	1	EurAmr	4	25
CLSTN3	2	EurAmr	2	100
CLTB	1	EurAmr	1	100
CLTC	2	EurAmr	2	100
CLTCL1	1	EurAmr	3	33.33333333333333
CLU	1	EurAmr	2	50
CLUAP1	1	EurAmr	1	100
CLUH	2	EurAmr	1	200
CLVS1	1	EurAmr	2	50
CMA1	1	EurAmr	1	100
CMIP	3	EurAmr	2	150
CMKLR1	1	EurAmr	1	100
CMTM7	1	EurAmr	1	100
CMTR1	1	EurAmr	1	100
CMTR2	2	EurAmr	1	200
CMYA5	7	EurAmr	5	140
CNBD2	2	EurAmr	1	200
CNBP	1	EurAmr	1	100
CNDP2	1	EurAmr	1	100
CNGA3	3	EurAmr	3	100
CNGA4	1	EurAmr	4	25
CNGB1	4	EurAmr	2	200
CNKSR2	1	EurAmr	1	100
CNKSR3	2	EurAmr	1	200
CNN2	1	EurAmr	1	100
CNN3	2	EurAmr	1	200
CNNM1	3	EurAmr	1	300
CNNM2	2	EurAmr	1	200
CNNM3	1	EurAmr	1	100
CNNM4	3	EurAmr	2	150
CNOT1	1	EurAmr	2	50
CNOT10	1	EurAmr	1	100
CNOT2	1	EurAmr	1	100
CNOT3	6	EurAmr	2	300
CNOT4	3	EurAmr	1	300
CNOT6L	4	EurAmr	1	400
CNP	2	EurAmr	1	200
CNPPD1	1	EurAmr	1	100
CNPY1	1	EurAmr	1	100
CNTD1	2	EurAmr	1	200
CNTLN	4	EurAmr	2	200
CNTN1	3	EurAmr	3	100
CNTN2	2	EurAmr	1	200
CNTN3	1	EurAmr	3	33.33333333333333
CNTN4	3	EurAmr	3	100
CNTN5	3	EurAmr	2	150
CNTN6	1	EurAmr	2	50
CNTNAP1	1	EurAmr	2	50
CNTNAP2	2	EurAmr	2	100
CNTNAP3	3	EurAmr	1	300
CNTNAP4	3	EurAmr	2	150
CNTNAP5	2	EurAmr	3	66.66666666666666
CNTRL	4	EurAmr	2	200
CNTROB	1	EurAmr	1	100
COBL	2	EurAmr	1	200
COBLL1	1	EurAmr	1	100
COCH	3	EurAmr	2	150
COG1	2	EurAmr	1	200
COG2	3	EurAmr	1	300
COG3	1	EurAmr	2	50
COG4	2	EurAmr	1	200
COG7	3	EurAmr	1	300
COL10A1	2	EurAmr	1	200
COL11A1	2	EurAmr	5	40
COL11A2	1	EurAmr	1	100
COL12A1	5	EurAmr	2	250
COL14A1	1	EurAmr	3	33.33333333333333
COL15A1	3	EurAmr	2	150
COL16A1	2	EurAmr	2	100
COL17A1	2	EurAmr	1	200
COL18A1	3	EurAmr	4	75
COL19A1	1	EurAmr	1	100
COL1A1	2	EurAmr	5	40
COL1A2	3	EurAmr	5	60
COL21A1	1	EurAmr	1	100
COL22A1	2	EurAmr	6	33.33333333333333
COL24A1	1	EurAmr	4	25
COL25A1	2	EurAmr	2	100
COL27A1	3	EurAmr	2	150
COL28A1	2	EurAmr	3	66.66666666666666
COL2A1	1	EurAmr	3	33.33333333333333
COL3A1	2	EurAmr	3	66.66666666666666
COL4A1	2	EurAmr	2	100
COL4A2	4	EurAmr	4	100
COL4A3	1	EurAmr	1	100
COL4A3BP	1	EurAmr	1	100
COL4A4	2	EurAmr	3	66.66666666666666
COL4A5	1	EurAmr	2	50
COL4A6	3	EurAmr	1	300
COL5A1	10	EurAmr	7	142.85714285714286
COL5A2	3	EurAmr	5	60
COL5A3	4	EurAmr	4	100
COL6A1	2	EurAmr	3	66.66666666666666
COL6A2	4	EurAmr	8	50
COL6A3	5	EurAmr	2	250
COL6A5	1	EurAmr	3	33.33333333333333
COL6A6	2	EurAmr	3	66.66666666666666
COL7A1	5	EurAmr	1	500
COL8A1	1	EurAmr	1	100
COL8A2	3	EurAmr	1	300
COL9A1	1	EurAmr	2	50
COLEC11	2	EurAmr	1	200
COLEC12	1	EurAmr	1	100
COLGALT1	1	EurAmr	1	100
COMMD1	1	EurAmr	1	100
COMMD6	1	EurAmr	1	100
COMP	2	EurAmr	1	200
COPA	2	EurAmr	1	200
COPB1	2	EurAmr	1	200
COPB2	1	EurAmr	1	100
COPG1	1	EurAmr	1	100
COPRS	1	EurAmr	1	100
COPS2	1	EurAmr	1	100
COPS6	1	EurAmr	1	100
COPS8	1	EurAmr	1	100
COPZ2	1	EurAmr	1	100
COQ9	1	EurAmr	1	100
CORIN	2	EurAmr	2	100
CORO1B	2	EurAmr	2	100
CORO2B	1	EurAmr	1	100
CORO7	1	EurAmr	1	100
COX15	1	EurAmr	1	100
COX17	1	EurAmr	1	100
COX4I2	2	EurAmr	1	200
COX7C	1	EurAmr	1	100
COX8C	1	EurAmr	1	100
CP	2	EurAmr	2	100
CPA1	2	EurAmr	1	200
CPA5	1	EurAmr	1	100
CPAMD8	2	EurAmr	2	100
CPB1	1	EurAmr	2	50
CPB2	1	EurAmr	1	100
CPE	1	EurAmr	2	50
CPEB1	1	EurAmr	2	50
CPEB3	1	EurAmr	1	100
CPEB4	2	EurAmr	2	100
CPLX4	1	EurAmr	1	100
CPN1	1	EurAmr	1	100
CPN2	1	EurAmr	3	33.33333333333333
CPNE2	1	EurAmr	1	100
CPNE3	1	EurAmr	2	50
CPNE4	2	EurAmr	2	100
CPNE5	3	EurAmr	2	150
CPNE7	1	EurAmr	1	100
CPO	2	EurAmr	1	200
CPOX	1	EurAmr	1	100
CPS1	2	EurAmr	1	200
CPSF1	3	EurAmr	2	150
CPSF2	3	EurAmr	1	300
CPSF4	2	EurAmr	1	200
CPSF6	1	EurAmr	1	100
CPSF7	1	EurAmr	1	100
CPT1A	1	EurAmr	2	50
CPT1B	3	EurAmr	1	300
CPT2	1	EurAmr	1	100
CPXCR1	1	EurAmr	1	100
CPXM1	1	EurAmr	1	100
CPZ	1	EurAmr	1	100
CR1L	2	EurAmr	2	100
CR2	2	EurAmr	5	40
CRABP1	1	EurAmr	1	100
CRACR2A	1	EurAmr	1	100
CRADD	2	EurAmr	1	200
CRB1	7	EurAmr	2	350
CRB2	3	EurAmr	2	150
CREB3L1	3	EurAmr	1	300
CREB3L2	4	EurAmr	1	400
CREB3L4	1	EurAmr	1	100
CREBBP	2	EurAmr	2	100
CREBZF	1	EurAmr	1	100
CRELD1	2	EurAmr	1	200
CRHBP	1	EurAmr	1	100
CRHR2	1	EurAmr	1	100
CRIM1	3	EurAmr	2	150
CRIP2	1	EurAmr	1	100
CRISP1	1	EurAmr	1	100
CRISPLD1	1	EurAmr	2	50
CRK	1	EurAmr	1	100
CRMP1	1	EurAmr	2	50
CRNKL1	1	EurAmr	2	50
CRNN	2	EurAmr	4	50
CROCC	1	EurAmr	1	100
CROT	1	EurAmr	1	100
CRTAC1	1	EurAmr	2	50
CRTC1	2	EurAmr	1	200
CRTC3	1	EurAmr	1	100
CRX	3	EurAmr	1	300
CRYBA4	1	EurAmr	1	100
CRYBB2	2	EurAmr	1	200
CRYBB3	1	EurAmr	1	100
CRYBG3	1	EurAmr	1	100
CRYGB	1	EurAmr	1	100
CRYGD	1	EurAmr	1	100
CRYZL1	1	EurAmr	1	100
CSAD	1	EurAmr	2	50
CSDE1	3	EurAmr	1	300
CSE1L	1	EurAmr	2	50
CSF1	1	EurAmr	1	100
CSF1R	1	EurAmr	1	100
CSF2RB	1	EurAmr	3	33.33333333333333
CSF3R	1	EurAmr	1	100
CSGALNACT1	1	EurAmr	2	50
CSGALNACT2	1	EurAmr	1	100
CSHL1	1	EurAmr	1	100
CSMD1	8	EurAmr	6	133.33333333333331
CSMD2	1	EurAmr	8	12.5
CSMD3	10	EurAmr	7	142.85714285714286
CSNK1A1L	1	EurAmr	1	100
CSNK1D	1	EurAmr	1	100
CSNK2A3	1	EurAmr	1	100
CSPG4	6	EurAmr	3	200
CSPG5	2	EurAmr	2	100
CSPP1	1	EurAmr	3	33.33333333333333
CSRNP1	1	EurAmr	2	50
CSRNP3	1	EurAmr	2	50
CSRP2BP	2	EurAmr	1	200
CST11	1	EurAmr	1	100
CST2	2	EurAmr	1	200
CST7	1	EurAmr	1	100
CST9L	1	EurAmr	1	100
CSTF1	1	EurAmr	1	100
CSTF3	2	EurAmr	2	100
CT47B1	1	EurAmr	1	100
CT55	1	EurAmr	1	100
CTAGE9	1	EurAmr	1	100
CTBP2	2	EurAmr	1	200
CTC-432M15.3	1	EurAmr	1	100
CTC1	3	EurAmr	1	300
CTCF	1	EurAmr	2	50
CTD-3074O7.11	2	EurAmr	1	200
CTDP1	1	EurAmr	1	100
CTDSP2	1	EurAmr	1	100
CTLA4	1	EurAmr	1	100
CTNNA1	4	EurAmr	1	400
CTNNA2	5	EurAmr	2	250
CTNNA3	2	EurAmr	1	200
CTNNAL1	2	EurAmr	1	200
CTNNB1	5	EurAmr	3	166.66666666666669
CTNND1	1	EurAmr	3	33.33333333333333
CTNND2	1	EurAmr	3	33.33333333333333
CTNS	1	EurAmr	1	100
CTPS1	3	EurAmr	1	300
CTPS2	1	EurAmr	1	100
CTR9	4	EurAmr	2	200
CTSA	1	EurAmr	1	100
CTSB	1	EurAmr	2	50
CTSD	1	EurAmr	1	100
CTSE	1	EurAmr	2	50
CTSG	1	EurAmr	3	33.33333333333333
CTSH	1	EurAmr	1	100
CTSO	1	EurAmr	1	100
CTSS	2	EurAmr	2	100
CTTNBP2	4	EurAmr	2	200
CTU2	1	EurAmr	1	100
CUBN	2	EurAmr	4	50
CUEDC2	1	EurAmr	1	100
CUL1	1	EurAmr	3	33.33333333333333
CUL3	1	EurAmr	1	100
CUL4B	2	EurAmr	2	100
CUL5	1	EurAmr	1	100
CUL7	6	EurAmr	2	300
CUL9	2	EurAmr	1	200
CUX1	4	EurAmr	2	200
CUX2	1	EurAmr	1	100
CUZD1	2	EurAmr	1	200
CWC22	4	EurAmr	1	400
CWC25	1	EurAmr	1	100
CWC27	2	EurAmr	1	200
CWF19L2	1	EurAmr	1	100
CWH43	1	EurAmr	2	50
CX3CL1	1	EurAmr	1	100
CXCR2	1	EurAmr	1	100
CXCR4	2	EurAmr	3	66.66666666666666
CXorf21	1	EurAmr	2	50
CXorf36	1	EurAmr	1	100
CXorf40A	1	EurAmr	1	100
CXorf40B	1	EurAmr	1	100
CXorf67	3	EurAmr	1	300
CXXC1	2	EurAmr	1	200
CXXC4	1	EurAmr	1	100
CYB5R1	1	EurAmr	3	33.33333333333333
CYB5R3	1	EurAmr	3	33.33333333333333
CYC1	1	EurAmr	1	100
CYFIP2	2	EurAmr	1	200
CYLC1	2	EurAmr	4	50
CYLC2	1	EurAmr	1	100
CYP11B1	1	EurAmr	2	50
CYP17A1	1	EurAmr	1	100
CYP19A1	1	EurAmr	1	100
CYP1A1	1	EurAmr	3	33.33333333333333
CYP1A2	1	EurAmr	2	50
CYP1B1	2	EurAmr	1	200
CYP20A1	2	EurAmr	1	200
CYP24A1	1	EurAmr	1	100
CYP26A1	2	EurAmr	1	200
CYP2A13	1	EurAmr	1	100
CYP2B6	3	EurAmr	2	150
CYP2C18	2	EurAmr	1	200
CYP2C9	1	EurAmr	1	100
CYP2D6	1	EurAmr	1	100
CYP2E1	1	EurAmr	1	100
CYP2J2	1	EurAmr	1	100
CYP2R1	1	EurAmr	1	100
CYP2S1	2	EurAmr	1	200
CYP2U1	1	EurAmr	1	100
CYP39A1	2	EurAmr	1	200
CYP3A43	1	EurAmr	2	50
CYP3A7	2	EurAmr	1	200
CYP46A1	2	EurAmr	1	200
CYP4A22	1	EurAmr	1	100
CYP4F11	1	EurAmr	1	100
CYP4F12	2	EurAmr	1	200
CYP4F2	3	EurAmr	1	300
CYP4F8	1	EurAmr	1	100
CYP4V2	1	EurAmr	1	100
CYP4X1	1	EurAmr	1	100
CYP4Z1	1	EurAmr	1	100
CYP7A1	1	EurAmr	2	50
CYP8B1	1	EurAmr	1	100
CYR61	1	EurAmr	1	100
CYTH2	1	EurAmr	1	100
CYTH3	1	EurAmr	1	100
D2HGDH	2	EurAmr	2	100
DAAM1	4	EurAmr	3	133.33333333333331
DAAM2	4	EurAmr	2	200
DAB2	2	EurAmr	2	100
DAB2IP	1	EurAmr	1	100
DACH1	1	EurAmr	1	100
DACH2	1	EurAmr	3	33.33333333333333
DACT1	3	EurAmr	2	150
DAG1	1	EurAmr	1	100
DAGLA	3	EurAmr	2	150
DAGLB	3	EurAmr	2	150
DAO	2	EurAmr	2	100
DAPK1	2	EurAmr	1	200
DAPP1	1	EurAmr	2	50
DARS	1	EurAmr	2	50
DAXX	3	EurAmr	2	150
DBF4B	3	EurAmr	2	150
DBN1	1	EurAmr	1	100
DBNDD2	1	EurAmr	1	100
DBP	2	EurAmr	1	200
DBR1	1	EurAmr	1	100
DCAF13	1	EurAmr	1	100
DCAF15	3	EurAmr	1	300
DCAF4	1	EurAmr	1	100
DCAF4L2	1	EurAmr	2	50
DCAF5	1	EurAmr	1	100
DCAF6	1	EurAmr	1	100
DCAF8	1	EurAmr	2	50
DCAF8L1	1	EurAmr	1	100
DCBLD1	1	EurAmr	1	100
DCBLD2	3	EurAmr	1	300
DCC	2	EurAmr	2	100
DCDC1	6	EurAmr	1	600
DCDC2	1	EurAmr	1	100
DCHS1	8	EurAmr	6	133.33333333333331
DCHS2	4	EurAmr	4	100
DCLK1	2	EurAmr	1	200
DCLRE1B	2	EurAmr	2	100
DCN	1	EurAmr	1	100
DCP1B	4	EurAmr	1	400
DCPS	1	EurAmr	2	50
DCST1	1	EurAmr	1	100
DCSTAMP	2	EurAmr	2	100
DCT	1	EurAmr	1	100
DCTN1	1	EurAmr	2	50
DCTN4	1	EurAmr	1	100
DCUN1D3	1	EurAmr	1	100
DCUN1D4	1	EurAmr	1	100
DDAH1	1	EurAmr	1	100
DDB1	4	EurAmr	1	400
DDHD1	3	EurAmr	2	150
DDHD2	2	EurAmr	2	100
DDI1	1	EurAmr	1	100
DDIAS	1	EurAmr	2	50
DDIT4	1	EurAmr	1	100
DDN	1	EurAmr	1	100
DDO	1	EurAmr	1	100
DDR1	3	EurAmr	1	300
DDR2	1	EurAmr	1	100
DDRGK1	1	EurAmr	1	100
DDX10	2	EurAmr	1	200
DDX11	2	EurAmr	1	200
DDX18	2	EurAmr	1	200
DDX20	1	EurAmr	1	100
DDX24	2	EurAmr	1	200
DDX25	1	EurAmr	1	100
DDX26B	1	EurAmr	1	100
DDX27	1	EurAmr	1	100
DDX28	1	EurAmr	1	100
DDX39A	1	EurAmr	1	100
DDX39B	2	EurAmr	1	200
DDX3X	1	EurAmr	1	100
DDX4	4	EurAmr	2	200
DDX42	1	EurAmr	1	100
DDX46	2	EurAmr	3	66.66666666666666
DDX47	2	EurAmr	1	200
DDX5	2	EurAmr	1	200
DDX50	2	EurAmr	1	200
DDX51	3	EurAmr	1	300
DDX53	1	EurAmr	1	100
DDX54	1	EurAmr	1	100
DDX56	2	EurAmr	1	200
DDX58	1	EurAmr	1	100
DDX59	3	EurAmr	2	150
DDX6	1	EurAmr	1	100
DDX60	2	EurAmr	1	200
DDX60L	6	EurAmr	2	300
DEAF1	1	EurAmr	1	100
DECR1	1	EurAmr	1	100
DEDD	1	EurAmr	2	50
DEF6	1	EurAmr	1	100
DEF8	1	EurAmr	2	50
DEFA4	1	EurAmr	1	100
DEFB119	1	EurAmr	4	25
DEFB128	1	EurAmr	1	100
DEGS1	1	EurAmr	1	100
DENND1A	1	EurAmr	3	33.33333333333333
DENND1C	2	EurAmr	1	200
DENND2A	1	EurAmr	1	100
DENND2D	1	EurAmr	2	50
DENND3	4	EurAmr	1	400
DENND4A	4	EurAmr	1	400
DENND4B	6	EurAmr	2	300
DENND4C	1	EurAmr	1	100
DENND5A	4	EurAmr	2	200
DENND5B	1	EurAmr	2	50
DEPDC1	1	EurAmr	2	50
DEPDC1B	1	EurAmr	1	100
DEPDC4	1	EurAmr	1	100
DEPDC5	2	EurAmr	1	200
DERL1	1	EurAmr	1	100
DERL3	1	EurAmr	1	100
DES	1	EurAmr	1	100
DET1	1	EurAmr	2	50
DFNA5	1	EurAmr	1	100
DFNB31	1	EurAmr	1	100
DFNB59	1	EurAmr	2	50
DGAT1	2	EurAmr	1	200
DGAT2L6	1	EurAmr	1	100
DGCR2	2	EurAmr	2	100
DGCR8	3	EurAmr	1	300
DGKB	1	EurAmr	2	50
DGKD	1	EurAmr	1	100
DGKE	2	EurAmr	1	200
DGKI	2	EurAmr	3	66.66666666666666
DGKQ	1	EurAmr	2	50
DGKZ	1	EurAmr	1	100
DHCR24	1	EurAmr	1	100
DHCR7	3	EurAmr	1	300
DHDDS	1	EurAmr	1	100
DHFR	1	EurAmr	1	100
DHH	2	EurAmr	1	200
DHRS1	1	EurAmr	1	100
DHRS13	3	EurAmr	1	300
DHRS3	1	EurAmr	2	50
DHRS4L2	1	EurAmr	1	100
DHRSX	1	EurAmr	2	50
DHX15	2	EurAmr	2	100
DHX16	3	EurAmr	1	300
DHX30	6	EurAmr	3	200
DHX32	2	EurAmr	1	200
DHX34	2	EurAmr	1	200
DHX36	2	EurAmr	3	66.66666666666666
DHX37	3	EurAmr	2	150
DHX38	2	EurAmr	2	100
DHX40	1	EurAmr	1	100
DHX57	3	EurAmr	1	300
DHX58	3	EurAmr	2	150
DHX8	1	EurAmr	3	33.33333333333333
DHX9	3	EurAmr	1	300
DIAPH1	3	EurAmr	2	150
DIAPH3	1	EurAmr	2	50
DICER1	7	EurAmr	3	233.33333333333334
DIDO1	12	EurAmr	6	200
DIEXF	2	EurAmr	1	200
DIP2A	3	EurAmr	2	150
DIP2B	2	EurAmr	1	200
DIP2C	3	EurAmr	2	150
DIRAS1	2	EurAmr	1	200
DIRAS2	2	EurAmr	1	200
DIRC1	1	EurAmr	1	100
DISC1	1	EurAmr	3	33.33333333333333
DISP1	2	EurAmr	2	100
DISP2	2	EurAmr	2	100
DIXDC1	1	EurAmr	2	50
DKK3	1	EurAmr	1	100
DKKL1	1	EurAmr	1	100
DLAT	3	EurAmr	1	300
DLC1	5	EurAmr	1	500
DLEC1	3	EurAmr	3	100
DLG2	3	EurAmr	1	300
DLG3	1	EurAmr	1	100
DLG4	1	EurAmr	2	50
DLG5	1	EurAmr	2	50
DLGAP1	2	EurAmr	3	66.66666666666666
DLGAP2	2	EurAmr	4	50
DLGAP3	1	EurAmr	1	100
DLGAP4	5	EurAmr	3	166.66666666666669
DLK1	1	EurAmr	2	50
DLK2	1	EurAmr	1	100
DLL1	2	EurAmr	2	100
DMAP1	1	EurAmr	2	50
DMBT1	3	EurAmr	3	100
DMBX1	1	EurAmr	1	100
DMC1	1	EurAmr	1	100
DMD	4	EurAmr	4	100
DMGDH	4	EurAmr	1	400
DMPK	4	EurAmr	1	400
DMRT1	1	EurAmr	1	100
DMRT3	1	EurAmr	2	50
DMRTA2	1	EurAmr	1	100
DMRTC2	1	EurAmr	1	100
DMTF1	3	EurAmr	1	300
DMTN	1	EurAmr	1	100
DMXL1	4	EurAmr	2	200
DMXL2	3	EurAmr	1	300
DNA2	1	EurAmr	1	100
DNAAF1	2	EurAmr	2	100
DNAAF2	2	EurAmr	2	100
DNAAF3	1	EurAmr	3	33.33333333333333
DNAAF5	4	EurAmr	2	200
DNAH1	6	EurAmr	4	150
DNAH10	13	EurAmr	6	216.66666666666666
DNAH11	4	EurAmr	8	50
DNAH12	2	EurAmr	1	200
DNAH17	8	EurAmr	1	800
DNAH2	6	EurAmr	2	300
DNAH3	7	EurAmr	3	233.33333333333334
DNAH5	3	EurAmr	4	75
DNAH6	2	EurAmr	2	100
DNAH7	2	EurAmr	2	100
DNAH8	5	EurAmr	3	166.66666666666669
DNAH9	11	EurAmr	3	366.66666666666663
DNAI1	1	EurAmr	1	100
DNAI2	1	EurAmr	2	50
DNAJA1	1	EurAmr	1	100
DNAJA2	1	EurAmr	1	100
DNAJA3	1	EurAmr	1	100
DNAJA4	1	EurAmr	1	100
DNAJB1	1	EurAmr	1	100
DNAJB11	2	EurAmr	1	200
DNAJB5	1	EurAmr	1	100
DNAJB7	1	EurAmr	2	50
DNAJB8	1	EurAmr	1	100
DNAJC1	1	EurAmr	1	100
DNAJC13	1	EurAmr	3	33.33333333333333
DNAJC16	1	EurAmr	1	100
DNAJC19	1	EurAmr	1	100
DNAJC2	1	EurAmr	1	100
DNAJC22	1	EurAmr	1	100
DNAJC3	2	EurAmr	1	200
DNAJC5B	1	EurAmr	1	100
DNAJC5G	1	EurAmr	1	100
DNAL4	1	EurAmr	1	100
DNASE1L3	1	EurAmr	1	100
DNER	1	EurAmr	3	33.33333333333333
DNHD1	4	EurAmr	2	200
DNLZ	1	EurAmr	1	100
DNM1	2	EurAmr	1	200
DNM1L	1	EurAmr	2	50
DNM2	3	EurAmr	1	300
DNMBP	3	EurAmr	1	300
DNMT3A	3	EurAmr	5	60
DNMT3B	2	EurAmr	3	66.66666666666666
DNMT3L	1	EurAmr	1	100
DNTT	1	EurAmr	1	100
DNTTIP1	1	EurAmr	1	100
DNTTIP2	1	EurAmr	1	100
DOC2A	1	EurAmr	1	100
DOCK1	4	EurAmr	3	133.33333333333331
DOCK10	3	EurAmr	3	100
DOCK11	1	EurAmr	1	100
DOCK2	4	EurAmr	4	100
DOCK3	5	EurAmr	3	166.66666666666669
DOCK4	5	EurAmr	3	166.66666666666669
DOCK5	3	EurAmr	2	150
DOCK6	1	EurAmr	1	100
DOCK7	1	EurAmr	2	50
DOCK8	3	EurAmr	1	300
DOCK9	1	EurAmr	2	50
DOK3	1	EurAmr	1	100
DOK4	2	EurAmr	1	200
DOK5	1	EurAmr	1	100
DOK7	1	EurAmr	1	100
DOLK	2	EurAmr	1	200
DOPEY1	4	EurAmr	3	133.33333333333331
DOPEY2	2	EurAmr	4	50
DOT1L	1	EurAmr	2	50
DPEP1	1	EurAmr	1	100
DPEP3	1	EurAmr	1	100
DPF1	2	EurAmr	1	200
DPF2	3	EurAmr	1	300
DPH1	1	EurAmr	1	100
DPH5	1	EurAmr	1	100
DPM3	1	EurAmr	1	100
DPP10	2	EurAmr	2	100
DPP3	3	EurAmr	1	300
DPP4	1	EurAmr	2	50
DPP6	1	EurAmr	4	25
DPP7	1	EurAmr	1	100
DPP9	1	EurAmr	1	100
DPPA2	1	EurAmr	1	100
DPRX	1	EurAmr	1	100
DPY19L2	1	EurAmr	2	50
DPY19L3	2	EurAmr	2	100
DPYD	2	EurAmr	3	66.66666666666666
DPYS	3	EurAmr	2	150
DPYSL2	1	EurAmr	1	100
DPYSL4	1	EurAmr	1	100
DPYSL5	1	EurAmr	3	33.33333333333333
DQX1	1	EurAmr	1	100
DRAXIN	3	EurAmr	1	300
DRC1	1	EurAmr	1	100
DRC7	2	EurAmr	2	100
DRD1	2	EurAmr	3	66.66666666666666
DRD2	1	EurAmr	3	33.33333333333333
DRD3	1	EurAmr	2	50
DRG2	2	EurAmr	2	100
DRGX	2	EurAmr	1	200
DROSHA	3	EurAmr	2	150
DRP2	1	EurAmr	3	33.33333333333333
DSC1	2	EurAmr	3	66.66666666666666
DSC2	3	EurAmr	1	300
DSC3	4	EurAmr	2	200
DSCAM	6	EurAmr	7	85.71428571428571
DSCAML1	5	EurAmr	6	83.33333333333334
DSCC1	2	EurAmr	1	200
DSE	4	EurAmr	1	400
DSEL	2	EurAmr	2	100
DSG1	1	EurAmr	1	100
DSG2	3	EurAmr	3	100
DSG3	1	EurAmr	1	100
DSG4	2	EurAmr	1	200
DSP	8	EurAmr	2	400
DST	13	EurAmr	2	650
DSTYK	1	EurAmr	1	100
DTL	1	EurAmr	2	50
DTNB	1	EurAmr	2	50
DTX1	2	EurAmr	1	200
DTX2	3	EurAmr	2	150
DTX3L	1	EurAmr	1	100
DTX4	1	EurAmr	1	100
DUOX1	7	EurAmr	1	700
DUOXA2	1	EurAmr	3	33.33333333333333
DUPD1	1	EurAmr	2	50
DUS1L	2	EurAmr	1	200
DUS3L	3	EurAmr	2	150
DUS4L	1	EurAmr	1	100
DUSP10	2	EurAmr	1	200
DUSP12	1	EurAmr	1	100
DUSP13	1	EurAmr	1	100
DUSP14	1	EurAmr	1	100
DUSP15	1	EurAmr	1	100
DUSP16	1	EurAmr	1	100
DUSP22	1	EurAmr	1	100
DUSP26	1	EurAmr	1	100
DUSP27	4	EurAmr	2	200
DUSP7	1	EurAmr	1	100
DUT	1	EurAmr	1	100
DVL1	2	EurAmr	1	200
DVL2	2	EurAmr	1	200
DVL3	1	EurAmr	1	100
DYM	2	EurAmr	2	100
DYNC1H1	8	EurAmr	2	400
DYNC1LI1	2	EurAmr	1	200
DYNC1LI2	1	EurAmr	1	100
DYNC2H1	5	EurAmr	3	166.66666666666669
DYRK1A	1	EurAmr	3	33.33333333333333
DYRK1B	4	EurAmr	1	400
DYRK3	1	EurAmr	2	50
DYRK4	4	EurAmr	1	400
DYSF	3	EurAmr	5	60
DZIP1	2	EurAmr	1	200
DZIP1L	1	EurAmr	1	100
DZIP3	4	EurAmr	1	400
E2F3	1	EurAmr	1	100
E2F4	3	EurAmr	1	300
E2F5	1	EurAmr	1	100
E2F6	1	EurAmr	1	100
E2F7	2	EurAmr	1	200
E2F8	1	EurAmr	1	100
E4F1	1	EurAmr	1	100
EAPP	1	EurAmr	1	100
EARS2	1	EurAmr	1	100
EBAG9	1	EurAmr	2	50
EBF1	1	EurAmr	1	100
EBLN2	1	EurAmr	1	100
EBPL	2	EurAmr	1	200
ECE1	2	EurAmr	1	200
ECEL1	2	EurAmr	1	200
ECHDC1	1	EurAmr	1	100
ECHDC2	1	EurAmr	1	100
ECHDC3	2	EurAmr	1	200
ECI2	1	EurAmr	2	50
ECM1	2	EurAmr	1	200
ECM2	1	EurAmr	1	100
ECSCR	1	EurAmr	1	100
ECT2	2	EurAmr	2	100
ECT2L	1	EurAmr	1	100
EDA	1	EurAmr	1	100
EDAR	1	EurAmr	2	50
EDC3	1	EurAmr	1	100
EDC4	1	EurAmr	1	100
EDDM3A	1	EurAmr	1	100
EDEM1	1	EurAmr	1	100
EDEM2	1	EurAmr	2	50
EDIL3	2	EurAmr	1	200
EDN3	2	EurAmr	1	200
EDNRB	1	EurAmr	1	100
EDRF1	3	EurAmr	1	300
EEA1	3	EurAmr	1	300
EED	3	EurAmr	1	300
EEF1A1	1	EurAmr	2	50
EEF1D	2	EurAmr	1	200
EEF1G	2	EurAmr	1	200
EEF2	2	EurAmr	2	100
EEFSEC	1	EurAmr	1	100
EEPD1	3	EurAmr	2	150
EFCAB11	1	EurAmr	1	100
EFCAB3	1	EurAmr	1	100
EFCAB5	3	EurAmr	1	300
EFCAB6	4	EurAmr	2	200
EFEMP1	4	EurAmr	1	400
EFEMP2	1	EurAmr	2	50
EFHB	1	EurAmr	1	100
EFHC1	1	EurAmr	1	100
EFHD2	2	EurAmr	1	200
EFNB1	1	EurAmr	1	100
EFNB2	1	EurAmr	1	100
EFR3A	3	EurAmr	1	300
EFS	1	EurAmr	1	100
EFTUD1	2	EurAmr	2	100
EFTUD2	4	EurAmr	4	100
EGF	2	EurAmr	3	66.66666666666666
EGFL6	2	EurAmr	1	200
EGFL7	2	EurAmr	1	200
EGFLAM	3	EurAmr	3	100
EGFR	2	EurAmr	1	200
EGLN2	1	EurAmr	1	100
EGR1	1	EurAmr	1	100
EGR2	3	EurAmr	1	300
EGR3	1	EurAmr	1	100
EGR4	1	EurAmr	2	50
EHD1	1	EurAmr	1	100
EHD2	1	EurAmr	1	100
EHD3	6	EurAmr	1	600
EHD4	1	EurAmr	1	100
EHMT1	4	EurAmr	2	200
EHMT2	3	EurAmr	1	300
EI24	1	EurAmr	1	100
EID3	1	EurAmr	1	100
EIF2AK2	1	EurAmr	1	100
EIF2AK3	3	EurAmr	1	300
EIF2AK4	2	EurAmr	1	200
EIF2B3	1	EurAmr	1	100
EIF2B5	1	EurAmr	3	33.33333333333333
EIF2D	1	EurAmr	2	50
EIF3A	1	EurAmr	2	50
EIF3D	1	EurAmr	1	100
EIF3H	1	EurAmr	1	100
EIF3K	1	EurAmr	1	100
EIF3L	1	EurAmr	1	100
EIF4A2	1	EurAmr	2	50
EIF4A3	2	EurAmr	1	200
EIF4B	3	EurAmr	1	300
EIF4ENIF1	2	EurAmr	2	100
EIF4G1	6	EurAmr	1	600
EIF4G2	1	EurAmr	1	100
EIF4G3	5	EurAmr	1	500
EIF5AL1	1	EurAmr	1	100
EIF5B	2	EurAmr	1	200
ELAC2	2	EurAmr	1	200
ELAVL1	1	EurAmr	1	100
ELAVL2	3	EurAmr	2	150
ELAVL3	1	EurAmr	1	100
ELAVL4	1	EurAmr	1	100
ELF1	1	EurAmr	1	100
ELF3	1	EurAmr	2	50
ELFN2	3	EurAmr	1	300
ELK3	1	EurAmr	1	100
ELL	1	EurAmr	1	100
ELMO1	3	EurAmr	3	100
ELMO2	1	EurAmr	1	100
ELMO3	3	EurAmr	2	150
ELMOD1	1	EurAmr	1	100
ELMOD2	2	EurAmr	1	200
ELMSAN1	1	EurAmr	1	100
ELN	1	EurAmr	2	50
ELOVL3	1	EurAmr	1	100
ELOVL6	1	EurAmr	1	100
ELOVL7	1	EurAmr	1	100
ELSPBP1	2	EurAmr	1	200
EMC1	1	EurAmr	1	100
EMC3	1	EurAmr	1	100
EMC4	1	EurAmr	1	100
EMC7	1	EurAmr	1	100
EMC9	1	EurAmr	1	100
EMILIN2	1	EurAmr	1	100
EML1	3	EurAmr	4	75
EML2	2	EurAmr	1	200
EML3	3	EurAmr	1	300
EML4	1	EurAmr	2	50
EML5	1	EurAmr	2	50
EMX2	1	EurAmr	1	100
ENAM	3	EurAmr	2	150
ENC1	1	EurAmr	3	33.33333333333333
ENDOU	1	EurAmr	1	100
ENDOV	1	EurAmr	1	100
ENG	1	EurAmr	1	100
ENKUR	1	EurAmr	1	100
ENO1	2	EurAmr	1	200
ENOSF1	1	EurAmr	1	100
ENOX1	1	EurAmr	1	100
ENOX2	1	EurAmr	1	100
ENPEP	3	EurAmr	1	300
ENPP2	3	EurAmr	2	150
ENPP3	2	EurAmr	1	200
ENPP4	2	EurAmr	2	100
ENPP5	1	EurAmr	2	50
ENPP7	2	EurAmr	1	200
ENSA	1	EurAmr	1	100
ENTPD4	2	EurAmr	3	66.66666666666666
ENTPD5	1	EurAmr	1	100
ENTPD6	3	EurAmr	1	300
ENTPD7	1	EurAmr	1	100
ENTPD8	1	EurAmr	3	33.33333333333333
EOGT	1	EurAmr	1	100
EP300	2	EurAmr	4	50
EP400	7	EurAmr	2	350
EP400NL	1	EurAmr	1	100
EPAS1	6	EurAmr	1	600
EPB41L1	2	EurAmr	2	100
EPB41L2	1	EurAmr	1	100
EPB41L3	1	EurAmr	2	50
EPB41L4A	3	EurAmr	1	300
EPB41L4B	2	EurAmr	1	200
EPB41L5	1	EurAmr	2	50
EPB42	1	EurAmr	1	100
EPC1	2	EurAmr	2	100
EPC2	3	EurAmr	2	150
EPG5	6	EurAmr	1	600
EPHA1	4	EurAmr	2	200
EPHA10	4	EurAmr	2	200
EPHA2	4	EurAmr	1	400
EPHA4	2	EurAmr	3	66.66666666666666
EPHA5	3	EurAmr	2	150
EPHA7	2	EurAmr	3	66.66666666666666
EPHA8	4	EurAmr	5	80
EPHB2	3	EurAmr	5	60
EPHB3	3	EurAmr	2	150
EPHB4	4	EurAmr	4	100
EPHB6	2	EurAmr	1	200
EPHX1	1	EurAmr	2	50
EPM2AIP1	1	EurAmr	1	100
EPN1	2	EurAmr	1	200
EPN3	2	EurAmr	1	200
EPPK1	4	EurAmr	2	200
EPRS	1	EurAmr	1	100
EPS15	1	EurAmr	1	100
EPS8	2	EurAmr	2	100
EPS8L1	1	EurAmr	1	100
EPS8L2	3	EurAmr	2	150
EPS8L3	1	EurAmr	1	100
EPSTI1	2	EurAmr	1	200
EPX	4	EurAmr	1	400
EPYC	1	EurAmr	1	100
ERAL1	1	EurAmr	1	100
ERBB2	5	EurAmr	2	250
ERBB2IP	2	EurAmr	3	66.66666666666666
ERBB3	2	EurAmr	1	200
ERBB4	1	EurAmr	2	50
ERC1	4	EurAmr	2	200
ERC2	2	EurAmr	1	200
ERCC1	2	EurAmr	1	200
ERCC2	1	EurAmr	3	33.33333333333333
ERCC3	1	EurAmr	1	100
ERCC4	3	EurAmr	1	300
ERCC5	1	EurAmr	1	100
ERCC6	1	EurAmr	1	100
ERCC6-PGBD3	1	EurAmr	1	100
ERCC6L2	1	EurAmr	2	50
ERF	4	EurAmr	1	400
ERI1	1	EurAmr	2	50
ERICH1	1	EurAmr	1	100
ERICH3	2	EurAmr	5	40
ERICH6	1	EurAmr	2	50
ERLIN1	1	EurAmr	1	100
ERMAP	1	EurAmr	1	100
ERMARD	1	EurAmr	1	100
ERN1	3	EurAmr	1	300
ERN2	3	EurAmr	1	300
ERO1LB	2	EurAmr	1	200
ERP44	1	EurAmr	1	100
ERV3-1	1	EurAmr	1	100
ESCO1	2	EurAmr	1	200
ESCO2	1	EurAmr	2	50
ESD	1	EurAmr	1	100
ESF1	2	EurAmr	1	200
ESPL1	1	EurAmr	3	33.33333333333333
ESPNL	3	EurAmr	1	300
ESR1	1	EurAmr	2	50
ESR2	1	EurAmr	3	33.33333333333333
ESRP2	2	EurAmr	1	200
ESRRA	2	EurAmr	2	100
ESX1	1	EurAmr	1	100
ESYT1	1	EurAmr	1	100
ESYT2	1	EurAmr	1	100
ESYT3	2	EurAmr	1	200
ETAA1	2	EurAmr	1	200
ETFDH	3	EurAmr	1	300
ETHE1	1	EurAmr	1	100
ETNK2	1	EurAmr	1	100
ETS2	4	EurAmr	1	400
ETV1	1	EurAmr	1	100
ETV2	1	EurAmr	1	100
ETV3L	1	EurAmr	2	50
ETV4	1	EurAmr	1	100
ETV5	1	EurAmr	2	50
ETV6	1	EurAmr	2	50
ETV7	1	EurAmr	1	100
EVA1A	1	EurAmr	1	100
EVC	1	EurAmr	3	33.33333333333333
EVC2	3	EurAmr	1	300
EVPL	6	EurAmr	2	300
EVX1	2	EurAmr	1	200
EWSR1	2	EurAmr	2	100
EXD2	1	EurAmr	2	50
EXD3	2	EurAmr	1	200
EXO1	1	EurAmr	1	100
EXO5	1	EurAmr	1	100
EXOC1	1	EurAmr	1	100
EXOC2	1	EurAmr	1	100
EXOC3	2	EurAmr	1	200
EXOC3L1	1	EurAmr	1	100
EXOC3L4	1	EurAmr	1	100
EXOC4	1	EurAmr	1	100
EXOC5	1	EurAmr	1	100
EXOSC10	2	EurAmr	1	200
EXOSC3	1	EurAmr	1	100
EXOSC5	1	EurAmr	1	100
EXOSC8	1	EurAmr	2	50
EXOSC9	1	EurAmr	1	100
EXPH5	2	EurAmr	2	100
EXT1	2	EurAmr	1	200
EXT2	2	EurAmr	1	200
EXTL1	3	EurAmr	1	300
EXTL2	2	EurAmr	1	200
EXTL3	5	EurAmr	1	500
EYA1	1	EurAmr	1	100
EYA2	2	EurAmr	1	200
EYA4	1	EurAmr	1	100
EYS	2	EurAmr	2	100
EZH2	3	EurAmr	1	300
F10	3	EurAmr	1	300
F11R	1	EurAmr	1	100
F12	1	EurAmr	2	50
F13A1	1	EurAmr	1	100
F13B	1	EurAmr	1	100
F2	1	EurAmr	1	100
F2RL1	1	EurAmr	1	100
F2RL2	1	EurAmr	1	100
F2RL3	1	EurAmr	1	100
F5	1	EurAmr	4	25
F8	1	EurAmr	1	100
FAAH2	1	EurAmr	1	100
FABP4	1	EurAmr	1	100
FABP9	1	EurAmr	1	100
FADS1	1	EurAmr	1	100
FADS3	2	EurAmr	2	100
FAF1	2	EurAmr	1	200
FAF2	2	EurAmr	1	200
FAH	1	EurAmr	2	50
FAHD1	1	EurAmr	1	100
FAIM3	2	EurAmr	1	200
FAM101A	2	EurAmr	1	200
FAM102A	1	EurAmr	1	100
FAM105A	1	EurAmr	2	50
FAM107B	1	EurAmr	1	100
FAM110B	1	EurAmr	2	50
FAM111A	2	EurAmr	1	200
FAM117A	1	EurAmr	1	100
FAM120A	3	EurAmr	1	300
FAM120B	2	EurAmr	1	200
FAM120C	1	EurAmr	2	50
FAM124B	1	EurAmr	1	100
FAM126A	1	EurAmr	1	100
FAM126B	1	EurAmr	1	100
FAM129B	5	EurAmr	2	250
FAM129C	1	EurAmr	4	25
FAM131A	1	EurAmr	1	100
FAM131B	1	EurAmr	1	100
FAM135A	4	EurAmr	1	400
FAM13A	1	EurAmr	1	100
FAM13B	1	EurAmr	3	33.33333333333333
FAM149A	5	EurAmr	1	500
FAM151A	1	EurAmr	1	100
FAM151B	1	EurAmr	1	100
FAM155A	1	EurAmr	1	100
FAM159A	2	EurAmr	1	200
FAM160A2	3	EurAmr	1	300
FAM160B1	1	EurAmr	1	100
FAM160B2	1	EurAmr	1	100
FAM161A	3	EurAmr	1	300
FAM162A	1	EurAmr	1	100
FAM163A	1	EurAmr	1	100
FAM166A	2	EurAmr	1	200
FAM166B	1	EurAmr	1	100
FAM168B	1	EurAmr	1	100
FAM169A	1	EurAmr	1	100
FAM169B	1	EurAmr	2	50
FAM173B	1	EurAmr	1	100
FAM175A	2	EurAmr	1	200
FAM178A	2	EurAmr	2	100
FAM179A	2	EurAmr	1	200
FAM179B	4	EurAmr	3	133.33333333333331
FAM181A	1	EurAmr	2	50
FAM183B	1	EurAmr	2	50
FAM186B	1	EurAmr	1	100
FAM188B	1	EurAmr	1	100
FAM192A	1	EurAmr	1	100
FAM193B	2	EurAmr	1	200
FAM195A	1	EurAmr	1	100
FAM196A	1	EurAmr	1	100
FAM198B	1	EurAmr	1	100
FAM19A5	1	EurAmr	1	100
FAM200A	1	EurAmr	1	100
FAM208A	1	EurAmr	3	33.33333333333333
FAM208B	5	EurAmr	3	166.66666666666669
FAM20A	3	EurAmr	1	300
FAM212A	1	EurAmr	1	100
FAM214A	3	EurAmr	1	300
FAM219A	1	EurAmr	1	100
FAM21A	1	EurAmr	1	100
FAM21C	1	EurAmr	1	100
FAM227B	3	EurAmr	1	300
FAM228A	1	EurAmr	1	100
FAM24A	1	EurAmr	1	100
FAM26D	1	EurAmr	1	100
FAM35A	3	EurAmr	1	300
FAM3D	1	EurAmr	1	100
FAM46B	1	EurAmr	1	100
FAM46C	1	EurAmr	1	100
FAM46D	1	EurAmr	1	100
FAM47B	2	EurAmr	1	200
FAM47C	1	EurAmr	2	50
FAM50B	1	EurAmr	1	100
FAM53B	1	EurAmr	1	100
FAM53C	2	EurAmr	1	200
FAM57A	1	EurAmr	1	100
FAM63B	1	EurAmr	1	100
FAM64A	2	EurAmr	1	200
FAM65A	3	EurAmr	2	150
FAM69A	1	EurAmr	1	100
FAM69B	1	EurAmr	1	100
FAM71A	1	EurAmr	2	50
FAM71B	2	EurAmr	5	40
FAM76B	1	EurAmr	1	100
FAM78A	2	EurAmr	1	200
FAM78B	3	EurAmr	1	300
FAM83A	1	EurAmr	1	100
FAM83B	3	EurAmr	1	300
FAM83C	1	EurAmr	1	100
FAM83D	1	EurAmr	1	100
FAM83G	5	EurAmr	1	500
FAM83H	3	EurAmr	2	150
FAM84A	4	EurAmr	1	400
FAM91A1	2	EurAmr	1	200
FAM96A	1	EurAmr	1	100
FAM9B	1	EurAmr	1	100
FAN1	1	EurAmr	1	100
FANCA	1	EurAmr	3	33.33333333333333
FANCB	1	EurAmr	1	100
FANCC	1	EurAmr	1	100
FANCD2	1	EurAmr	3	33.33333333333333
FANCD2OS	1	EurAmr	1	100
FANCG	1	EurAmr	1	100
FANCM	5	EurAmr	2	250
FAP	1	EurAmr	1	100
FAR1	1	EurAmr	2	50
FAR2	1	EurAmr	1	100
FARP1	3	EurAmr	1	300
FARP2	1	EurAmr	2	50
FARSB	1	EurAmr	2	50
FASLG	1	EurAmr	1	100
FASN	9	EurAmr	2	450
FASTK	2	EurAmr	2	100
FASTKD2	3	EurAmr	1	300
FASTKD3	4	EurAmr	1	400
FAT1	7	EurAmr	5	140
FAT2	11	EurAmr	5	220.00000000000003
FAT3	5	EurAmr	8	62.5
FAT4	11	EurAmr	5	220.00000000000003
FATE1	1	EurAmr	1	100
FAU	1	EurAmr	1	100
FAXC	2	EurAmr	1	200
FBL	2	EurAmr	1	200
FBLIM1	1	EurAmr	1	100
FBLL1	1	EurAmr	1	100
FBLN1	1	EurAmr	1	100
FBLN2	2	EurAmr	4	50
FBLN5	2	EurAmr	1	200
FBLN7	1	EurAmr	1	100
FBN1	8	EurAmr	4	200
FBN2	1	EurAmr	5	20
FBN3	3	EurAmr	7	42.857142857142854
FBP2	1	EurAmr	1	100
FBRS	1	EurAmr	1	100
FBXL12	1	EurAmr	2	50
FBXL17	2	EurAmr	1	200
FBXL18	1	EurAmr	1	100
FBXL21	2	EurAmr	1	200
FBXL3	1	EurAmr	1	100
FBXL4	2	EurAmr	1	200
FBXO11	1	EurAmr	2	50
FBXO15	2	EurAmr	2	100
FBXO17	1	EurAmr	1	100
FBXO18	2	EurAmr	1	200
FBXO21	1	EurAmr	1	100
FBXO24	3	EurAmr	1	300
FBXO25	1	EurAmr	1	100
FBXO27	2	EurAmr	1	200
FBXO31	2	EurAmr	1	200
FBXO34	2	EurAmr	1	200
FBXO36	1	EurAmr	1	100
FBXO38	2	EurAmr	1	200
FBXO42	2	EurAmr	1	200
FBXO43	1	EurAmr	1	100
FBXO44	1	EurAmr	2	50
FBXO45	1	EurAmr	2	50
FBXO46	1	EurAmr	1	100
FBXO47	1	EurAmr	3	33.33333333333333
FBXO48	1	EurAmr	1	100
FBXO7	3	EurAmr	1	300
FBXW10	2	EurAmr	1	200
FBXW11	2	EurAmr	1	200
FBXW2	1	EurAmr	1	100
FBXW4	1	EurAmr	1	100
FBXW5	3	EurAmr	2	150
FBXW7	2	EurAmr	3	66.66666666666666
FBXW8	1	EurAmr	1	100
FCAMR	1	EurAmr	1	100
FCAR	1	EurAmr	2	50
FCER1A	2	EurAmr	2	100
FCGBP	12	EurAmr	5	240
FCGR1A	1	EurAmr	1	100
FCGR2A	1	EurAmr	1	100
FCGR2C	1	EurAmr	1	100
FCGR3B	1	EurAmr	1	100
FCGRT	1	EurAmr	1	100
FCHO1	2	EurAmr	1	200
FCHSD2	1	EurAmr	1	100
FCN1	1	EurAmr	3	33.33333333333333
FCN2	2	EurAmr	2	100
FCN3	1	EurAmr	1	100
FCRL1	1	EurAmr	1	100
FCRL3	2	EurAmr	1	200
FCRL4	1	EurAmr	1	100
FCRL5	5	EurAmr	1	500
FCRLB	1	EurAmr	1	100
FDFT1	3	EurAmr	1	300
FDPS	1	EurAmr	1	100
FDX1	1	EurAmr	1	100
FDX1L	1	EurAmr	1	100
FDXR	1	EurAmr	2	50
FEM1A	2	EurAmr	1	200
FER	2	EurAmr	1	200
FER1L6	3	EurAmr	2	150
FERMT1	1	EurAmr	2	50
FERMT3	2	EurAmr	1	200
FES	1	EurAmr	1	100
FETUB	1	EurAmr	1	100
FEZF1	2	EurAmr	1	200
FEZF2	1	EurAmr	1	100
FFAR3	1	EurAmr	1	100
FGA	3	EurAmr	1	300
FGB	2	EurAmr	1	200
FGD1	3	EurAmr	1	300
FGD2	1	EurAmr	1	100
FGD4	2	EurAmr	2	100
FGD5	1	EurAmr	1	100
FGD6	1	EurAmr	2	50
FGF12	1	EurAmr	1	100
FGF23	2	EurAmr	2	100
FGFBP1	1	EurAmr	1	100
FGFBP2	1	EurAmr	1	100
FGFR1OP2	1	EurAmr	1	100
FGFR3	2	EurAmr	1	200
FGFR4	1	EurAmr	2	50
FGFRL1	1	EurAmr	1	100
FGG	1	EurAmr	1	100
FGGY	1	EurAmr	1	100
FGL1	1	EurAmr	1	100
FGR	1	EurAmr	1	100
FH	1	EurAmr	1	100
FHDC1	3	EurAmr	1	300
FHL2	1	EurAmr	1	100
FHOD3	4	EurAmr	3	133.33333333333331
FIBCD1	1	EurAmr	1	100
FICD	1	EurAmr	1	100
FIG4	1	EurAmr	2	50
FIGN	2	EurAmr	2	100
FILIP1	4	EurAmr	1	400
FILIP1L	2	EurAmr	1	200
FIP1L1	2	EurAmr	1	200
FITM2	1	EurAmr	1	100
FKBP10	2	EurAmr	1	200
FKBP15	3	EurAmr	1	300
FKBP1A	1	EurAmr	1	100
FKBP4	1	EurAmr	1	100
FKBP5	1	EurAmr	1	100
FKBP6	1	EurAmr	1	100
FKBP8	1	EurAmr	1	100
FKTN	1	EurAmr	1	100
FLCN	3	EurAmr	1	300
FLG	4	EurAmr	7	57.14285714285714
FLG2	5	EurAmr	3	166.66666666666669
FLI1	1	EurAmr	1	100
FLII	2	EurAmr	1	200
FLNA	5	EurAmr	5	100
FLNB	1	EurAmr	1	100
FLNC	5	EurAmr	6	83.33333333333334
FLOT1	2	EurAmr	1	200
FLOT2	2	EurAmr	2	100
FLRT1	2	EurAmr	2	100
FLRT2	2	EurAmr	3	66.66666666666666
FLRT3	3	EurAmr	1	300
FLT1	2	EurAmr	3	66.66666666666666
FLT3	2	EurAmr	1	200
FLT4	5	EurAmr	5	100
FLVCR2	1	EurAmr	1	100
FLYWCH1	1	EurAmr	1	100
FMN1	2	EurAmr	1	200
FMN2	1	EurAmr	4	25
FMNL1	1	EurAmr	1	100
FMNL2	1	EurAmr	1	100
FMNL3	1	EurAmr	3	33.33333333333333
FMO2	2	EurAmr	2	100
FMO3	1	EurAmr	1	100
FMR1	2	EurAmr	1	200
FMR1NB	1	EurAmr	1	100
FN1	3	EurAmr	4	75
FNBP1L	2	EurAmr	1	200
FNBP4	1	EurAmr	1	100
FNDC1	8	EurAmr	2	400
FNDC3A	3	EurAmr	1	300
FNDC8	1	EurAmr	2	50
FNDC9	1	EurAmr	1	100
FNIP1	1	EurAmr	1	100
FNIP2	1	EurAmr	1	100
FNTA	3	EurAmr	1	300
FOCAD	1	EurAmr	2	50
FOLH1	2	EurAmr	2	100
FOLR1	1	EurAmr	1	100
FOLR3	2	EurAmr	1	200
FOPNL	1	EurAmr	1	100
FOSL2	1	EurAmr	2	50
FOXA1	1	EurAmr	1	100
FOXA3	1	EurAmr	1	100
FOXB1	1	EurAmr	1	100
FOXB2	1	EurAmr	1	100
FOXC1	1	EurAmr	1	100
FOXC2	2	EurAmr	2	100
FOXD2	1	EurAmr	1	100
FOXD3	1	EurAmr	3	33.33333333333333
FOXD4	2	EurAmr	1	200
FOXD4L1	1	EurAmr	1	100
FOXD4L3	2	EurAmr	2	100
FOXD4L4	2	EurAmr	2	100
FOXF1	1	EurAmr	3	33.33333333333333
FOXF2	1	EurAmr	1	100
FOXG1	2	EurAmr	3	66.66666666666666
FOXI1	1	EurAmr	3	33.33333333333333
FOXJ2	1	EurAmr	2	50
FOXJ3	1	EurAmr	1	100
FOXL2NB	2	EurAmr	1	200
FOXN1	1	EurAmr	1	100
FOXN4	1	EurAmr	2	50
FOXO3	3	EurAmr	1	300
FOXP1	3	EurAmr	1	300
FOXP2	2	EurAmr	1	200
FPGS	2	EurAmr	2	100
FPGT-TNNI3K	1	EurAmr	2	50
FPR1	1	EurAmr	3	33.33333333333333
FPR3	1	EurAmr	1	100
FRAS1	2	EurAmr	1	200
FREM1	4	EurAmr	1	400
FREM2	9	EurAmr	3	300
FRG2B	2	EurAmr	1	200
FRG2C	2	EurAmr	1	200
FRK	1	EurAmr	1	100
FRMD1	4	EurAmr	1	400
FRMD4A	2	EurAmr	2	100
FRMD4B	1	EurAmr	1	100
FRMD5	2	EurAmr	1	200
FRMD6	2	EurAmr	1	200
FRMD7	1	EurAmr	2	50
FRMD8	2	EurAmr	1	200
FRMPD1	3	EurAmr	3	100
FRMPD2	1	EurAmr	3	33.33333333333333
FRMPD3	1	EurAmr	2	50
FRMPD4	1	EurAmr	1	100
FRS3	1	EurAmr	1	100
FRY	4	EurAmr	4	100
FRYL	6	EurAmr	4	150
FRZB	1	EurAmr	1	100
FSCB	2	EurAmr	1	200
FSCN3	2	EurAmr	1	200
FSD2	1	EurAmr	2	50
FSHB	1	EurAmr	1	100
FSIP1	2	EurAmr	1	200
FSIP2	5	EurAmr	2	250
FST	2	EurAmr	1	200
FSTL3	2	EurAmr	1	200
FSTL5	1	EurAmr	3	33.33333333333333
FTCD	2	EurAmr	1	200
FTHL17	1	EurAmr	2	50
FTMT	2	EurAmr	3	66.66666666666666
FTSJ1	2	EurAmr	1	200
FTSJ3	2	EurAmr	3	66.66666666666666
FUBP3	1	EurAmr	1	100
FUK	1	EurAmr	1	100
FURIN	2	EurAmr	1	200
FUS	1	EurAmr	2	50
FUT11	1	EurAmr	1	100
FUT2	1	EurAmr	1	100
FUT4	1	EurAmr	1	100
FUT6	1	EurAmr	2	50
FXR2	2	EurAmr	1	200
FYCO1	3	EurAmr	1	300
FZD1	5	EurAmr	2	250
FZD10	2	EurAmr	4	50
FZD2	1	EurAmr	1	100
FZD3	2	EurAmr	2	100
FZD4	1	EurAmr	1	100
FZD7	1	EurAmr	2	50
FZD8	2	EurAmr	1	200
FZD9	1	EurAmr	1	100
G2E3	2	EurAmr	1	200
G3BP1	3	EurAmr	1	300
G3BP2	1	EurAmr	1	100
G6PC2	1	EurAmr	1	100
G6PC3	1	EurAmr	1	100
GAA	1	EurAmr	2	50
GAB2	1	EurAmr	1	100
GAB3	1	EurAmr	2	50
GAB4	3	EurAmr	1	300
GABARAPL1	1	EurAmr	1	100
GABARAPL2	1	EurAmr	1	100
GABBR1	1	EurAmr	2	50
GABBR2	3	EurAmr	2	150
GABPA	2	EurAmr	1	200
GABRA4	3	EurAmr	2	150
GABRA5	2	EurAmr	3	66.66666666666666
GABRB1	2	EurAmr	4	50
GABRB2	1	EurAmr	2	50
GABRB3	3	EurAmr	3	100
GABRD	2	EurAmr	3	66.66666666666666
GABRE	2	EurAmr	2	100
GABRR3	2	EurAmr	2	100
GAD1	2	EurAmr	1	200
GAD2	2	EurAmr	2	100
GAGE12J	1	EurAmr	1	100
GAK	6	EurAmr	1	600
GAL3ST1	3	EurAmr	1	300
GAL3ST3	1	EurAmr	1	100
GAL3ST4	1	EurAmr	1	100
GALC	1	EurAmr	2	50
GALNT1	1	EurAmr	3	33.33333333333333
GALNT10	1	EurAmr	2	50
GALNT13	2	EurAmr	1	200
GALNT18	1	EurAmr	2	50
GALNT2	2	EurAmr	1	200
GALNT5	2	EurAmr	2	100
GALNT6	1	EurAmr	1	100
GALNT7	1	EurAmr	1	100
GALNT8	2	EurAmr	1	200
GALNTL6	1	EurAmr	1	100
GALR1	1	EurAmr	1	100
GALR2	1	EurAmr	1	100
GALT	1	EurAmr	1	100
GAN	3	EurAmr	1	300
GANAB	2	EurAmr	3	66.66666666666666
GANC	1	EurAmr	1	100
GAP43	2	EurAmr	1	200
GAPDHS	2	EurAmr	1	200
GAPT	1	EurAmr	1	100
GAPVD1	2	EurAmr	1	200
GAREM	2	EurAmr	2	100
GARS	3	EurAmr	2	150
GAS2	2	EurAmr	2	100
GAS2L1	2	EurAmr	1	200
GAS2L2	1	EurAmr	2	50
GAS2L3	1	EurAmr	1	100
GAS6	4	EurAmr	1	400
GAS7	2	EurAmr	3	66.66666666666666
GAS8	3	EurAmr	1	300
GAST	1	EurAmr	1	100
GATA2	1	EurAmr	2	50
GATA3	1	EurAmr	1	100
GATA4	1	EurAmr	1	100
GATAD2A	2	EurAmr	1	200
GATAD2B	2	EurAmr	3	66.66666666666666
GBA	1	EurAmr	3	33.33333333333333
GBA2	4	EurAmr	2	200
GBA3	2	EurAmr	3	66.66666666666666
GBAS	1	EurAmr	1	100
GBE1	4	EurAmr	1	400
GBF1	3	EurAmr	2	150
GBGT1	1	EurAmr	1	100
GBP1	2	EurAmr	1	200
GBP2	2	EurAmr	1	200
GBP4	3	EurAmr	1	300
GBP5	1	EurAmr	1	100
GBX1	2	EurAmr	2	100
GBX2	1	EurAmr	1	100
GCAT	1	EurAmr	1	100
GCC1	4	EurAmr	1	400
GCC2	2	EurAmr	2	100
GCDH	2	EurAmr	1	200
GCG	1	EurAmr	2	50
GCH1	1	EurAmr	1	100
GCHFR	1	EurAmr	1	100
GCK	1	EurAmr	1	100
GCKR	3	EurAmr	1	300
GCLC	1	EurAmr	1	100
GCM2	4	EurAmr	1	400
GCN1L1	2	EurAmr	1	200
GCNT1	1	EurAmr	2	50
GCNT2	1	EurAmr	1	100
GDAP1L1	1	EurAmr	1	100
GDF10	2	EurAmr	1	200
GDF2	1	EurAmr	1	100
GDF5	1	EurAmr	1	100
GDF5OS	1	EurAmr	1	100
GDF7	1	EurAmr	1	100
GDF9	1	EurAmr	1	100
GDI1	1	EurAmr	2	50
GDI2	1	EurAmr	2	50
GDPD3	1	EurAmr	1	100
GDPD4	1	EurAmr	1	100
GDPD5	2	EurAmr	2	100
GDPGP1	1	EurAmr	2	50
GEMIN2	1	EurAmr	1	100
GEMIN4	3	EurAmr	1	300
GEMIN8	1	EurAmr	1	100
GEN1	1	EurAmr	1	100
GFAP	3	EurAmr	1	300
GFER	2	EurAmr	2	100
GFI1B	1	EurAmr	1	100
GFM1	1	EurAmr	1	100
GFM2	1	EurAmr	1	100
GFOD1	1	EurAmr	1	100
GFPT1	1	EurAmr	1	100
GFPT2	2	EurAmr	2	100
GFRA1	2	EurAmr	1	200
GFRA2	1	EurAmr	2	50
GFRA3	3	EurAmr	1	300
GFRAL	1	EurAmr	1	100
GGA1	1	EurAmr	1	100
GGA3	2	EurAmr	1	200
GGCX	1	EurAmr	2	50
GGH	1	EurAmr	1	100
GGNBP2	1	EurAmr	1	100
GGT1	1	EurAmr	2	50
GGT5	1	EurAmr	1	100
GGT7	1	EurAmr	1	100
GGTLC2	1	EurAmr	1	100
GHDC	1	EurAmr	1	100
GHITM	1	EurAmr	1	100
GHR	1	EurAmr	1	100
GHRHR	1	EurAmr	1	100
GIGYF1	1	EurAmr	1	100
GIGYF2	1	EurAmr	1	100
GIMAP1	2	EurAmr	1	200
GIMAP4	1	EurAmr	1	100
GIMAP5	1	EurAmr	1	100
GIMAP8	2	EurAmr	1	200
GINM1	1	EurAmr	1	100
GINS2	1	EurAmr	1	100
GINS3	1	EurAmr	1	100
GIPC1	1	EurAmr	1	100
GIPC3	1	EurAmr	1	100
GIT1	2	EurAmr	1	200
GIT2	1	EurAmr	2	50
GJA3	1	EurAmr	1	100
GJA4	1	EurAmr	1	100
GJA5	1	EurAmr	2	50
GJA8	4	EurAmr	2	200
GJA9	1	EurAmr	1	100
GJB2	1	EurAmr	1	100
GJB5	1	EurAmr	1	100
GJB6	1	EurAmr	1	100
GJC1	1	EurAmr	2	50
GJC2	2	EurAmr	1	200
GJD4	2	EurAmr	1	200
GK	1	EurAmr	2	50
GK2	3	EurAmr	2	150
GLB1	1	EurAmr	1	100
GLB1L	2	EurAmr	3	66.66666666666666
GLB1L2	2	EurAmr	2	100
GLB1L3	1	EurAmr	1	100
GLCCI1	1	EurAmr	1	100
GLDN	2	EurAmr	1	200
GLE1	2	EurAmr	1	200
GLI1	4	EurAmr	3	133.33333333333331
GLI2	1	EurAmr	4	25
GLIPR1L1	1	EurAmr	1	100
GLIPR2	1	EurAmr	1	100
GLIS1	1	EurAmr	1	100
GLIS2	3	EurAmr	1	300
GLIS3	3	EurAmr	3	100
GLMN	1	EurAmr	2	50
GLMP	1	EurAmr	1	100
GLO1	1	EurAmr	1	100
GLP1R	1	EurAmr	1	100
GLP2R	2	EurAmr	1	200
GLRA1	1	EurAmr	3	33.33333333333333
GLRA2	2	EurAmr	1	200
GLRA3	2	EurAmr	1	200
GLRA4	1	EurAmr	1	100
GLRB	1	EurAmr	1	100
GLRX3	1	EurAmr	2	50
GLS	1	EurAmr	1	100
GLS2	1	EurAmr	1	100
GLT1D1	1	EurAmr	1	100
GLT6D1	2	EurAmr	2	100
GLTSCR1	2	EurAmr	1	200
GLTSCR1L	1	EurAmr	2	50
GLTSCR2	4	EurAmr	2	200
GLUD2	2	EurAmr	1	200
GLYATL1	1	EurAmr	2	50
GMEB1	2	EurAmr	1	200
GMPPA	3	EurAmr	2	150
GMPR	1	EurAmr	1	100
GNA11	2	EurAmr	1	200
GNA13	1	EurAmr	2	50
GNA15	2	EurAmr	2	100
GNAI1	1	EurAmr	1	100
GNAI2	1	EurAmr	1	100
GNAI3	1	EurAmr	1	100
GNAS	2	EurAmr	9	22.22222222222222
GNAZ	1	EurAmr	2	50
GNB1	1	EurAmr	1	100
GNB3	1	EurAmr	2	50
GNB4	1	EurAmr	1	100
GNB5	1	EurAmr	1	100
GNE	2	EurAmr	1	200
GNG7	1	EurAmr	1	100
GNL1	2	EurAmr	1	200
GNL2	1	EurAmr	1	100
GNPDA1	3	EurAmr	1	300
GNPTAB	2	EurAmr	1	200
GNRHR	1	EurAmr	1	100
GOLGA2	1	EurAmr	2	50
GOLGA3	1	EurAmr	2	50
GOLGA5	1	EurAmr	1	100
GOLGA6A	1	EurAmr	1	100
GOLGA6B	1	EurAmr	1	100
GOLGA6D	1	EurAmr	1	100
GOLGA8A	1	EurAmr	1	100
GOLGA8G	1	EurAmr	1	100
GOLGB1	6	EurAmr	1	600
GOLPH3	1	EurAmr	3	33.33333333333333
GOLPH3L	1	EurAmr	1	100
GOLT1A	1	EurAmr	1	100
GOLT1B	1	EurAmr	1	100
GON4L	4	EurAmr	1	400
GORASP2	1	EurAmr	2	50
GOT1	2	EurAmr	2	100
GP2	1	EurAmr	2	50
GP5	3	EurAmr	1	300
GP6	1	EurAmr	1	100
GPA33	1	EurAmr	1	100
GPAM	3	EurAmr	1	300
GPANK1	1	EurAmr	1	100
GPATCH1	1	EurAmr	1	100
GPATCH2L	1	EurAmr	1	100
GPATCH8	1	EurAmr	2	50
GPBAR1	1	EurAmr	1	100
GPC3	1	EurAmr	1	100
GPC4	1	EurAmr	2	50
GPC5	2	EurAmr	2	100
GPCPD1	1	EurAmr	1	100
GPD1	1	EurAmr	1	100
GPER1	2	EurAmr	1	200
GPI	2	EurAmr	3	66.66666666666666
GPKOW	2	EurAmr	1	200
GPLD1	1	EurAmr	1	100
GPN1	1	EurAmr	1	100
GPR107	1	EurAmr	1	100
GPR108	3	EurAmr	1	300
GPR12	2	EurAmr	2	100
GPR132	2	EurAmr	2	100
GPR137	4	EurAmr	1	400
GPR137B	2	EurAmr	1	200
GPR139	3	EurAmr	1	300
GPR143	1	EurAmr	1	100
GPR148	1	EurAmr	1	100
GPR149	2	EurAmr	1	200
GPR151	1	EurAmr	1	100
GPR152	2	EurAmr	1	200
GPR155	1	EurAmr	1	100
GPR157	1	EurAmr	1	100
GPR158	2	EurAmr	1	200
GPR162	1	EurAmr	2	50
GPR17	1	EurAmr	1	100
GPR171	1	EurAmr	1	100
GPR173	1	EurAmr	2	50
GPR179	1	EurAmr	2	50
GPR182	3	EurAmr	2	150
GPR183	1	EurAmr	2	50
GPR19	1	EurAmr	1	100
GPR3	1	EurAmr	1	100
GPR39	2	EurAmr	2	100
GPR4	1	EurAmr	2	50
GPR6	1	EurAmr	1	100
GPR61	1	EurAmr	1	100
GPR62	2	EurAmr	1	200
GPR87	1	EurAmr	1	100
GPRASP1	3	EurAmr	2	150
GPRASP2	3	EurAmr	1	300
GPRC5B	3	EurAmr	3	100
GPRC5C	3	EurAmr	1	300
GPRC5D	1	EurAmr	1	100
GPRC6A	1	EurAmr	2	50
GPRIN2	3	EurAmr	1	300
GPRIN3	2	EurAmr	1	200
GPS1	1	EurAmr	1	100
GPSM1	2	EurAmr	2	100
GPSM2	1	EurAmr	1	100
GPT	1	EurAmr	1	100
GPT2	1	EurAmr	2	50
GPX2	1	EurAmr	1	100
GPX5	2	EurAmr	2	100
GPX6	1	EurAmr	1	100
GRAMD1A	3	EurAmr	2	150
GRAMD1B	1	EurAmr	1	100
GRAMD1C	1	EurAmr	2	50
GRAMD2	1	EurAmr	1	100
GRAP	1	EurAmr	1	100
GRAP2	1	EurAmr	1	100
GRASP	1	EurAmr	1	100
GRB10	2	EurAmr	1	200
GRB14	2	EurAmr	1	200
GRB7	2	EurAmr	1	200
GREB1	4	EurAmr	5	80
GREM2	1	EurAmr	1	100
GRHL1	1	EurAmr	1	100
GRHL2	2	EurAmr	3	66.66666666666666
GRHL3	1	EurAmr	1	100
GRIA1	2	EurAmr	3	66.66666666666666
GRIA4	1	EurAmr	1	100
GRID1	4	EurAmr	3	133.33333333333331
GRID2	2	EurAmr	3	66.66666666666666
GRIK2	2	EurAmr	4	50
GRIK4	1	EurAmr	2	50
GRIK5	1	EurAmr	1	100
GRIN2A	4	EurAmr	3	133.33333333333331
GRIN2B	4	EurAmr	4	100
GRIN2C	4	EurAmr	1	400
GRIN2D	4	EurAmr	3	133.33333333333331
GRIN3A	3	EurAmr	2	150
GRIP2	2	EurAmr	2	100
GRIPAP1	1	EurAmr	1	100
GRK1	1	EurAmr	1	100
GRK6	3	EurAmr	1	300
GRK7	3	EurAmr	2	150
GRM1	3	EurAmr	4	75
GRM2	3	EurAmr	1	300
GRM3	2	EurAmr	1	200
GRM4	2	EurAmr	2	100
GRM5	4	EurAmr	1	400
GRM6	1	EurAmr	2	50
GRM7	3	EurAmr	1	300
GRN	2	EurAmr	1	200
GRPEL1	2	EurAmr	1	200
GRPR	1	EurAmr	1	100
GRSF1	1	EurAmr	1	100
GRTP1	1	EurAmr	1	100
GRWD1	3	EurAmr	1	300
GRXCR1	1	EurAmr	1	100
GSAP	2	EurAmr	1	200
GSDMB	1	EurAmr	1	100
GSDMD	1	EurAmr	2	50
GSE1	5	EurAmr	2	250
GSG1L	1	EurAmr	1	100
GSG2	2	EurAmr	1	200
GSK3B	1	EurAmr	1	100
GSKIP	1	EurAmr	1	100
GSN	2	EurAmr	1	200
GSPT1	2	EurAmr	1	200
GSS	2	EurAmr	1	200
GSTA2	1	EurAmr	1	100
GSTA3	1	EurAmr	1	100
GSTA5	1	EurAmr	1	100
GSTCD	2	EurAmr	1	200
GSTM2	1	EurAmr	1	100
GSTO2	2	EurAmr	1	200
GSTP1	1	EurAmr	1	100
GSX2	2	EurAmr	1	200
GTDC1	1	EurAmr	1	100
GTF2E1	2	EurAmr	1	200
GTF2F1	1	EurAmr	1	100
GTF2H1	2	EurAmr	1	200
GTF2H4	1	EurAmr	1	100
GTF2I	1	EurAmr	1	100
GTF2IRD1	1	EurAmr	1	100
GTF3A	1	EurAmr	2	50
GTF3C1	7	EurAmr	2	350
GTF3C2	2	EurAmr	1	200
GTF3C3	2	EurAmr	2	100
GTPBP3	4	EurAmr	1	400
GTPBP6	1	EurAmr	1	100
GTSE1	2	EurAmr	1	200
GUCA1A	1	EurAmr	1	100
GUCA1C	1	EurAmr	1	100
GUCY1A3	1	EurAmr	1	100
GUCY2C	2	EurAmr	2	100
GUCY2F	1	EurAmr	1	100
GUF1	1	EurAmr	1	100
GXYLT1	1	EurAmr	1	100
GYLTL1B	1	EurAmr	2	50
GYS1	1	EurAmr	1	100
GYS2	1	EurAmr	3	33.33333333333333
GZF1	4	EurAmr	1	400
GZMK	1	EurAmr	1	100
H1FNT	1	EurAmr	1	100
H2AFY	1	EurAmr	1	100
H2AFY2	1	EurAmr	1	100
H2AFZ	3	EurAmr	1	300
H2BFM	2	EurAmr	1	200
H3F3A	1	EurAmr	1	100
H6PD	4	EurAmr	2	200
HABP2	1	EurAmr	1	100
HACD2	1	EurAmr	1	100
HACE1	1	EurAmr	1	100
HADHA	1	EurAmr	1	100
HADHB	2	EurAmr	1	200
HAGH	1	EurAmr	2	50
HAL	1	EurAmr	1	100
HAND2	1	EurAmr	1	100
HAO1	1	EurAmr	1	100
HAO2	1	EurAmr	1	100
HAP1	1	EurAmr	1	100
HAPLN1	1	EurAmr	2	50
HAPLN3	2	EurAmr	1	200
HARBI1	1	EurAmr	1	100
HARS	1	EurAmr	1	100
HAS1	1	EurAmr	2	50
HAS2	2	EurAmr	1	200
HAS3	2	EurAmr	1	200
HAUS2	1	EurAmr	1	100
HAUS3	1	EurAmr	1	100
HAUS5	4	EurAmr	3	133.33333333333331
HAVCR1	1	EurAmr	1	100
HBP1	1	EurAmr	1	100
HBQ1	1	EurAmr	1	100
HBS1L	3	EurAmr	1	300
HCAR2	2	EurAmr	1	200
HCFC1	3	EurAmr	1	300
HCFC2	2	EurAmr	1	200
HCN1	1	EurAmr	3	33.33333333333333
HCN2	1	EurAmr	1	100
HCN4	2	EurAmr	3	66.66666666666666
HCRTR1	1	EurAmr	1	100
HCRTR2	1	EurAmr	1	100
HDAC4	2	EurAmr	2	100
HDAC5	1	EurAmr	1	100
HDAC6	1	EurAmr	1	100
HDAC7	2	EurAmr	1	200
HDAC9	4	EurAmr	2	200
HDC	1	EurAmr	1	100
HDGF	1	EurAmr	1	100
HDHD2	1	EurAmr	2	50
HDLBP	3	EurAmr	1	300
HDX	2	EurAmr	2	100
HEATR1	5	EurAmr	2	250
HEATR3	3	EurAmr	1	300
HEATR4	2	EurAmr	1	200
HEATR5A	3	EurAmr	1	300
HEATR5B	6	EurAmr	1	600
HECA	1	EurAmr	1	100
HECTD1	6	EurAmr	1	600
HECTD2	2	EurAmr	1	200
HECTD4	2	EurAmr	3	66.66666666666666
HECW1	3	EurAmr	5	60
HECW2	5	EurAmr	7	71.42857142857143
HEG1	3	EurAmr	1	300
HELB	2	EurAmr	1	200
HELZ	3	EurAmr	1	300
HEMGN	1	EurAmr	1	100
HEMK1	1	EurAmr	1	100
HEPH	2	EurAmr	1	200
HEPHL1	3	EurAmr	1	300
HERC1	7	EurAmr	4	175
HERC2	6	EurAmr	4	150
HERC3	1	EurAmr	1	100
HERC5	1	EurAmr	2	50
HERC6	1	EurAmr	1	100
HERPUD1	1	EurAmr	2	50
HES2	1	EurAmr	1	100
HES6	1	EurAmr	2	50
HESX1	1	EurAmr	1	100
HEXDC	1	EurAmr	1	100
HEXIM1	1	EurAmr	1	100
HEY2	1	EurAmr	1	100
HFE2	2	EurAmr	1	200
HFM1	3	EurAmr	2	150
HGD	1	EurAmr	1	100
HGS	2	EurAmr	1	200
HGSNAT	2	EurAmr	1	200
HHAT	1	EurAmr	1	100
HHEX	1	EurAmr	1	100
HHIP	3	EurAmr	1	300
HHIPL1	2	EurAmr	2	100
HHIPL2	2	EurAmr	1	200
HHLA3	1	EurAmr	1	100
HIAT1	1	EurAmr	1	100
HIATL1	1	EurAmr	2	50
HIBADH	2	EurAmr	1	200
HIC2	2	EurAmr	1	200
HID1	2	EurAmr	1	200
HIF1A	1	EurAmr	1	100
HIF3A	2	EurAmr	3	66.66666666666666
HINFP	3	EurAmr	1	300
HIP1	4	EurAmr	1	400
HIP1R	1	EurAmr	1	100
HIPK1	1	EurAmr	1	100
HIPK2	3	EurAmr	1	300
HIPK3	1	EurAmr	3	33.33333333333333
HIPK4	4	EurAmr	1	400
HIRIP3	1	EurAmr	1	100
HIST1H1A	1	EurAmr	1	100
HIST1H1B	1	EurAmr	2	50
HIST1H1C	1	EurAmr	1	100
HIST1H1E	1	EurAmr	2	50
HIST1H2AA	1	EurAmr	1	100
HIST1H2AE	1	EurAmr	1	100
HIST1H2BF	1	EurAmr	1	100
HIST1H2BH	1	EurAmr	1	100
HIST1H2BI	1	EurAmr	1	100
HIST1H2BJ	1	EurAmr	1	100
HIST1H3B	1	EurAmr	1	100
HIST1H3G	1	EurAmr	1	100
HIST1H3J	2	EurAmr	1	200
HIST1H4D	1	EurAmr	1	100
HIST1H4G	1	EurAmr	1	100
HIVEP1	3	EurAmr	4	75
HIVEP2	5	EurAmr	1	500
HIVEP3	3	EurAmr	3	100
HK1	3	EurAmr	1	300
HK2	1	EurAmr	1	100
HK3	3	EurAmr	3	100
HLA-A	2	EurAmr	1	200
HLA-DPA1	1	EurAmr	1	100
HLA-DRB1	1	EurAmr	1	100
HLA-F	1	EurAmr	1	100
HLA-G	1	EurAmr	1	100
HLCS	3	EurAmr	3	100
HLX	1	EurAmr	3	33.33333333333333
HMCES	1	EurAmr	2	50
HMCN1	11	EurAmr	7	157.14285714285714
HMG20A	1	EurAmr	1	100
HMG20B	1	EurAmr	2	50
HMGB2	1	EurAmr	2	50
HMGCLL1	1	EurAmr	1	100
HMGCR	1	EurAmr	2	50
HMGXB4	1	EurAmr	2	50
HMHA1	3	EurAmr	1	300
HMMR	1	EurAmr	2	50
HNF1A	1	EurAmr	1	100
HNRNPA0	2	EurAmr	1	200
HNRNPA1L2	1	EurAmr	1	100
HNRNPC	1	EurAmr	1	100
HNRNPCL2	1	EurAmr	1	100
HNRNPF	2	EurAmr	1	200
HNRNPH1	2	EurAmr	1	200
HNRNPH3	1	EurAmr	1	100
HNRNPK	2	EurAmr	1	200
HNRNPM	5	EurAmr	1	500
HNRNPU	1	EurAmr	1	100
HNRNPUL1	1	EurAmr	1	100
HNRNPUL2	2	EurAmr	1	200
HOGA1	1	EurAmr	1	100
HOMER1	1	EurAmr	1	100
HOOK2	2	EurAmr	1	200
HOXA11	1	EurAmr	1	100
HOXA13	1	EurAmr	1	100
HOXA2	1	EurAmr	1	100
HOXA3	2	EurAmr	3	66.66666666666666
HOXA4	1	EurAmr	2	50
HOXA5	1	EurAmr	1	100
HOXA9	1	EurAmr	3	33.33333333333333
HOXB1	1	EurAmr	1	100
HOXB3	4	EurAmr	2	200
HOXB5	1	EurAmr	2	50
HOXB7	1	EurAmr	2	50
HOXB8	1	EurAmr	1	100
HOXB9	1	EurAmr	1	100
HOXC11	1	EurAmr	1	100
HOXC13	1	EurAmr	1	100
HOXC4	1	EurAmr	2	50
HOXC5	1	EurAmr	1	100
HOXC9	1	EurAmr	1	100
HOXD12	3	EurAmr	1	300
HOXD13	1	EurAmr	1	100
HOXD4	1	EurAmr	1	100
HOXD9	1	EurAmr	1	100
HPCAL4	1	EurAmr	1	100
HPD	2	EurAmr	1	200
HPGDS	1	EurAmr	1	100
HPN	1	EurAmr	1	100
HPR	1	EurAmr	1	100
HPS1	2	EurAmr	2	100
HPS3	2	EurAmr	1	200
HPS4	4	EurAmr	1	400
HPS5	1	EurAmr	1	100
HPSE2	1	EurAmr	2	50
HR	3	EurAmr	3	100
HRAS	1	EurAmr	1	100
HRASLS2	1	EurAmr	1	100
HRC	3	EurAmr	2	150
HRH2	1	EurAmr	1	100
HRNR	3	EurAmr	3	100
HS3ST1	2	EurAmr	1	200
HS3ST2	1	EurAmr	2	50
HS6ST1	2	EurAmr	1	200
HSD11B1	1	EurAmr	1	100
HSD17B11	1	EurAmr	1	100
HSD17B12	1	EurAmr	1	100
HSD17B13	1	EurAmr	2	50
HSD17B2	2	EurAmr	2	100
HSD17B3	1	EurAmr	1	100
HSD17B4	2	EurAmr	1	200
HSD17B6	1	EurAmr	1	100
HSD3B1	2	EurAmr	1	200
HSD3B7	2	EurAmr	1	200
HSF2	1	EurAmr	1	100
HSF4	1	EurAmr	3	33.33333333333333
HSF5	2	EurAmr	2	100
HSFX2	1	EurAmr	1	100
HSP90AA1	2	EurAmr	3	66.66666666666666
HSP90B1	1	EurAmr	3	33.33333333333333
HSPA12A	1	EurAmr	1	100
HSPA12B	1	EurAmr	2	50
HSPA13	2	EurAmr	1	200
HSPA1A	1	EurAmr	1	100
HSPA2	2	EurAmr	1	200
HSPA4L	1	EurAmr	1	100
HSPA5	3	EurAmr	2	150
HSPA6	1	EurAmr	2	50
HSPA8	1	EurAmr	1	100
HSPA9	1	EurAmr	1	100
HSPB11	1	EurAmr	1	100
HSPB8	1	EurAmr	1	100
HSPBAP1	2	EurAmr	1	200
HSPBP1	1	EurAmr	1	100
HSPD1	3	EurAmr	1	300
HSPG2	1	EurAmr	2	50
HSPH1	1	EurAmr	1	100
HTATIP2	2	EurAmr	1	200
HTATSF1	3	EurAmr	1	300
HTR1A	1	EurAmr	3	33.33333333333333
HTR1D	1	EurAmr	1	100
HTR1F	1	EurAmr	1	100
HTR2B	1	EurAmr	1	100
HTR3A	3	EurAmr	1	300
HTR3B	2	EurAmr	1	200
HTR3C	2	EurAmr	1	200
HTR3D	2	EurAmr	2	100
HTR3E	1	EurAmr	1	100
HTR4	2	EurAmr	1	200
HTR6	1	EurAmr	1	100
HTR7	2	EurAmr	1	200
HTRA2	1	EurAmr	1	100
HTRA3	1	EurAmr	1	100
HTT	3	EurAmr	1	300
HUS1	1	EurAmr	1	100
HUS1B	1	EurAmr	1	100
HUWE1	3	EurAmr	1	300
HYAL1	1	EurAmr	1	100
HYAL2	1	EurAmr	1	100
HYAL4	2	EurAmr	1	200
HYDIN	4	EurAmr	5	80
HYKK	1	EurAmr	1	100
HYOU1	1	EurAmr	1	100
HZGJ	1	EurAmr	1	100
IAH1	1	EurAmr	1	100
IAPP	1	EurAmr	2	50
IARS	3	EurAmr	1	300
IBA57	2	EurAmr	1	200
IBSP	2	EurAmr	2	100
ICA1	1	EurAmr	1	100
ICAM1	2	EurAmr	1	200
ICAM2	2	EurAmr	1	200
ICAM3	1	EurAmr	1	100
ICAM5	3	EurAmr	1	300
ICE1	5	EurAmr	1	500
ICE2	3	EurAmr	2	150
IDH1	1	EurAmr	1	100
IDH2	3	EurAmr	1	300
IDH3A	2	EurAmr	1	200
IDH3G	1	EurAmr	1	100
IDI1	1	EurAmr	1	100
IDO1	1	EurAmr	2	50
IDO2	2	EurAmr	1	200
IER5L	1	EurAmr	1	100
IFFO1	1	EurAmr	2	50
IFI16	1	EurAmr	1	100
IFI27	1	EurAmr	1	100
IFI27L1	1	EurAmr	1	100
IFI30	1	EurAmr	1	100
IFI44L	2	EurAmr	2	100
IFIH1	3	EurAmr	1	300
IFIT1	2	EurAmr	1	200
IFIT3	1	EurAmr	1	100
IFIT5	1	EurAmr	1	100
IFNA10	1	EurAmr	2	50
IFNA16	1	EurAmr	1	100
IFNAR1	2	EurAmr	1	200
IFNAR2	2	EurAmr	1	200
IFNGR1	1	EurAmr	2	50
IFNK	1	EurAmr	1	100
IFNL2	1	EurAmr	1	100
IFNL3	1	EurAmr	1	100
IFNLR1	1	EurAmr	2	50
IFRD1	3	EurAmr	1	300
IFT122	4	EurAmr	3	133.33333333333331
IFT140	2	EurAmr	2	100
IFT172	2	EurAmr	1	200
IFT52	1	EurAmr	1	100
IFT57	1	EurAmr	1	100
IFT74	1	EurAmr	1	100
IFT80	1	EurAmr	1	100
IFT88	1	EurAmr	2	50
IGDCC3	1	EurAmr	4	25
IGDCC4	3	EurAmr	3	100
IGF1R	4	EurAmr	1	400
IGF2BP1	3	EurAmr	1	300
IGF2BP2	1	EurAmr	1	100
IGF2R	5	EurAmr	3	166.66666666666669
IGFALS	1	EurAmr	1	100
IGFBP2	1	EurAmr	1	100
IGFBP4	1	EurAmr	1	100
IGFBP5	2	EurAmr	1	200
IGHA1	2	EurAmr	2	100
IGHA2	1	EurAmr	3	33.33333333333333
IGHG1	2	EurAmr	1	200
IGHG2	1	EurAmr	1	100
IGHG3	2	EurAmr	1	200
IGHMBP2	2	EurAmr	2	100
IGHV1OR21-1	1	EurAmr	1	100
IGHV3-23	1	EurAmr	1	100
IGHV3-30	1	EurAmr	1	100
IGHV3-35	1	EurAmr	1	100
IGHV3-53	1	EurAmr	1	100
IGHV3OR16-8	1	EurAmr	1	100
IGHV4-31	1	EurAmr	1	100
IGHV4-39	1	EurAmr	1	100
IGHV7-81	1	EurAmr	1	100
IGJ	1	EurAmr	2	50
IGKV1-33	1	EurAmr	1	100
IGKV1-6	1	EurAmr	1	100
IGKV1D-33	1	EurAmr	1	100
IGKV1D-43	1	EurAmr	1	100
IGKV2D-29	1	EurAmr	1	100
IGKV3-11	1	EurAmr	1	100
IGKV4-1	1	EurAmr	1	100
IGKV6D-21	1	EurAmr	1	100
IGKV6D-41	1	EurAmr	1	100
IGLC7	1	EurAmr	1	100
IGLV2-23	1	EurAmr	1	100
IGLV3-22	2	EurAmr	1	200
IGLV3-27	1	EurAmr	1	100
IGLV5-48	1	EurAmr	1	100
IGSF1	3	EurAmr	1	300
IGSF10	5	EurAmr	3	166.66666666666669
IGSF21	1	EurAmr	2	50
IGSF3	2	EurAmr	1	200
IGSF5	1	EurAmr	1	100
IGSF9	1	EurAmr	2	50
IGSF9B	5	EurAmr	2	250
IKBKAP	2	EurAmr	1	200
IKBKB	3	EurAmr	2	150
IKBKE	1	EurAmr	1	100
IKZF1	3	EurAmr	1	300
IKZF2	2	EurAmr	2	100
IKZF3	1	EurAmr	1	100
IL10RA	2	EurAmr	1	200
IL10RB	1	EurAmr	1	100
IL12B	1	EurAmr	2	50
IL16	2	EurAmr	1	200
IL17RA	2	EurAmr	1	200
IL17RC	3	EurAmr	1	300
IL17RD	1	EurAmr	1	100
IL18RAP	1	EurAmr	2	50
IL1R2	1	EurAmr	1	100
IL1RAP	2	EurAmr	1	200
IL1RAPL2	2	EurAmr	1	200
IL1RL2	1	EurAmr	1	100
IL21R	1	EurAmr	1	100
IL23R	1	EurAmr	2	50
IL26	1	EurAmr	1	100
IL2RB	2	EurAmr	1	200
IL31RA	1	EurAmr	2	50
IL32	1	EurAmr	1	100
IL33	1	EurAmr	1	100
IL4I1	1	EurAmr	1	100
IL4R	1	EurAmr	3	33.33333333333333
IL6	1	EurAmr	1	100
IL6R	1	EurAmr	1	100
IL6ST	5	EurAmr	1	500
IL7	1	EurAmr	1	100
IL7R	1	EurAmr	1	100
IL9	1	EurAmr	1	100
ILF2	1	EurAmr	1	100
ILF3	3	EurAmr	1	300
ILVBL	2	EurAmr	1	200
IMMT	1	EurAmr	1	100
IMPA2	1	EurAmr	1	100
IMPACT	1	EurAmr	1	100
IMPDH1	1	EurAmr	1	100
IMPDH2	1	EurAmr	2	50
IMPG1	2	EurAmr	1	200
IMPG2	1	EurAmr	2	50
INA	1	EurAmr	2	50
INADL	1	EurAmr	2	50
INCA1	1	EurAmr	1	100
INCENP	2	EurAmr	1	200
INF2	6	EurAmr	3	200
ING2	1	EurAmr	1	100
ING5	1	EurAmr	1	100
INHBC	1	EurAmr	1	100
INMT	1	EurAmr	2	50
INO80	2	EurAmr	2	100
INO80B	1	EurAmr	1	100
INO80C	1	EurAmr	1	100
INO80D	1	EurAmr	1	100
INO80E	1	EurAmr	1	100
INPP1	1	EurAmr	1	100
INPP4A	1	EurAmr	1	100
INPP4B	1	EurAmr	2	50
INPP5A	1	EurAmr	1	100
INPP5B	1	EurAmr	2	50
INPP5E	1	EurAmr	1	100
INPP5F	1	EurAmr	2	50
INPP5J	1	EurAmr	2	50
INPPL1	1	EurAmr	1	100
INSC	1	EurAmr	1	100
INSIG1	1	EurAmr	1	100
INSL6	1	EurAmr	1	100
INSM2	2	EurAmr	1	200
INSR	3	EurAmr	2	150
INSRR	2	EurAmr	2	100
INTS1	3	EurAmr	2	150
INTS10	3	EurAmr	1	300
INTS3	2	EurAmr	2	100
INTS4	1	EurAmr	1	100
INTS5	2	EurAmr	1	200
INTS7	3	EurAmr	1	300
INTS8	2	EurAmr	1	200
INTU	1	EurAmr	1	100
IP6K1	1	EurAmr	1	100
IPO4	1	EurAmr	1	100
IPO8	2	EurAmr	1	200
IQCA1	1	EurAmr	1	100
IQCB1	1	EurAmr	1	100
IQCF1	1	EurAmr	1	100
IQCF2	1	EurAmr	2	50
IQCG	2	EurAmr	1	200
IQCH	2	EurAmr	1	200
IQCJ-SCHIP1	1	EurAmr	1	100
IQCK	1	EurAmr	1	100
IQGAP1	1	EurAmr	2	50
IQGAP2	4	EurAmr	1	400
IQGAP3	3	EurAmr	2	150
IQSEC1	2	EurAmr	1	200
IQSEC3	3	EurAmr	1	300
IQUB	1	EurAmr	1	100
IRAK1BP1	1	EurAmr	1	100
IRAK4	1	EurAmr	1	100
IREB2	1	EurAmr	1	100
IRF1	1	EurAmr	1	100
IRF2BP1	1	EurAmr	2	50
IRF2BP2	3	EurAmr	1	300
IRF2BPL	1	EurAmr	1	100
IRF3	1	EurAmr	1	100
IRF6	3	EurAmr	1	300
IRF8	3	EurAmr	2	150
IRF9	1	EurAmr	1	100
IRGQ	1	EurAmr	1	100
IRS1	1	EurAmr	4	25
IRS4	3	EurAmr	2	150
IRX1	2	EurAmr	1	200
IRX2	4	EurAmr	2	200
IRX5	1	EurAmr	1	100
ISCA2	1	EurAmr	1	100
ISG20L2	1	EurAmr	1	100
ISLR	2	EurAmr	1	200
ISLR2	1	EurAmr	3	33.33333333333333
ISM1	1	EurAmr	2	50
ISM2	1	EurAmr	1	100
ISOC2	1	EurAmr	1	100
ISYNA1	1	EurAmr	1	100
ITCH	1	EurAmr	2	50
ITFG3	2	EurAmr	2	100
ITGA1	7	EurAmr	2	350
ITGA10	1	EurAmr	1	100
ITGA3	2	EurAmr	1	200
ITGA5	3	EurAmr	1	300
ITGA6	1	EurAmr	2	50
ITGA7	2	EurAmr	2	100
ITGA8	3	EurAmr	1	300
ITGAD	1	EurAmr	1	100
ITGAE	2	EurAmr	2	100
ITGAM	1	EurAmr	1	100
ITGAV	3	EurAmr	1	300
ITGAX	2	EurAmr	2	100
ITGB3	1	EurAmr	1	100
ITGB3BP	1	EurAmr	1	100
ITGB4	5	EurAmr	2	250
ITGB5	3	EurAmr	1	300
ITGB7	1	EurAmr	1	100
ITGB8	1	EurAmr	2	50
ITIH2	4	EurAmr	1	400
ITIH3	1	EurAmr	1	100
ITIH5	4	EurAmr	3	133.33333333333331
ITIH6	4	EurAmr	2	200
ITK	1	EurAmr	2	50
ITLN1	1	EurAmr	1	100
ITLN2	1	EurAmr	1	100
ITM2B	1	EurAmr	1	100
ITPR1	4	EurAmr	4	100
ITPR2	2	EurAmr	4	50
ITPR3	6	EurAmr	2	300
ITPRIP	4	EurAmr	1	400
ITPRIPL1	1	EurAmr	1	100
ITSN1	6	EurAmr	2	300
ITSN2	1	EurAmr	2	50
IVNS1ABP	1	EurAmr	2	50
IWS1	1	EurAmr	1	100
IYD	1	EurAmr	1	100
IZUMO4	1	EurAmr	1	100
JADE2	1	EurAmr	2	50
JAG1	1	EurAmr	3	33.33333333333333
JAG2	2	EurAmr	1	200
JAK1	1	EurAmr	1	100
JAK2	1	EurAmr	2	50
JAK3	4	EurAmr	3	133.33333333333331
JAKMIP1	1	EurAmr	2	50
JAKMIP2	3	EurAmr	1	300
JAKMIP3	1	EurAmr	2	50
JAM2	2	EurAmr	2	100
JARID2	2	EurAmr	1	200
JKAMP	1	EurAmr	1	100
JMJD1C	5	EurAmr	1	500
JMJD7-PLA2G4B	2	EurAmr	2	100
JOSD2	1	EurAmr	1	100
JPH1	1	EurAmr	2	50
JPH2	2	EurAmr	1	200
JPH3	1	EurAmr	1	100
JPH4	3	EurAmr	1	300
JRK	1	EurAmr	1	100
JTB	1	EurAmr	1	100
JUNB	1	EurAmr	1	100
JUND	1	EurAmr	1	100
JUP	1	EurAmr	1	100
KALRN	6	EurAmr	2	300
KANK1	1	EurAmr	1	100
KANK2	2	EurAmr	2	100
KANK4	1	EurAmr	1	100
KANSL1	4	EurAmr	3	133.33333333333331
KANSL1L	1	EurAmr	2	50
KANSL3	1	EurAmr	1	100
KARS	1	EurAmr	1	100
KAT2A	2	EurAmr	1	200
KAT2B	1	EurAmr	1	100
KAT5	1	EurAmr	1	100
KAT6A	1	EurAmr	4	25
KAT6B	3	EurAmr	1	300
KAT7	1	EurAmr	1	100
KATNB1	1	EurAmr	2	50
KATNBL1	1	EurAmr	1	100
KAZN	1	EurAmr	1	100
KBTBD12	1	EurAmr	2	50
KBTBD2	1	EurAmr	2	50
KBTBD3	1	EurAmr	1	100
KBTBD8	2	EurAmr	1	200
KCNA10	1	EurAmr	1	100
KCNA3	2	EurAmr	2	100
KCNA4	2	EurAmr	5	40
KCNA5	1	EurAmr	5	20
KCNA6	2	EurAmr	6	33.33333333333333
KCNA7	1	EurAmr	1	100
KCNAB2	1	EurAmr	1	100
KCNB1	1	EurAmr	1	100
KCNB2	1	EurAmr	7	14.285714285714285
KCNC1	2	EurAmr	2	100
KCNC4	2	EurAmr	2	100
KCND1	1	EurAmr	2	50
KCND2	2	EurAmr	2	100
KCND3	1	EurAmr	2	50
KCNE2	1	EurAmr	1	100
KCNE4	1	EurAmr	1	100
KCNF1	1	EurAmr	1	100
KCNG2	2	EurAmr	1	200
KCNG3	1	EurAmr	2	50
KCNG4	2	EurAmr	1	200
KCNH1	2	EurAmr	2	100
KCNH3	3	EurAmr	2	150
KCNH4	5	EurAmr	3	166.66666666666669
KCNH5	3	EurAmr	3	100
KCNH6	1	EurAmr	3	33.33333333333333
KCNH7	4	EurAmr	2	200
KCNH8	1	EurAmr	1	100
KCNIP3	1	EurAmr	1	100
KCNIP4	2	EurAmr	1	200
KCNJ1	1	EurAmr	1	100
KCNJ10	1	EurAmr	1	100
KCNJ11	1	EurAmr	1	100
KCNJ12	1	EurAmr	1	100
KCNJ13	1	EurAmr	1	100
KCNJ14	2	EurAmr	1	200
KCNJ15	1	EurAmr	2	50
KCNJ2	1	EurAmr	2	50
KCNJ4	1	EurAmr	2	50
KCNJ5	2	EurAmr	1	200
KCNJ6	1	EurAmr	2	50
KCNJ8	1	EurAmr	1	100
KCNK1	3	EurAmr	1	300
KCNK10	1	EurAmr	1	100
KCNK13	2	EurAmr	1	200
KCNK18	1	EurAmr	1	100
KCNK3	3	EurAmr	2	150
KCNK4	1	EurAmr	1	100
KCNK6	2	EurAmr	1	200
KCNMA1	4	EurAmr	1	400
KCNMB4	1	EurAmr	1	100
KCNN3	1	EurAmr	1	100
KCNN4	1	EurAmr	2	50
KCNQ1	1	EurAmr	1	100
KCNQ2	2	EurAmr	2	100
KCNQ3	1	EurAmr	3	33.33333333333333
KCNQ4	1	EurAmr	1	100
KCNQ5	4	EurAmr	3	133.33333333333331
KCNS1	1	EurAmr	1	100
KCNS2	1	EurAmr	1	100
KCNS3	1	EurAmr	1	100
KCNT1	2	EurAmr	3	66.66666666666666
KCNT2	1	EurAmr	2	50
KCNU1	2	EurAmr	2	100
KCNV2	3	EurAmr	2	150
KCTD1	1	EurAmr	1	100
KCTD11	2	EurAmr	2	100
KCTD12	2	EurAmr	1	200
KCTD18	2	EurAmr	1	200
KCTD19	1	EurAmr	2	50
KCTD3	2	EurAmr	1	200
KCTD6	2	EurAmr	1	200
KCTD9	1	EurAmr	1	100
KDELC1	3	EurAmr	1	300
KDELC2	1	EurAmr	2	50
KDELR2	1	EurAmr	1	100
KDM1A	1	EurAmr	1	100
KDM1B	3	EurAmr	2	150
KDM2A	2	EurAmr	1	200
KDM2B	6	EurAmr	2	300
KDM3A	1	EurAmr	2	50
KDM3B	2	EurAmr	2	100
KDM4A	3	EurAmr	2	150
KDM4B	2	EurAmr	1	200
KDM4D	1	EurAmr	1	100
KDM4E	2	EurAmr	1	200
KDM5A	1	EurAmr	2	50
KDM5B	3	EurAmr	3	100
KDM5C	1	EurAmr	1	100
KDM6B	3	EurAmr	2	150
KDM7A	1	EurAmr	1	100
KDM8	1	EurAmr	1	100
KDR	1	EurAmr	1	100
KDSR	1	EurAmr	1	100
KEAP1	1	EurAmr	2	50
KEL	3	EurAmr	2	150
KERA	2	EurAmr	1	200
KHDC1	1	EurAmr	1	100
KHNYN	1	EurAmr	1	100
KIAA0020	1	EurAmr	1	100
KIAA0100	5	EurAmr	2	250
KIAA0141	2	EurAmr	1	200
KIAA0195	4	EurAmr	1	400
KIAA0196	2	EurAmr	1	200
KIAA0226	4	EurAmr	1	400
KIAA0226L	1	EurAmr	1	100
KIAA0232	4	EurAmr	1	400
KIAA0319	1	EurAmr	1	100
KIAA0319L	1	EurAmr	1	100
KIAA0355	2	EurAmr	2	100
KIAA0368	4	EurAmr	1	400
KIAA0391	2	EurAmr	1	200
KIAA0408	1	EurAmr	2	50
KIAA0430	2	EurAmr	1	200
KIAA0556	3	EurAmr	5	60
KIAA0586	1	EurAmr	3	33.33333333333333
KIAA0895	2	EurAmr	3	66.66666666666666
KIAA0895L	1	EurAmr	1	100
KIAA0907	3	EurAmr	1	300
KIAA0922	3	EurAmr	3	100
KIAA0930	1	EurAmr	1	100
KIAA1024	1	EurAmr	1	100
KIAA1045	1	EurAmr	3	33.33333333333333
KIAA1109	4	EurAmr	1	400
KIAA1143	1	EurAmr	1	100
KIAA1161	1	EurAmr	1	100
KIAA1210	2	EurAmr	3	66.66666666666666
KIAA1211	3	EurAmr	3	100
KIAA1217	4	EurAmr	1	400
KIAA1257	2	EurAmr	1	200
KIAA1324	1	EurAmr	1	100
KIAA1324L	1	EurAmr	1	100
KIAA1407	2	EurAmr	2	100
KIAA1462	5	EurAmr	3	166.66666666666669
KIAA1467	2	EurAmr	2	100
KIAA1468	1	EurAmr	2	50
KIAA1522	2	EurAmr	1	200
KIAA1549	5	EurAmr	2	250
KIAA1549L	4	EurAmr	2	200
KIAA1551	2	EurAmr	2	100
KIAA1598	4	EurAmr	1	400
KIAA1614	3	EurAmr	1	300
KIAA1644	1	EurAmr	1	100
KIAA1683	1	EurAmr	1	100
KIAA1715	3	EurAmr	1	300
KIAA1755	1	EurAmr	3	33.33333333333333
KIAA1841	3	EurAmr	2	150
KIAA1919	1	EurAmr	1	100
KIAA1958	3	EurAmr	1	300
KIAA2013	1	EurAmr	1	100
KIAA2018	2	EurAmr	1	200
KIAA2022	2	EurAmr	2	100
KIAA2026	2	EurAmr	1	200
KIDINS220	7	EurAmr	2	350
KIF11	2	EurAmr	1	200
KIF12	1	EurAmr	1	100
KIF13A	4	EurAmr	1	400
KIF13B	2	EurAmr	1	200
KIF15	3	EurAmr	1	300
KIF16B	1	EurAmr	2	50
KIF17	2	EurAmr	2	100
KIF18B	1	EurAmr	1	100
KIF19	3	EurAmr	1	300
KIF1A	4	EurAmr	6	66.66666666666666
KIF1B	2	EurAmr	2	100
KIF1C	1	EurAmr	1	100
KIF20B	4	EurAmr	1	400
KIF21A	1	EurAmr	1	100
KIF21B	4	EurAmr	2	200
KIF22	1	EurAmr	1	100
KIF23	2	EurAmr	1	200
KIF24	1	EurAmr	4	25
KIF26A	2	EurAmr	3	66.66666666666666
KIF26B	7	EurAmr	3	233.33333333333334
KIF27	3	EurAmr	2	150
KIF2B	4	EurAmr	1	400
KIF3C	1	EurAmr	2	50
KIF4A	1	EurAmr	1	100
KIF5A	1	EurAmr	1	100
KIF5B	1	EurAmr	1	100
KIF6	2	EurAmr	2	100
KIF9	1	EurAmr	1	100
KIFAP3	2	EurAmr	1	200
KIFC3	4	EurAmr	2	200
KIR2DL1	1	EurAmr	1	100
KIR2DS4	2	EurAmr	1	200
KIR3DL3	1	EurAmr	3	33.33333333333333
KIRREL	1	EurAmr	1	100
KIRREL2	3	EurAmr	1	300
KIRREL3	3	EurAmr	2	150
KISS1	1	EurAmr	1	100
KIT	4	EurAmr	1	400
KIZ	1	EurAmr	1	100
KL	1	EurAmr	2	50
KLB	1	EurAmr	2	50
KLC1	1	EurAmr	1	100
KLC2	1	EurAmr	1	100
KLF10	2	EurAmr	1	200
KLF11	1	EurAmr	1	100
KLF12	1	EurAmr	2	50
KLF14	2	EurAmr	1	200
KLF15	1	EurAmr	1	100
KLF17	2	EurAmr	1	200
KLF4	1	EurAmr	3	33.33333333333333
KLF5	1	EurAmr	2	50
KLF6	1	EurAmr	1	100
KLHDC3	1	EurAmr	1	100
KLHDC4	2	EurAmr	1	200
KLHDC7A	1	EurAmr	1	100
KLHDC7B	1	EurAmr	1	100
KLHDC8A	2	EurAmr	3	66.66666666666666
KLHL1	3	EurAmr	2	150
KLHL10	2	EurAmr	1	200
KLHL11	1	EurAmr	2	50
KLHL12	1	EurAmr	1	100
KLHL14	2	EurAmr	2	100
KLHL18	1	EurAmr	1	100
KLHL20	3	EurAmr	1	300
KLHL22	2	EurAmr	1	200
KLHL23	1	EurAmr	1	100
KLHL24	1	EurAmr	1	100
KLHL26	1	EurAmr	1	100
KLHL30	3	EurAmr	1	300
KLHL31	2	EurAmr	1	200
KLHL32	2	EurAmr	1	200
KLHL34	2	EurAmr	2	100
KLHL36	4	EurAmr	2	200
KLHL40	1	EurAmr	3	33.33333333333333
KLHL6	3	EurAmr	1	300
KLHL9	2	EurAmr	1	200
KLK13	1	EurAmr	1	100
KLK14	1	EurAmr	1	100
KLK15	2	EurAmr	4	50
KLK3	1	EurAmr	1	100
KLK7	1	EurAmr	1	100
KLRG2	2	EurAmr	1	200
KMO	1	EurAmr	1	100
KMT2A	3	EurAmr	4	75
KMT2B	2	EurAmr	3	66.66666666666666
KMT2C	6	EurAmr	2	300
KMT2D	8	EurAmr	6	133.33333333333331
KMT2E	2	EurAmr	4	50
KNDC1	5	EurAmr	3	166.66666666666669
KNTC1	2	EurAmr	1	200
KPNA6	1	EurAmr	1	100
KPRP	1	EurAmr	1	100
KPTN	1	EurAmr	1	100
KRAS	1	EurAmr	118	0.847457627118644
KRBA1	1	EurAmr	1	100
KRBA2	2	EurAmr	1	200
KRCC1	2	EurAmr	1	200
KREMEN1	2	EurAmr	1	200
KRI1	1	EurAmr	2	50
KRIT1	2	EurAmr	1	200
KRT1	1	EurAmr	2	50
KRT12	2	EurAmr	2	100
KRT15	2	EurAmr	2	100
KRT16	2	EurAmr	1	200
KRT17	2	EurAmr	2	100
KRT19	1	EurAmr	1	100
KRT2	2	EurAmr	1	200
KRT20	1	EurAmr	1	100
KRT25	1	EurAmr	1	100
KRT27	1	EurAmr	1	100
KRT28	1	EurAmr	2	50
KRT3	1	EurAmr	1	100
KRT31	1	EurAmr	2	50
KRT33A	1	EurAmr	1	100
KRT38	1	EurAmr	3	33.33333333333333
KRT39	1	EurAmr	3	33.33333333333333
KRT4	1	EurAmr	2	50
KRT40	1	EurAmr	1	100
KRT5	2	EurAmr	1	200
KRT6A	1	EurAmr	2	50
KRT6C	1	EurAmr	2	50
KRT7	1	EurAmr	1	100
KRT79	1	EurAmr	1	100
KRT80	1	EurAmr	1	100
KRT82	1	EurAmr	1	100
KRT83	3	EurAmr	2	150
KRT85	1	EurAmr	2	50
KRT86	1	EurAmr	1	100
KRTAP10-12	2	EurAmr	1	200
KRTAP10-4	1	EurAmr	1	100
KRTAP10-8	1	EurAmr	1	100
KRTAP11-1	1	EurAmr	3	33.33333333333333
KRTAP12-2	1	EurAmr	1	100
KRTAP13-2	1	EurAmr	1	100
KRTAP13-4	1	EurAmr	1	100
KRTAP15-1	2	EurAmr	1	200
KRTAP17-1	1	EurAmr	1	100
KRTAP19-1	1	EurAmr	1	100
KRTAP19-8	1	EurAmr	1	100
KRTAP20-2	1	EurAmr	1	100
KRTAP21-1	1	EurAmr	1	100
KRTAP24-1	1	EurAmr	2	50
KRTAP4-5	1	EurAmr	1	100
KRTAP4-9	1	EurAmr	1	100
KRTAP5-6	1	EurAmr	1	100
KSR1	4	EurAmr	1	400
KSR2	2	EurAmr	2	100
KTI12	1	EurAmr	1	100
KTN1	1	EurAmr	1	100
KY	1	EurAmr	2	50
KYNU	2	EurAmr	1	200
L2HGDH	1	EurAmr	1	100
L3HYPDH	2	EurAmr	3	66.66666666666666
L3MBTL1	1	EurAmr	2	50
L3MBTL2	1	EurAmr	2	50
L3MBTL4	1	EurAmr	1	100
LACC1	1	EurAmr	1	100
LACE1	3	EurAmr	2	150
LAIR2	1	EurAmr	1	100
LAMA1	7	EurAmr	4	175
LAMA2	5	EurAmr	3	166.66666666666669
LAMA3	4	EurAmr	2	200
LAMA4	4	EurAmr	2	200
LAMA5	10	EurAmr	1	1000
LAMB1	3	EurAmr	1	300
LAMB2	5	EurAmr	2	250
LAMB3	1	EurAmr	2	50
LAMB4	3	EurAmr	2	150
LAMC2	2	EurAmr	1	200
LAMC3	1	EurAmr	1	100
LAMTOR3	1	EurAmr	1	100
LAMTOR5	1	EurAmr	1	100
LANCL1	1	EurAmr	1	100
LAP3	1	EurAmr	1	100
LAPTM4B	1	EurAmr	1	100
LAPTM5	3	EurAmr	1	300
LARGE	1	EurAmr	1	100
LARP1	3	EurAmr	1	300
LARP1B	2	EurAmr	1	200
LARP4	1	EurAmr	2	50
LARS	1	EurAmr	1	100
LARS2	2	EurAmr	2	100
LATS1	1	EurAmr	2	50
LATS2	1	EurAmr	2	50
LAX1	1	EurAmr	1	100
LBH	1	EurAmr	1	100
LBR	1	EurAmr	1	100
LCA5	2	EurAmr	1	200
LCE1C	2	EurAmr	1	200
LCE1F	1	EurAmr	1	100
LCE3A	1	EurAmr	1	100
LCK	1	EurAmr	1	100
LCLAT1	1	EurAmr	1	100
LCMT1	2	EurAmr	1	200
LCMT2	1	EurAmr	2	50
LCN9	2	EurAmr	2	100
LCORL	2	EurAmr	1	200
LCP1	4	EurAmr	2	200
LCT	4	EurAmr	3	133.33333333333331
LCTL	1	EurAmr	1	100
LDB1	1	EurAmr	1	100
LDHB	1	EurAmr	1	100
LDLRAD1	1	EurAmr	1	100
LDLRAD4	1	EurAmr	2	50
LDLRAP1	2	EurAmr	1	200
LDOC1	1	EurAmr	1	100
LDOC1L	2	EurAmr	1	200
LECT2	1	EurAmr	1	100
LEF1	1	EurAmr	1	100
LEFTY2	1	EurAmr	1	100
LEMD1	1	EurAmr	1	100
LEMD2	4	EurAmr	1	400
LEMD3	1	EurAmr	1	100
LENG8	4	EurAmr	1	400
LEPR	1	EurAmr	3	33.33333333333333
LETM1	1	EurAmr	1	100
LFNG	1	EurAmr	1	100
LGALS3	1	EurAmr	1	100
LGALS3BP	2	EurAmr	2	100
LGALS4	3	EurAmr	1	300
LGALS9	1	EurAmr	1	100
LGALS9B	1	EurAmr	1	100
LGI4	1	EurAmr	1	100
LGR5	2	EurAmr	1	200
LGSN	2	EurAmr	1	200
LHCGR	1	EurAmr	2	50
LHFPL5	1	EurAmr	1	100
LHX3	2	EurAmr	2	100
LHX6	1	EurAmr	1	100
LHX8	1	EurAmr	2	50
LIF	1	EurAmr	1	100
LIFR	4	EurAmr	2	200
LIG4	2	EurAmr	1	200
LILRA2	2	EurAmr	2	100
LILRA4	1	EurAmr	1	100
LILRA5	1	EurAmr	1	100
LILRA6	1	EurAmr	2	50
LILRB2	1	EurAmr	1	100
LILRB5	1	EurAmr	1	100
LIM2	1	EurAmr	1	100
LIMA1	3	EurAmr	1	300
LIMD1	2	EurAmr	1	200
LIMK1	1	EurAmr	1	100
LIMK2	1	EurAmr	1	100
LIMS2	1	EurAmr	1	100
LIN37	1	EurAmr	1	100
LIN54	1	EurAmr	2	50
LIN7A	1	EurAmr	2	50
LIN9	1	EurAmr	1	100
LINGO1	1	EurAmr	2	50
LINGO2	1	EurAmr	2	50
LINGO3	1	EurAmr	1	100
LINGO4	3	EurAmr	1	300
LIPA	1	EurAmr	1	100
LIPE	1	EurAmr	1	100
LIPF	2	EurAmr	1	200
LIPG	2	EurAmr	1	200
LIPH	1	EurAmr	1	100
LIPJ	1	EurAmr	1	100
LIX1	1	EurAmr	1	100
LLGL1	5	EurAmr	1	500
LLGL2	3	EurAmr	2	150
LMAN1	1	EurAmr	1	100
LMAN1L	2	EurAmr	3	66.66666666666666
LMAN2	2	EurAmr	1	200
LMBRD2	2	EurAmr	1	200
LMCD1	1	EurAmr	1	100
LMF1	1	EurAmr	1	100
LMF2	1	EurAmr	2	50
LMNB2	1	EurAmr	1	100
LMNTD1	2	EurAmr	1	200
LMO1	1	EurAmr	1	100
LMO7	2	EurAmr	1	200
LMOD1	2	EurAmr	1	200
LMOD3	2	EurAmr	1	200
LMTK2	5	EurAmr	1	500
LMTK3	1	EurAmr	1	100
LMX1A	1	EurAmr	2	50
LMX1B	1	EurAmr	2	50
LNP1	1	EurAmr	1	100
LNPEP	1	EurAmr	2	50
LONP1	3	EurAmr	2	150
LONP2	4	EurAmr	1	400
LONRF2	1	EurAmr	1	100
LONRF3	1	EurAmr	2	50
LOXL2	3	EurAmr	2	150
LOXL3	1	EurAmr	1	100
LOXL4	1	EurAmr	1	100
LPA	3	EurAmr	2	150
LPAR1	1	EurAmr	1	100
LPAR2	1	EurAmr	1	100
LPAR4	1	EurAmr	1	100
LPAR5	2	EurAmr	1	200
LPAR6	1	EurAmr	2	50
LPCAT3	1	EurAmr	2	50
LPCAT4	1	EurAmr	1	100
LPIN1	2	EurAmr	1	200
LPIN2	2	EurAmr	1	200
LPL	1	EurAmr	1	100
LPO	1	EurAmr	2	50
LPP	3	EurAmr	2	150
LPPR4	2	EurAmr	2	100
LPPR5	1	EurAmr	2	50
LRBA	4	EurAmr	3	133.33333333333331
LRCH1	4	EurAmr	2	200
LRCH2	1	EurAmr	2	50
LRCH3	1	EurAmr	3	33.33333333333333
LRCH4	1	EurAmr	2	50
LRFN1	2	EurAmr	2	100
LRFN2	1	EurAmr	2	50
LRFN3	1	EurAmr	1	100
LRFN5	3	EurAmr	3	100
LRG1	1	EurAmr	1	100
LRGUK	1	EurAmr	1	100
LRIF1	1	EurAmr	2	50
LRIG1	3	EurAmr	2	150
LRIG2	4	EurAmr	1	400
LRIG3	3	EurAmr	3	100
LRIT1	1	EurAmr	2	50
LRIT2	1	EurAmr	1	100
LRMP	2	EurAmr	2	100
LRP1	11	EurAmr	6	183.33333333333331
LRP10	1	EurAmr	1	100
LRP12	1	EurAmr	1	100
LRP1B	14	EurAmr	6	233.33333333333334
LRP2	2	EurAmr	4	50
LRP3	1	EurAmr	2	50
LRP4	2	EurAmr	2	100
LRP5	5	EurAmr	1	500
LRP5L	2	EurAmr	1	200
LRP6	4	EurAmr	2	200
LRP8	2	EurAmr	1	200
LRPPRC	2	EurAmr	1	200
LRRC14	3	EurAmr	1	300
LRRC14B	1	EurAmr	1	100
LRRC16A	5	EurAmr	1	500
LRRC16B	1	EurAmr	1	100
LRRC18	1	EurAmr	1	100
LRRC25	2	EurAmr	1	200
LRRC27	2	EurAmr	2	100
LRRC30	1	EurAmr	1	100
LRRC37A	1	EurAmr	1	100
LRRC37B	3	EurAmr	2	150
LRRC39	1	EurAmr	1	100
LRRC4	1	EurAmr	2	50
LRRC42	3	EurAmr	2	150
LRRC43	2	EurAmr	2	100
LRRC46	1	EurAmr	1	100
LRRC47	2	EurAmr	1	200
LRRC48	1	EurAmr	1	100
LRRC49	2	EurAmr	1	200
LRRC4B	1	EurAmr	3	33.33333333333333
LRRC4C	1	EurAmr	2	50
LRRC52	1	EurAmr	1	100
LRRC55	2	EurAmr	2	100
LRRC59	1	EurAmr	1	100
LRRC6	2	EurAmr	2	100
LRRC66	2	EurAmr	1	200
LRRC7	5	EurAmr	4	125
LRRC71	1	EurAmr	1	100
LRRC75A	1	EurAmr	1	100
LRRC8A	1	EurAmr	2	50
LRRC8B	1	EurAmr	1	100
LRRC8C	1	EurAmr	1	100
LRRC8D	3	EurAmr	2	150
LRRC8E	1	EurAmr	1	100
LRRCC1	1	EurAmr	3	33.33333333333333
LRRFIP1	1	EurAmr	1	100
LRRIQ1	4	EurAmr	1	400
LRRIQ3	2	EurAmr	2	100
LRRIQ4	1	EurAmr	1	100
LRRK1	4	EurAmr	2	200
LRRK2	7	EurAmr	3	233.33333333333334
LRRN1	1	EurAmr	1	100
LRRN2	1	EurAmr	3	33.33333333333333
LRRN3	1	EurAmr	1	100
LRRN4	1	EurAmr	1	100
LRRTM1	3	EurAmr	1	300
LRRTM3	3	EurAmr	1	300
LRSAM1	3	EurAmr	1	300
LRWD1	3	EurAmr	1	300
LSAMP	1	EurAmr	1	100
LSM11	1	EurAmr	1	100
LSM14A	3	EurAmr	2	150
LSM4	1	EurAmr	2	50
LSMEM1	1	EurAmr	1	100
LSP1	2	EurAmr	1	200
LSS	1	EurAmr	2	50
LST1	1	EurAmr	1	100
LTA4H	1	EurAmr	2	50
LTB	1	EurAmr	1	100
LTB4R2	1	EurAmr	2	50
LTBP2	1	EurAmr	3	33.33333333333333
LTBP3	1	EurAmr	1	100
LTBP4	4	EurAmr	3	133.33333333333331
LTF	1	EurAmr	1	100
LTN1	2	EurAmr	2	100
LUM	1	EurAmr	1	100
LURAP1L	1	EurAmr	1	100
LUZP1	1	EurAmr	2	50
LY6E	1	EurAmr	1	100
LY6H	1	EurAmr	1	100
LY6K	1	EurAmr	1	100
LY75	1	EurAmr	2	50
LY75-CD302	1	EurAmr	1	100
LY96	1	EurAmr	1	100
LYG1	1	EurAmr	2	50
LYG2	2	EurAmr	1	200
LYPD1	1	EurAmr	1	100
LYRM4	1	EurAmr	1	100
LYSMD4	1	EurAmr	1	100
LYST	7	EurAmr	1	700
LZIC	1	EurAmr	1	100
LZTR1	1	EurAmr	1	100
LZTS1	2	EurAmr	2	100
LZTS2	3	EurAmr	1	300
LZTS3	1	EurAmr	1	100
M1AP	1	EurAmr	2	50
MAATS1	1	EurAmr	1	100
MAB21L1	1	EurAmr	1	100
MAB21L2	2	EurAmr	1	200
MACC1	1	EurAmr	1	100
MACF1	15	EurAmr	7	214.28571428571428
MACROD1	1	EurAmr	1	100
MACROD2	2	EurAmr	1	200
MAD1L1	1	EurAmr	1	100
MAD2L1	1	EurAmr	1	100
MADD	2	EurAmr	1	200
MAEA	1	EurAmr	1	100
MAEL	1	EurAmr	1	100
MAF	3	EurAmr	1	300
MAFF	2	EurAmr	1	200
MAGEA11	1	EurAmr	1	100
MAGEA3	1	EurAmr	2	50
MAGEA4	1	EurAmr	2	50
MAGEA6	1	EurAmr	1	100
MAGEA8	1	EurAmr	2	50
MAGEB16	2	EurAmr	2	100
MAGEB4	1	EurAmr	1	100
MAGEB6	2	EurAmr	3	66.66666666666666
MAGEC1	2	EurAmr	1	200
MAGEC3	2	EurAmr	1	200
MAGED2	1	EurAmr	2	50
MAGEE1	2	EurAmr	1	200
MAGEE2	1	EurAmr	3	33.33333333333333
MAGEL2	2	EurAmr	2	100
MAGI1	2	EurAmr	1	200
MAGI2	6	EurAmr	2	300
MAGI3	3	EurAmr	1	300
MAGIX	1	EurAmr	1	100
MAGOHB	1	EurAmr	1	100
MAGT1	1	EurAmr	2	50
MAK16	1	EurAmr	1	100
MAL2	1	EurAmr	1	100
MALSU1	1	EurAmr	1	100
MALT1	1	EurAmr	1	100
MAMDC2	2	EurAmr	1	200
MAMDC4	1	EurAmr	1	100
MAML1	5	EurAmr	2	250
MAML2	2	EurAmr	2	100
MAML3	2	EurAmr	1	200
MAMLD1	1	EurAmr	1	100
MAN1A2	1	EurAmr	1	100
MAN2A1	3	EurAmr	1	300
MAN2A2	1	EurAmr	1	100
MAN2B2	3	EurAmr	2	150
MAN2C1	1	EurAmr	1	100
MANBA	1	EurAmr	1	100
MANSC1	1	EurAmr	1	100
MAP10	2	EurAmr	1	200
MAP1A	4	EurAmr	2	200
MAP1B	7	EurAmr	2	350
MAP1LC3A	1	EurAmr	2	50
MAP1LC3B2	1	EurAmr	1	100
MAP1LC3C	1	EurAmr	1	100
MAP1S	1	EurAmr	1	100
MAP2	1	EurAmr	3	33.33333333333333
MAP2K1	1	EurAmr	1	100
MAP2K2	1	EurAmr	1	100
MAP2K4	2	EurAmr	3	66.66666666666666
MAP2K7	1	EurAmr	2	50
MAP3K1	4	EurAmr	1	400
MAP3K10	1	EurAmr	2	50
MAP3K12	1	EurAmr	1	100
MAP3K13	2	EurAmr	1	200
MAP3K14	1	EurAmr	2	50
MAP3K15	2	EurAmr	1	200
MAP3K19	2	EurAmr	2	100
MAP3K2	2	EurAmr	1	200
MAP3K4	3	EurAmr	2	150
MAP3K7CL	1	EurAmr	2	50
MAP3K8	1	EurAmr	1	100
MAP3K9	1	EurAmr	1	100
MAP4	1	EurAmr	1	100
MAP4K1	2	EurAmr	1	200
MAP4K2	2	EurAmr	2	100
MAP4K3	1	EurAmr	1	100
MAP6	1	EurAmr	2	50
MAP7	2	EurAmr	1	200
MAP7D1	3	EurAmr	2	150
MAP7D2	1	EurAmr	1	100
MAP7D3	2	EurAmr	3	66.66666666666666
MAPK12	1	EurAmr	1	100
MAPK15	2	EurAmr	1	200
MAPK6	1	EurAmr	1	100
MAPK7	4	EurAmr	1	400
MAPK8	2	EurAmr	1	200
MAPK8IP1	1	EurAmr	1	100
MAPK8IP2	1	EurAmr	1	100
MAPK8IP3	3	EurAmr	2	150
MAPK9	2	EurAmr	1	200
MAPKAPK3	1	EurAmr	1	100
MAPKBP1	3	EurAmr	1	300
MAPRE1	3	EurAmr	1	300
MAPRE2	2	EurAmr	1	200
MAPT	2	EurAmr	4	50
MARCH10	1	EurAmr	1	100
MARCH11	1	EurAmr	1	100
MARCH2	2	EurAmr	1	200
MARCH6	1	EurAmr	1	100
MARCH9	1	EurAmr	1	100
MARCO	2	EurAmr	2	100
MARK2	2	EurAmr	2	100
MARK3	3	EurAmr	1	300
MARK4	5	EurAmr	1	500
MARS2	1	EurAmr	1	100
MAS1L	1	EurAmr	2	50
MASP1	1	EurAmr	1	100
MASP2	1	EurAmr	1	100
MAST1	3	EurAmr	2	150
MAST2	1	EurAmr	2	50
MAST3	2	EurAmr	1	200
MAST4	8	EurAmr	2	400
MASTL	1	EurAmr	1	100
MATK	2	EurAmr	1	200
MATN1	1	EurAmr	2	50
MATN2	2	EurAmr	3	66.66666666666666
MATN4	1	EurAmr	1	100
MATR3	1	EurAmr	1	100
MAU2	2	EurAmr	1	200
MAVS	2	EurAmr	1	200
MB21D2	1	EurAmr	1	100
MBD1	1	EurAmr	1	100
MBD2	3	EurAmr	1	300
MBD3	1	EurAmr	1	100
MBD3L1	1	EurAmr	2	50
MBD5	3	EurAmr	1	300
MBLAC2	2	EurAmr	1	200
MBNL1	1	EurAmr	1	100
MBNL2	2	EurAmr	2	100
MBOAT1	1	EurAmr	1	100
MBTD1	1	EurAmr	2	50
MBTPS1	4	EurAmr	2	200
MC3R	1	EurAmr	1	100
MC4R	1	EurAmr	1	100
MC5R	1	EurAmr	2	50
MCAM	1	EurAmr	1	100
MCAT	1	EurAmr	1	100
MCC	1	EurAmr	1	100
MCCC1	2	EurAmr	1	200
MCCC2	1	EurAmr	1	100
MCEE	1	EurAmr	1	100
MCF2L	1	EurAmr	3	33.33333333333333
MCHR2	1	EurAmr	1	100
MCL1	1	EurAmr	1	100
MCM2	2	EurAmr	2	100
MCM3	4	EurAmr	2	200
MCM3AP	7	EurAmr	3	233.33333333333334
MCM5	1	EurAmr	1	100
MCM6	5	EurAmr	2	250
MCM8	2	EurAmr	1	200
MCMBP	1	EurAmr	1	100
MCMDC2	2	EurAmr	1	200
MCOLN1	3	EurAmr	1	300
MCOLN2	2	EurAmr	1	200
MCOLN3	2	EurAmr	1	200
MCPH1	1	EurAmr	1	100
MCTP1	1	EurAmr	2	50
MCTP2	1	EurAmr	2	50
MDGA1	1	EurAmr	2	50
MDGA2	2	EurAmr	2	100
MDH1B	2	EurAmr	1	200
MDK	1	EurAmr	1	100
MDM1	1	EurAmr	3	33.33333333333333
MDM2	1	EurAmr	2	50
MDN1	8	EurAmr	3	266.66666666666663
MDP1	3	EurAmr	1	300
MDS2	1	EurAmr	1	100
ME2	2	EurAmr	2	100
MECOM	6	EurAmr	3	200
MED1	1	EurAmr	2	50
MED10	2	EurAmr	1	200
MED12	1	EurAmr	1	100
MED12L	2	EurAmr	4	50
MED13	3	EurAmr	1	300
MED13L	3	EurAmr	2	150
MED14	2	EurAmr	3	66.66666666666666
MED15	2	EurAmr	1	200
MED17	1	EurAmr	1	100
MED20	1	EurAmr	1	100
MED22	1	EurAmr	1	100
MED23	2	EurAmr	1	200
MED25	1	EurAmr	1	100
MED26	1	EurAmr	1	100
MED29	1	EurAmr	1	100
MED31	1	EurAmr	1	100
MED8	1	EurAmr	1	100
MED9	1	EurAmr	1	100
MEDAG	2	EurAmr	1	200
MEF2A	1	EurAmr	1	100
MEF2D	1	EurAmr	2	50
MEFV	1	EurAmr	5	20
MEGF10	4	EurAmr	1	400
MEGF6	2	EurAmr	4	50
MEGF8	6	EurAmr	1	600
MEGF9	1	EurAmr	1	100
MEI1	4	EurAmr	1	400
MEIOB	1	EurAmr	1	100
MEIS2	2	EurAmr	1	200
MELK	2	EurAmr	2	100
MEN1	2	EurAmr	2	100
MEOX1	2	EurAmr	1	200
MEP1A	3	EurAmr	1	300
MERTK	3	EurAmr	2	150
MESDC1	1	EurAmr	2	50
MET	6	EurAmr	1	600
METAP1	1	EurAmr	2	50
METAP1D	1	EurAmr	1	100
METTL13	2	EurAmr	1	200
METTL15	1	EurAmr	2	50
METTL17	1	EurAmr	2	50
METTL21C	1	EurAmr	2	50
METTL2A	3	EurAmr	1	300
METTL2B	1	EurAmr	1	100
METTL3	1	EurAmr	2	50
METTL6	1	EurAmr	1	100
METTL7B	1	EurAmr	1	100
MEX3A	2	EurAmr	1	200
MEX3B	2	EurAmr	3	66.66666666666666
MEX3C	1	EurAmr	2	50
MFAP2	1	EurAmr	1	100
MFAP3	1	EurAmr	1	100
MFAP3L	2	EurAmr	2	100
MFAP4	3	EurAmr	1	300
MFF	2	EurAmr	1	200
MFN1	3	EurAmr	1	300
MFN2	1	EurAmr	1	100
MFRP	2	EurAmr	1	200
MFSD11	1	EurAmr	1	100
MFSD12	2	EurAmr	1	200
MFSD2B	2	EurAmr	1	200
MFSD6	1	EurAmr	1	100
MFSD6L	1	EurAmr	1	100
MFSD7	2	EurAmr	2	100
MFSD9	1	EurAmr	1	100
MGA	7	EurAmr	3	233.33333333333334
MGAT1	1	EurAmr	1	100
MGAT2	1	EurAmr	1	100
MGAT3	1	EurAmr	2	50
MGAT4B	1	EurAmr	1	100
MGAT5	2	EurAmr	2	100
MGAT5B	1	EurAmr	1	100
MGEA5	2	EurAmr	1	200
MGRN1	1	EurAmr	1	100
MGST2	1	EurAmr	1	100
MIA	1	EurAmr	1	100
MIA3	1	EurAmr	1	100
MICAL1	5	EurAmr	1	500
MICAL2	1	EurAmr	2	50
MICAL3	3	EurAmr	1	300
MICALCL	1	EurAmr	1	100
MICALL1	3	EurAmr	1	300
MICALL2	1	EurAmr	1	100
MICU2	1	EurAmr	1	100
MID1	2	EurAmr	1	200
MID1IP1	1	EurAmr	1	100
MID2	2	EurAmr	1	200
MIER2	1	EurAmr	1	100
MIER3	1	EurAmr	1	100
MINK1	2	EurAmr	1	200
MIPOL1	2	EurAmr	1	200
MIS18A	1	EurAmr	1	100
MIS18BP1	3	EurAmr	1	300
MISP	1	EurAmr	2	50
MITD1	2	EurAmr	1	200
MITF	4	EurAmr	1	400
MIXL1	1	EurAmr	1	100
MKI67	9	EurAmr	2	450
MKL1	2	EurAmr	2	100
MKL2	2	EurAmr	1	200
MKLN1	1	EurAmr	1	100
MKNK2	1	EurAmr	1	100
MKRN1	1	EurAmr	1	100
MKRN2	2	EurAmr	1	200
MKRN3	3	EurAmr	2	150
MKX	1	EurAmr	2	50
MLF2	1	EurAmr	2	50
MLH1	1	EurAmr	1	100
MLH3	1	EurAmr	2	50
MLIP	3	EurAmr	1	300
MLK4	4	EurAmr	4	100
MLKL	1	EurAmr	2	50
MLLT1	5	EurAmr	1	500
MLLT10	3	EurAmr	1	300
MLLT4	3	EurAmr	2	150
MLN	1	EurAmr	1	100
MLNR	1	EurAmr	1	100
MLPH	1	EurAmr	1	100
MLST8	1	EurAmr	1	100
MLXIP	4	EurAmr	2	200
MLXIPL	2	EurAmr	2	100
MMD2	1	EurAmr	1	100
MME	2	EurAmr	1	200
MMEL1	1	EurAmr	3	33.33333333333333
MMP10	1	EurAmr	1	100
MMP11	1	EurAmr	1	100
MMP13	1	EurAmr	1	100
MMP14	3	EurAmr	1	300
MMP15	1	EurAmr	1	100
MMP16	1	EurAmr	1	100
MMP17	1	EurAmr	1	100
MMP2	2	EurAmr	2	100
MMP21	3	EurAmr	1	300
MMP24	1	EurAmr	1	100
MMP26	2	EurAmr	1	200
MMP28	1	EurAmr	1	100
MMP7	1	EurAmr	1	100
MMP8	1	EurAmr	1	100
MMP9	1	EurAmr	2	50
MMRN1	3	EurAmr	2	150
MMRN2	3	EurAmr	2	150
MMS19	1	EurAmr	2	50
MMS22L	2	EurAmr	1	200
MN1	4	EurAmr	1	400
MNDA	1	EurAmr	1	100
MNX1	1	EurAmr	1	100
MOB2	1	EurAmr	1	100
MOB3A	1	EurAmr	2	50
MOB4	1	EurAmr	1	100
MOCOS	1	EurAmr	1	100
MOCS1	1	EurAmr	2	50
MOCS2	1	EurAmr	1	100
MOCS3	1	EurAmr	1	100
MOG	1	EurAmr	1	100
MOGAT2	1	EurAmr	1	100
MOGAT3	2	EurAmr	1	200
MOGS	2	EurAmr	2	100
MOK	1	EurAmr	3	33.33333333333333
MON1A	1	EurAmr	1	100
MON1B	2	EurAmr	1	200
MON2	1	EurAmr	1	100
MORC1	3	EurAmr	2	150
MORC3	2	EurAmr	2	100
MORC4	1	EurAmr	1	100
MORN1	1	EurAmr	1	100
MORN3	1	EurAmr	1	100
MOSPD2	1	EurAmr	1	100
MOSPD3	2	EurAmr	2	100
MOV10	5	EurAmr	1	500
MOV10L1	2	EurAmr	2	100
MPDZ	1	EurAmr	1	100
MPEG1	2	EurAmr	1	200
MPI	1	EurAmr	1	100
MPO	1	EurAmr	1	100
MPP2	1	EurAmr	2	50
MPP4	1	EurAmr	1	100
MPP6	1	EurAmr	1	100
MPP7	1	EurAmr	1	100
MPV17L2	2	EurAmr	2	100
MR1	3	EurAmr	1	300
MRAP2	1	EurAmr	1	100
MRC1	3	EurAmr	5	60
MRC2	3	EurAmr	1	300
MRE11A	1	EurAmr	1	100
MRGPRD	1	EurAmr	1	100
MRGPRE	1	EurAmr	1	100
MRGPRX1	1	EurAmr	1	100
MRGPRX3	1	EurAmr	1	100
MRM1	1	EurAmr	1	100
MROH1	3	EurAmr	3	100
MROH2B	2	EurAmr	2	100
MROH5	1	EurAmr	2	50
MROH7	1	EurAmr	3	33.33333333333333
MROH8	2	EurAmr	1	200
MROH9	2	EurAmr	1	200
MRPL1	1	EurAmr	1	100
MRPL10	1	EurAmr	1	100
MRPL13	1	EurAmr	1	100
MRPL15	3	EurAmr	1	300
MRPL21	1	EurAmr	1	100
MRPL28	1	EurAmr	1	100
MRPL37	1	EurAmr	1	100
MRPL38	2	EurAmr	1	200
MRPL40	1	EurAmr	1	100
MRPL47	2	EurAmr	1	200
MRPL48	2	EurAmr	2	100
MRPL51	1	EurAmr	1	100
MRPL54	1	EurAmr	1	100
MRPS11	1	EurAmr	1	100
MRPS15	1	EurAmr	1	100
MRPS2	3	EurAmr	2	150
MRPS21	1	EurAmr	1	100
MRPS30	1	EurAmr	2	50
MRPS31	2	EurAmr	1	200
MRPS34	1	EurAmr	1	100
MRPS35	1	EurAmr	1	100
MRPS36	2	EurAmr	2	100
MRTO4	2	EurAmr	1	200
MRVI1	1	EurAmr	2	50
MS4A1	1	EurAmr	1	100
MS4A12	1	EurAmr	1	100
MS4A14	1	EurAmr	1	100
MS4A15	1	EurAmr	1	100
MS4A2	1	EurAmr	1	100
MS4A6A	1	EurAmr	1	100
MS4A6E	1	EurAmr	1	100
MS4A7	1	EurAmr	1	100
MSANTD3	1	EurAmr	1	100
MSC	2	EurAmr	2	100
MSGN1	1	EurAmr	1	100
MSH3	1	EurAmr	1	100
MSH4	2	EurAmr	1	200
MSH6	2	EurAmr	1	200
MSI1	1	EurAmr	1	100
MSI2	1	EurAmr	1	100
MSL1	2	EurAmr	1	200
MSL2	1	EurAmr	1	100
MSLN	1	EurAmr	1	100
MSLNL	1	EurAmr	1	100
MSMO1	1	EurAmr	1	100
MSR1	2	EurAmr	2	100
MSRA	1	EurAmr	1	100
MSRB2	1	EurAmr	1	100
MSRB3	1	EurAmr	2	50
MST1	1	EurAmr	1	100
MST1R	4	EurAmr	3	133.33333333333331
MSTN	1	EurAmr	1	100
MSTO1	2	EurAmr	1	200
MSX1	1	EurAmr	1	100
MT1H	1	EurAmr	1	100
MT1HL1	1	EurAmr	1	100
MT1M	1	EurAmr	1	100
MTA1	1	EurAmr	1	100
MTCH2	1	EurAmr	1	100
MTCL1	3	EurAmr	2	150
MTF1	2	EurAmr	1	200
MTF2	1	EurAmr	1	100
MTFMT	1	EurAmr	1	100
MTFR1	1	EurAmr	1	100
MTFR1L	1	EurAmr	1	100
MTG2	1	EurAmr	3	33.33333333333333
MTHFD1L	1	EurAmr	1	100
MTHFR	2	EurAmr	1	200
MTL5	2	EurAmr	1	200
MTMR1	1	EurAmr	1	100
MTMR11	1	EurAmr	1	100
MTMR12	1	EurAmr	2	50
MTMR14	2	EurAmr	1	200
MTMR4	4	EurAmr	1	400
MTMR6	1	EurAmr	1	100
MTMR7	1	EurAmr	1	100
MTMR9	2	EurAmr	1	200
MTNR1A	1	EurAmr	1	100
MTNR1B	1	EurAmr	3	33.33333333333333
MTO1	2	EurAmr	1	200
MTOR	2	EurAmr	3	66.66666666666666
MTPAP	2	EurAmr	1	200
MTR	3	EurAmr	1	300
MTRF1	1	EurAmr	1	100
MTRF1L	1	EurAmr	1	100
MTRR	1	EurAmr	1	100
MTSS1	2	EurAmr	1	200
MTSS1L	1	EurAmr	1	100
MTURN	1	EurAmr	1	100
MTUS1	2	EurAmr	2	100
MTUS2	1	EurAmr	6	16.666666666666664
MUC1	1	EurAmr	3	33.33333333333333
MUC15	1	EurAmr	1	100
MUC16	27	EurAmr	15	180
MUC17	4	EurAmr	7	57.14285714285714
MUC21	1	EurAmr	2	50
MUC3A	2	EurAmr	1	200
MUC4	4	EurAmr	1	400
MUC5AC	1	EurAmr	4	25
MUC5B	12	EurAmr	3	400
MUC6	4	EurAmr	4	100
MUS81	2	EurAmr	2	100
MUSK	2	EurAmr	1	200
MUT	2	EurAmr	1	200
MVB12B	2	EurAmr	1	200
MVD	1	EurAmr	1	100
MVK	1	EurAmr	1	100
MVP	2	EurAmr	2	100
MX1	1	EurAmr	1	100
MX2	1	EurAmr	2	50
MXD1	1	EurAmr	1	100
MXD4	1	EurAmr	1	100
MXRA5	5	EurAmr	2	250
MYADM	3	EurAmr	2	150
MYBBP1A	3	EurAmr	2	150
MYBL2	1	EurAmr	1	100
MYBPC1	3	EurAmr	2	150
MYBPC2	2	EurAmr	1	200
MYBPC3	3	EurAmr	1	300
MYCBP2	9	EurAmr	1	900
MYCN	1	EurAmr	2	50
MYEF2	1	EurAmr	1	100
MYEOV2	1	EurAmr	1	100
MYF6	1	EurAmr	2	50
MYH1	3	EurAmr	2	150
MYH10	5	EurAmr	2	250
MYH11	6	EurAmr	3	200
MYH13	3	EurAmr	2	150
MYH14	4	EurAmr	3	133.33333333333331
MYH15	2	EurAmr	4	50
MYH2	3	EurAmr	2	150
MYH3	2	EurAmr	1	200
MYH4	3	EurAmr	4	75
MYH6	4	EurAmr	2	200
MYH7	3	EurAmr	4	75
MYH7B	7	EurAmr	2	350
MYH8	4	EurAmr	1	400
MYH9	1	EurAmr	1	100
MYL10	1	EurAmr	1	100
MYL2	1	EurAmr	1	100
MYL9	1	EurAmr	2	50
MYLIP	1	EurAmr	1	100
MYLK	7	EurAmr	6	116.66666666666667
MYLK2	2	EurAmr	1	200
MYLK4	1	EurAmr	1	100
MYNN	1	EurAmr	1	100
MYO10	7	EurAmr	3	233.33333333333334
MYO15A	14	EurAmr	3	466.6666666666667
MYO16	1	EurAmr	6	16.666666666666664
MYO18A	5	EurAmr	1	500
MYO18B	5	EurAmr	7	71.42857142857143
MYO19	1	EurAmr	1	100
MYO1B	2	EurAmr	1	200
MYO1C	2	EurAmr	1	200
MYO1D	2	EurAmr	2	100
MYO1F	3	EurAmr	2	150
MYO1G	3	EurAmr	1	300
MYO3A	3	EurAmr	3	100
MYO3B	3	EurAmr	2	150
MYO5A	1	EurAmr	2	50
MYO5B	6	EurAmr	1	600
MYO5C	1	EurAmr	1	100
MYO7A	2	EurAmr	1	200
MYO7B	2	EurAmr	2	100
MYO9A	6	EurAmr	2	300
MYO9B	1	EurAmr	4	25
MYOC	1	EurAmr	1	100
MYOF	1	EurAmr	1	100
MYOG	1	EurAmr	1	100
MYOM1	2	EurAmr	2	100
MYOM3	3	EurAmr	1	300
MYOT	1	EurAmr	3	33.33333333333333
MYOZ2	1	EurAmr	1	100
MYOZ3	2	EurAmr	1	200
MYPN	2	EurAmr	1	200
MYPOP	1	EurAmr	1	100
MYRF	2	EurAmr	4	50
MYRIP	1	EurAmr	1	100
MYT1	6	EurAmr	3	200
MYT1L	1	EurAmr	4	25
MZF1	2	EurAmr	1	200
MZT2B	1	EurAmr	1	100
N4BP1	1	EurAmr	1	100
N4BP2	6	EurAmr	1	600
N4BP2L2	2	EurAmr	2	100
N4BP3	3	EurAmr	1	300
N6AMT2	1	EurAmr	1	100
NAA16	1	EurAmr	2	50
NAA25	2	EurAmr	2	100
NAA40	2	EurAmr	1	200
NAA60	1	EurAmr	2	50
NAALAD2	3	EurAmr	2	150
NAALADL1	1	EurAmr	1	100
NAALADL2	2	EurAmr	1	200
NAB2	1	EurAmr	1	100
NABP2	1	EurAmr	1	100
NACC1	3	EurAmr	1	300
NACC2	1	EurAmr	2	50
NADK2	1	EurAmr	1	100
NADSYN1	3	EurAmr	2	150
NAGK	1	EurAmr	1	100
NAGLU	3	EurAmr	1	300
NAGPA	1	EurAmr	1	100
NALCN	2	EurAmr	1	200
NANOG	1	EurAmr	1	100
NANOS3	1	EurAmr	1	100
NAP1L2	1	EurAmr	1	100
NAPA	1	EurAmr	1	100
NAPEPLD	1	EurAmr	1	100
NASP	1	EurAmr	1	100
NAT10	1	EurAmr	2	50
NAT2	1	EurAmr	1	100
NAT8L	2	EurAmr	1	200
NAV1	3	EurAmr	1	300
NAV2	4	EurAmr	1	400
NAV3	4	EurAmr	2	200
NBAS	6	EurAmr	1	600
NBEA	2	EurAmr	1	200
NBEAL1	1	EurAmr	3	33.33333333333333
NBEAL2	5	EurAmr	3	166.66666666666669
NBPF11	2	EurAmr	3	66.66666666666666
NBPF12	2	EurAmr	1	200
NBPF3	1	EurAmr	1	100
NBPF9	3	EurAmr	1	300
NCALD	1	EurAmr	1	100
NCAM1	2	EurAmr	2	100
NCAM2	4	EurAmr	1	400
NCAN	3	EurAmr	1	300
NCAPD2	5	EurAmr	1	500
NCAPD3	5	EurAmr	3	166.66666666666669
NCAPG	1	EurAmr	2	50
NCAPG2	3	EurAmr	1	300
NCAPH	3	EurAmr	4	75
NCBP2	1	EurAmr	1	100
NCDN	3	EurAmr	1	300
NCEH1	3	EurAmr	1	300
NCF2	2	EurAmr	1	200
NCK1	3	EurAmr	1	300
NCK2	3	EurAmr	1	300
NCKAP1	5	EurAmr	1	500
NCKAP1L	2	EurAmr	2	100
NCKAP5	2	EurAmr	4	50
NCKAP5L	1	EurAmr	2	50
NCKIPSD	2	EurAmr	2	100
NCLN	1	EurAmr	1	100
NCOA1	3	EurAmr	1	300
NCOA2	4	EurAmr	3	133.33333333333331
NCOA3	3	EurAmr	1	300
NCOA4	1	EurAmr	1	100
NCOA6	2	EurAmr	1	200
NCOR1	4	EurAmr	2	200
NCOR2	5	EurAmr	2	250
NCR1	1	EurAmr	1	100
NDC1	2	EurAmr	1	200
NDE1	1	EurAmr	1	100
NDEL1	2	EurAmr	2	100
NDFIP1	1	EurAmr	1	100
NDNF	2	EurAmr	1	200
NDNL2	1	EurAmr	1	100
NDOR1	4	EurAmr	1	400
NDP	1	EurAmr	1	100
NDRG4	2	EurAmr	1	200
NDST1	2	EurAmr	1	200
NDST3	2	EurAmr	2	100
NDST4	2	EurAmr	1	200
NDUFA10	2	EurAmr	1	200
NDUFA11	1	EurAmr	1	100
NDUFA6	1	EurAmr	1	100
NDUFA7	1	EurAmr	1	100
NDUFA8	1	EurAmr	1	100
NDUFA9	1	EurAmr	1	100
NDUFAF3	2	EurAmr	1	200
NDUFAF7	1	EurAmr	1	100
NDUFB4	1	EurAmr	1	100
NDUFB9	1	EurAmr	1	100
NDUFS1	1	EurAmr	1	100
NDUFS6	1	EurAmr	1	100
NDUFS7	1	EurAmr	1	100
NEB	14	EurAmr	2	700
NEBL	2	EurAmr	3	66.66666666666666
NECAP2	2	EurAmr	1	200
NEDD4	2	EurAmr	1	200
NEDD4L	1	EurAmr	1	100
NEFH	2	EurAmr	2	100
NEFM	1	EurAmr	1	100
NEIL3	1	EurAmr	1	100
NEK10	1	EurAmr	2	50
NEK11	3	EurAmr	2	150
NEK5	1	EurAmr	1	100
NEK7	1	EurAmr	1	100
NEK8	1	EurAmr	1	100
NEK9	1	EurAmr	1	100
NELFA	1	EurAmr	2	50
NELFB	1	EurAmr	2	50
NELFCD	1	EurAmr	2	50
NELFE	2	EurAmr	1	200
NELL1	2	EurAmr	2	100
NELL2	4	EurAmr	4	100
NEMF	2	EurAmr	1	200
NEO1	2	EurAmr	2	100
NES	5	EurAmr	2	250
NETO1	2	EurAmr	1	200
NEU4	1	EurAmr	2	50
NEURL2	1	EurAmr	1	100
NEURL3	1	EurAmr	1	100
NEURL4	1	EurAmr	3	33.33333333333333
NEUROD1	2	EurAmr	1	200
NEUROD6	1	EurAmr	1	100
NEUROG1	1	EurAmr	1	100
NEXN	2	EurAmr	1	200
NF1	3	EurAmr	4	75
NFASC	3	EurAmr	1	300
NFATC1	5	EurAmr	1	500
NFATC2	1	EurAmr	3	33.33333333333333
NFATC3	2	EurAmr	1	200
NFATC4	4	EurAmr	1	400
NFE2	1	EurAmr	1	100
NFE2L1	2	EurAmr	2	100
NFE2L3	1	EurAmr	2	50
NFIB	1	EurAmr	1	100
NFIC	2	EurAmr	1	200
NFIL3	1	EurAmr	1	100
NFIX	1	EurAmr	1	100
NFKB2	1	EurAmr	1	100
NFKBIA	1	EurAmr	2	50
NFKBID	1	EurAmr	1	100
NFKBIE	1	EurAmr	1	100
NFKBIZ	1	EurAmr	3	33.33333333333333
NFYC	1	EurAmr	1	100
NGF	2	EurAmr	3	66.66666666666666
NGFR	1	EurAmr	1	100
NGLY1	1	EurAmr	2	50
NGRN	1	EurAmr	1	100
NHLRC1	1	EurAmr	1	100
NHLRC2	1	EurAmr	1	100
NHLRC3	1	EurAmr	1	100
NHSL2	2	EurAmr	1	200
NICN1	1	EurAmr	1	100
NID1	5	EurAmr	1	500
NID2	1	EurAmr	1	100
NIFK	1	EurAmr	1	100
NIM1K	1	EurAmr	1	100
NIN	2	EurAmr	2	100
NINL	4	EurAmr	1	400
NIPAL2	1	EurAmr	1	100
NIPAL3	1	EurAmr	1	100
NIPAL4	1	EurAmr	1	100
NIPBL	8	EurAmr	2	400
NIPSNAP3B	1	EurAmr	1	100
NISCH	4	EurAmr	2	200
NKAIN3	1	EurAmr	1	100
NKAP	1	EurAmr	1	100
NKAPL	1	EurAmr	2	50
NKD1	1	EurAmr	3	33.33333333333333
NKD2	1	EurAmr	1	100
NKG7	1	EurAmr	2	50
NKRF	2	EurAmr	1	200
NKTR	2	EurAmr	1	200
NKX2-1	1	EurAmr	1	100
NKX2-2	2	EurAmr	2	100
NKX2-4	1	EurAmr	2	50
NKX6-2	1	EurAmr	1	100
NLE1	2	EurAmr	1	200
NLGN1	4	EurAmr	2	200
NLGN2	2	EurAmr	1	200
NLK	1	EurAmr	2	50
NLRC3	2	EurAmr	2	100
NLRC4	1	EurAmr	1	100
NLRC5	5	EurAmr	2	250
NLRP1	1	EurAmr	1	100
NLRP10	3	EurAmr	2	150
NLRP11	2	EurAmr	1	200
NLRP12	3	EurAmr	2	150
NLRP13	2	EurAmr	4	50
NLRP14	2	EurAmr	1	200
NLRP2	2	EurAmr	4	50
NLRP3	5	EurAmr	2	250
NLRP5	1	EurAmr	3	33.33333333333333
NLRP7	2	EurAmr	2	100
NLRP8	2	EurAmr	4	50
NMBR	2	EurAmr	1	200
NMD3	1	EurAmr	1	100
NME1	1	EurAmr	1	100
NME2	1	EurAmr	1	100
NME4	1	EurAmr	1	100
NMNAT3	1	EurAmr	1	100
NMRK1	1	EurAmr	1	100
NMRK2	1	EurAmr	1	100
NMT1	1	EurAmr	1	100
NMT2	1	EurAmr	1	100
NMUR1	1	EurAmr	1	100
NMUR2	1	EurAmr	1	100
NNT	4	EurAmr	2	200
NOA1	1	EurAmr	1	100
NOBOX	1	EurAmr	2	50
NOC2L	2	EurAmr	1	200
NOC3L	2	EurAmr	1	200
NOC4L	2	EurAmr	2	100
NOD1	3	EurAmr	1	300
NOD2	4	EurAmr	3	133.33333333333331
NOL10	1	EurAmr	1	100
NOL11	1	EurAmr	1	100
NOL4	2	EurAmr	3	66.66666666666666
NOL8	3	EurAmr	1	300
NOL9	1	EurAmr	1	100
NOLC1	1	EurAmr	1	100
NOM1	1	EurAmr	1	100
NOMO1	2	EurAmr	1	200
NOMO2	1	EurAmr	1	100
NOP14	1	EurAmr	1	100
NOP2	1	EurAmr	1	100
NOP56	3	EurAmr	1	300
NOP9	1	EurAmr	1	100
NOS1	2	EurAmr	5	40
NOS1AP	1	EurAmr	1	100
NOS2	3	EurAmr	2	150
NOS3	4	EurAmr	2	200
NOSIP	2	EurAmr	1	200
NOTCH1	5	EurAmr	3	166.66666666666669
NOTCH2	4	EurAmr	1	400
NOTCH3	7	EurAmr	3	233.33333333333334
NOTCH4	5	EurAmr	2	250
NOV	1	EurAmr	1	100
NOVA1	1	EurAmr	1	100
NOVA2	1	EurAmr	1	100
NOX1	2	EurAmr	2	100
NOX4	1	EurAmr	2	50
NOX5	3	EurAmr	1	300
NOXA1	2	EurAmr	1	200
NPAP1	2	EurAmr	3	66.66666666666666
NPAS1	2	EurAmr	1	200
NPAS2	3	EurAmr	1	300
NPAS3	3	EurAmr	2	150
NPAS4	1	EurAmr	2	50
NPAT	3	EurAmr	2	150
NPBWR1	1	EurAmr	1	100
NPC1	2	EurAmr	1	200
NPC1L1	5	EurAmr	1	500
NPFF	1	EurAmr	1	100
NPFFR2	2	EurAmr	1	200
NPHP1	1	EurAmr	1	100
NPHP3	1	EurAmr	3	33.33333333333333
NPHP4	5	EurAmr	1	500
NPHS1	3	EurAmr	1	300
NPHS2	1	EurAmr	2	50
NPIPA2	1	EurAmr	1	100
NPIPB15	1	EurAmr	1	100
NPM3	1	EurAmr	1	100
NPNT	1	EurAmr	1	100
NPR1	1	EurAmr	1	100
NPR2	2	EurAmr	1	200
NPR3	1	EurAmr	1	100
NPRL2	1	EurAmr	2	50
NPRL3	2	EurAmr	1	200
NPY	1	EurAmr	1	100
NPY2R	2	EurAmr	1	200
NQO2	2	EurAmr	1	200
NR0B1	1	EurAmr	2	50
NR1D2	1	EurAmr	1	100
NR1H2	2	EurAmr	1	200
NR1H3	2	EurAmr	1	200
NR1H4	1	EurAmr	1	100
NR1I2	2	EurAmr	1	200
NR1I3	1	EurAmr	1	100
NR2C1	3	EurAmr	1	300
NR2C2	1	EurAmr	1	100
NR2E1	1	EurAmr	1	100
NR2E3	1	EurAmr	1	100
NR2F1	1	EurAmr	2	50
NR2F2	1	EurAmr	1	100
NR2F6	1	EurAmr	1	100
NR3C1	2	EurAmr	1	200
NR4A1	2	EurAmr	1	200
NR4A2	2	EurAmr	2	100
NR4A3	2	EurAmr	1	200
NR5A1	1	EurAmr	1	100
NRAP	3	EurAmr	1	300
NRAS	1	EurAmr	1	100
NRBP1	2	EurAmr	2	100
NRBP2	1	EurAmr	1	100
NRCAM	3	EurAmr	2	150
NRD1	3	EurAmr	1	300
NRDE2	1	EurAmr	2	50
NREP	1	EurAmr	1	100
NRF1	1	EurAmr	1	100
NRG1	1	EurAmr	1	100
NRIP1	1	EurAmr	1	100
NRIP3	1	EurAmr	1	100
NRK	2	EurAmr	3	66.66666666666666
NRN1	1	EurAmr	2	50
NRP2	5	EurAmr	1	500
NRROS	3	EurAmr	3	100
NRXN1	4	EurAmr	3	133.33333333333331
NRXN2	1	EurAmr	4	25
NRXN3	3	EurAmr	5	60
NSD1	2	EurAmr	2	100
NSDHL	1	EurAmr	2	50
NSFL1C	3	EurAmr	1	300
NSRP1	1	EurAmr	2	50
NSUN2	1	EurAmr	1	100
NSUN4	3	EurAmr	1	300
NSUN5	1	EurAmr	3	33.33333333333333
NSUN7	2	EurAmr	2	100
NT5C	1	EurAmr	1	100
NT5C3A	1	EurAmr	1	100
NT5DC1	1	EurAmr	1	100
NT5DC2	2	EurAmr	1	200
NT5DC3	2	EurAmr	1	200
NT5E	1	EurAmr	1	100
NT5M	1	EurAmr	1	100
NTHL1	1	EurAmr	1	100
NTM	1	EurAmr	2	50
NTMT1	1	EurAmr	2	50
NTN3	3	EurAmr	1	300
NTN4	1	EurAmr	1	100
NTN5	1	EurAmr	1	100
NTNG1	1	EurAmr	5	20
NTNG2	6	EurAmr	2	300
NTRK1	1	EurAmr	3	33.33333333333333
NTRK2	4	EurAmr	1	400
NTRK3	4	EurAmr	2	200
NTS	1	EurAmr	1	100
NUAK1	1	EurAmr	3	33.33333333333333
NUAK2	2	EurAmr	2	100
NUCB2	1	EurAmr	1	100
NUDCD1	1	EurAmr	1	100
NUDCD3	2	EurAmr	1	200
NUDT11	1	EurAmr	1	100
NUDT12	1	EurAmr	1	100
NUDT16	1	EurAmr	1	100
NUDT17	1	EurAmr	2	50
NUDT19	2	EurAmr	2	100
NUDT8	1	EurAmr	1	100
NUFIP1	1	EurAmr	1	100
NUMA1	3	EurAmr	1	300
NUMBL	3	EurAmr	1	300
NUP107	1	EurAmr	1	100
NUP153	3	EurAmr	3	100
NUP155	2	EurAmr	2	100
NUP160	2	EurAmr	2	100
NUP188	6	EurAmr	1	600
NUP205	3	EurAmr	2	150
NUP210	3	EurAmr	2	150
NUP210L	3	EurAmr	3	100
NUP214	5	EurAmr	1	500
NUP37	1	EurAmr	1	100
NUP50	2	EurAmr	2	100
NUP54	1	EurAmr	2	50
NUP62	1	EurAmr	2	50
NUP85	2	EurAmr	1	200
NUP88	1	EurAmr	1	100
NUP93	1	EurAmr	1	100
NUP98	2	EurAmr	3	66.66666666666666
NUPL1	1	EurAmr	1	100
NUPL2	1	EurAmr	2	50
NUS1	1	EurAmr	1	100
NUSAP1	1	EurAmr	1	100
NUTM1	1	EurAmr	1	100
NUTM2A	1	EurAmr	1	100
NUTM2F	1	EurAmr	1	100
NWD1	3	EurAmr	2	150
NXPE2	1	EurAmr	2	50
NXPE3	2	EurAmr	1	200
NXPE4	1	EurAmr	2	50
NXPH1	1	EurAmr	1	100
NXT1	1	EurAmr	1	100
NYAP1	1	EurAmr	1	100
NYAP2	2	EurAmr	3	66.66666666666666
NYNRIN	7	EurAmr	2	350
NYX	1	EurAmr	1	100
OAF	1	EurAmr	1	100
OARD1	1	EurAmr	1	100
OAS3	2	EurAmr	1	200
OASL	1	EurAmr	1	100
OAT	1	EurAmr	1	100
OBFC1	2	EurAmr	1	200
OBSCN	8	EurAmr	7	114.28571428571428
OBSL1	3	EurAmr	2	150
OCIAD1	1	EurAmr	1	100
OCLM	1	EurAmr	1	100
OCRL	1	EurAmr	2	50
ODAM	1	EurAmr	1	100
ODF1	1	EurAmr	2	50
ODF2	3	EurAmr	2	150
ODF4	1	EurAmr	1	100
OFD1	1	EurAmr	2	50
OGDH	3	EurAmr	2	150
OGDHL	1	EurAmr	3	33.33333333333333
OGFOD2	1	EurAmr	1	100
OGFOD3	1	EurAmr	1	100
OGFR	1	EurAmr	1	100
OGFRL1	1	EurAmr	1	100
OGG1	1	EurAmr	1	100
OGT	1	EurAmr	2	50
OLFM1	2	EurAmr	2	100
OLFM2	5	EurAmr	1	500
OLFML2A	1	EurAmr	2	50
OLFML2B	1	EurAmr	3	33.33333333333333
OLIG3	4	EurAmr	2	200
OMA1	1	EurAmr	1	100
OMP	1	EurAmr	1	100
ONECUT2	1	EurAmr	2	50
OPA3	1	EurAmr	1	100
OPALIN	1	EurAmr	1	100
OPHN1	1	EurAmr	1	100
OPLAH	5	EurAmr	2	250
OPN1SW	1	EurAmr	1	100
OPN3	1	EurAmr	1	100
OPN4	1	EurAmr	1	100
OPRD1	1	EurAmr	1	100
OPRM1	1	EurAmr	1	100
OR10A5	1	EurAmr	1	100
OR10A6	1	EurAmr	1	100
OR10C1	2	EurAmr	2	100
OR10G2	1	EurAmr	1	100
OR10G3	1	EurAmr	1	100
OR10G9	2	EurAmr	4	50
OR10J1	1	EurAmr	2	50
OR10J3	2	EurAmr	1	200
OR10J5	1	EurAmr	1	100
OR10P1	1	EurAmr	1	100
OR10Q1	1	EurAmr	2	50
OR10R2	1	EurAmr	2	50
OR10T2	1	EurAmr	1	100
OR11G2	2	EurAmr	1	200
OR11H12	1	EurAmr	2	50
OR11H6	1	EurAmr	1	100
OR13A1	2	EurAmr	1	200
OR13C5	1	EurAmr	1	100
OR13C8	1	EurAmr	1	100
OR13C9	2	EurAmr	1	200
OR13F1	1	EurAmr	1	100
OR13G1	4	EurAmr	1	400
OR14J1	1	EurAmr	1	100
OR14K1	2	EurAmr	2	100
OR1C1	1	EurAmr	3	33.33333333333333
OR1D2	1	EurAmr	2	50
OR1E1	2	EurAmr	1	200
OR1J2	1	EurAmr	2	50
OR1K1	1	EurAmr	1	100
OR1L1	1	EurAmr	2	50
OR1L4	1	EurAmr	1	100
OR1L6	3	EurAmr	1	300
OR1L8	1	EurAmr	1	100
OR1M1	1	EurAmr	1	100
OR1N2	1	EurAmr	1	100
OR1S1	1	EurAmr	1	100
OR2A12	1	EurAmr	1	100
OR2A2	1	EurAmr	1	100
OR2A25	1	EurAmr	1	100
OR2A42	1	EurAmr	1	100
OR2A7	1	EurAmr	1	100
OR2AE1	1	EurAmr	1	100
OR2AK2	1	EurAmr	1	100
OR2B11	1	EurAmr	2	50
OR2B2	2	EurAmr	1	200
OR2B6	1	EurAmr	1	100
OR2C1	1	EurAmr	1	100
OR2C3	1	EurAmr	1	100
OR2D2	2	EurAmr	1	200
OR2F1	1	EurAmr	2	50
OR2F2	1	EurAmr	1	100
OR2G6	1	EurAmr	1	100
OR2H2	2	EurAmr	1	200
OR2K2	1	EurAmr	2	50
OR2L13	1	EurAmr	2	50
OR2L2	1	EurAmr	1	100
OR2M5	1	EurAmr	2	50
OR2S2	1	EurAmr	1	100
OR2T11	1	EurAmr	1	100
OR2T12	1	EurAmr	1	100
OR2T27	1	EurAmr	1	100
OR2T3	2	EurAmr	2	100
OR2T34	1	EurAmr	2	50
OR2T4	1	EurAmr	2	50
OR2T8	2	EurAmr	1	200
OR2W3	2	EurAmr	1	200
OR2Z1	1	EurAmr	1	100
OR4A15	3	EurAmr	1	300
OR4A5	3	EurAmr	1	300
OR4C11	1	EurAmr	1	100
OR4C3	1	EurAmr	1	100
OR4C46	2	EurAmr	1	200
OR4D11	1	EurAmr	1	100
OR4D2	2	EurAmr	1	200
OR4D5	1	EurAmr	3	33.33333333333333
OR4D6	1	EurAmr	1	100
OR4F4	1	EurAmr	1	100
OR4K1	1	EurAmr	1	100
OR4K5	1	EurAmr	1	100
OR4M1	2	EurAmr	2	100
OR4N2	1	EurAmr	1	100
OR4P4	1	EurAmr	1	100
OR4Q3	3	EurAmr	2	150
OR4S2	1	EurAmr	2	50
OR4X1	1	EurAmr	1	100
OR4X2	1	EurAmr	1	100
OR51A7	1	EurAmr	2	50
OR51B4	1	EurAmr	1	100
OR51B5	1	EurAmr	3	33.33333333333333
OR51D1	2	EurAmr	1	200
OR51E1	1	EurAmr	2	50
OR51E2	1	EurAmr	1	100
OR51F1	1	EurAmr	1	100
OR51I2	1	EurAmr	2	50
OR51Q1	2	EurAmr	1	200
OR51T1	2	EurAmr	2	100
OR51V1	3	EurAmr	1	300
OR52A1	1	EurAmr	1	100
OR52A5	1	EurAmr	1	100
OR52B4	1	EurAmr	1	100
OR52D1	1	EurAmr	1	100
OR52E2	1	EurAmr	1	100
OR52E8	1	EurAmr	1	100
OR52H1	1	EurAmr	1	100
OR52I1	3	EurAmr	1	300
OR52I2	2	EurAmr	1	200
OR52L1	1	EurAmr	1	100
OR52N2	1	EurAmr	1	100
OR52N4	1	EurAmr	1	100
OR52N5	1	EurAmr	1	100
OR52R1	1	EurAmr	1	100
OR5A1	1	EurAmr	2	50
OR5A2	1	EurAmr	1	100
OR5AC2	1	EurAmr	1	100
OR5AK2	2	EurAmr	1	200
OR5AS1	2	EurAmr	1	200
OR5B12	2	EurAmr	1	200
OR5B3	1	EurAmr	1	100
OR5C1	1	EurAmr	1	100
OR5D13	1	EurAmr	2	50
OR5D16	2	EurAmr	1	200
OR5D18	2	EurAmr	1	200
OR5F1	1	EurAmr	2	50
OR5H14	1	EurAmr	1	100
OR5H6	1	EurAmr	1	100
OR5K1	1	EurAmr	1	100
OR5M10	1	EurAmr	1	100
OR5M3	2	EurAmr	2	100
OR5M9	1	EurAmr	1	100
OR5P2	1	EurAmr	2	50
OR5P3	1	EurAmr	2	50
OR5R1	1	EurAmr	1	100
OR5T1	1	EurAmr	1	100
OR5W2	1	EurAmr	1	100
OR6A2	1	EurAmr	1	100
OR6B1	1	EurAmr	1	100
OR6B2	1	EurAmr	1	100
OR6C1	1	EurAmr	1	100
OR6C3	1	EurAmr	1	100
OR6C70	1	EurAmr	1	100
OR6C74	1	EurAmr	1	100
OR6K2	2	EurAmr	1	200
OR6M1	1	EurAmr	1	100
OR6N1	1	EurAmr	1	100
OR6Q1	1	EurAmr	1	100
OR6T1	1	EurAmr	2	50
OR6Y1	1	EurAmr	2	50
OR7D2	1	EurAmr	1	100
OR7D4	3	EurAmr	2	150
OR7E24	2	EurAmr	1	200
OR7G3	2	EurAmr	1	200
OR8B12	1	EurAmr	3	33.33333333333333
OR8B8	1	EurAmr	2	50
OR8D2	2	EurAmr	1	200
OR8D4	1	EurAmr	1	100
OR8G5	1	EurAmr	2	50
OR8H2	1	EurAmr	1	100
OR8H3	2	EurAmr	2	100
OR8J1	1	EurAmr	1	100
OR8J3	1	EurAmr	2	50
OR8K5	2	EurAmr	1	200
OR8U1	1	EurAmr	1	100
OR9G1	1	EurAmr	1	100
OR9K2	1	EurAmr	1	100
ORC2	1	EurAmr	1	100
ORC4	1	EurAmr	1	100
ORC5	1	EurAmr	1	100
ORMDL2	1	EurAmr	1	100
OSBP2	1	EurAmr	1	100
OSBPL10	1	EurAmr	2	50
OSBPL11	2	EurAmr	2	100
OSBPL1A	1	EurAmr	1	100
OSBPL2	2	EurAmr	1	200
OSBPL5	1	EurAmr	1	100
OSBPL6	2	EurAmr	3	66.66666666666666
OSBPL7	1	EurAmr	2	50
OSBPL8	2	EurAmr	1	200
OSBPL9	2	EurAmr	2	100
OSCAR	1	EurAmr	1	100
OSGEP	2	EurAmr	1	200
OSGIN1	3	EurAmr	2	150
OSGIN2	1	EurAmr	1	100
OSMR	3	EurAmr	2	150
OSR1	1	EurAmr	1	100
OSR2	1	EurAmr	1	100
OTOA	2	EurAmr	1	200
OTOF	3	EurAmr	3	100
OTOP2	1	EurAmr	1	100
OTOP3	1	EurAmr	4	25
OTP	1	EurAmr	1	100
OTUD3	1	EurAmr	1	100
OTUD4	1	EurAmr	1	100
OTUD7A	3	EurAmr	1	300
OTUD7B	4	EurAmr	1	400
OTX1	2	EurAmr	1	200
OTX2	2	EurAmr	2	100
OVCA2	1	EurAmr	1	100
OVCH1	3	EurAmr	1	300
OVCH2	1	EurAmr	1	100
OVGP1	1	EurAmr	1	100
OVOL1	1	EurAmr	1	100
OXA1L	1	EurAmr	1	100
OXCT1	1	EurAmr	1	100
OXCT2	1	EurAmr	2	50
OXNAD1	1	EurAmr	2	50
OXSR1	1	EurAmr	1	100
OXTR	1	EurAmr	2	50
P2RX2	1	EurAmr	1	100
P2RX5	1	EurAmr	1	100
P2RX6	1	EurAmr	1	100
P2RY1	1	EurAmr	1	100
P2RY13	2	EurAmr	1	200
P2RY14	1	EurAmr	1	100
P2RY2	2	EurAmr	1	200
P2RY8	2	EurAmr	3	66.66666666666666
P3H1	2	EurAmr	1	200
P3H3	1	EurAmr	2	50
P4HA1	1	EurAmr	3	33.33333333333333
P4HA2	1	EurAmr	1	100
P4HA3	1	EurAmr	1	100
P4HTM	1	EurAmr	1	100
PA2G4	1	EurAmr	1	100
PAAF1	1	EurAmr	1	100
PABPC3	4	EurAmr	1	400
PABPC5	1	EurAmr	2	50
PABPN1	1	EurAmr	1	100
PACRG	1	EurAmr	1	100
PACRGL	1	EurAmr	1	100
PACS1	1	EurAmr	1	100
PACSIN1	1	EurAmr	2	50
PADI1	1	EurAmr	1	100
PADI2	1	EurAmr	1	100
PADI3	1	EurAmr	2	50
PADI4	2	EurAmr	1	200
PADI6	1	EurAmr	1	100
PAF1	2	EurAmr	1	200
PAFAH1B1	1	EurAmr	1	100
PAFAH2	1	EurAmr	1	100
PAG1	1	EurAmr	2	50
PAICS	2	EurAmr	1	200
PAIP1	1	EurAmr	1	100
PAK2	2	EurAmr	1	200
PAK4	1	EurAmr	1	100
PAK6	1	EurAmr	1	100
PAK7	2	EurAmr	2	100
PALB2	3	EurAmr	1	300
PALD1	2	EurAmr	1	200
PALM	1	EurAmr	1	100
PALM2	1	EurAmr	1	100
PALM2-AKAP2	3	EurAmr	2	150
PAM	3	EurAmr	1	300
PAMR1	1	EurAmr	1	100
PAN2	2	EurAmr	1	200
PAN3	1	EurAmr	1	100
PANK2	1	EurAmr	1	100
PANK4	1	EurAmr	2	50
PANX2	1	EurAmr	1	100
PAPD7	1	EurAmr	1	100
PAPLN	4	EurAmr	2	200
PAPOLA	2	EurAmr	1	200
PAPOLB	2	EurAmr	2	100
PAPPA	2	EurAmr	2	100
PAPPA2	4	EurAmr	3	133.33333333333331
PAPSS1	1	EurAmr	1	100
PAPSS2	2	EurAmr	1	200
PAQR4	2	EurAmr	1	200
PAQR7	1	EurAmr	1	100
PAQR8	3	EurAmr	1	300
PARD3	2	EurAmr	2	100
PARD3B	4	EurAmr	2	200
PARK2	1	EurAmr	1	100
PARM1	2	EurAmr	1	200
PARP1	4	EurAmr	1	400
PARP11	2	EurAmr	1	200
PARP14	6	EurAmr	1	600
PARP15	1	EurAmr	1	100
PARP16	2	EurAmr	1	200
PARP2	1	EurAmr	1	100
PARP4	2	EurAmr	1	200
PARP6	3	EurAmr	2	150
PARP8	2	EurAmr	1	200
PARP9	1	EurAmr	2	50
PARPBP	1	EurAmr	1	100
PARS2	1	EurAmr	2	50
PARVB	1	EurAmr	1	100
PARVG	3	EurAmr	1	300
PASD1	1	EurAmr	2	50
PASK	4	EurAmr	3	133.33333333333331
PATL1	1	EurAmr	1	100
PATZ1	1	EurAmr	1	100
PAX4	1	EurAmr	1	100
PAX5	1	EurAmr	1	100
PAX7	1	EurAmr	1	100
PAX8	1	EurAmr	1	100
PAX9	1	EurAmr	2	50
PAXIP1	1	EurAmr	1	100
PBRM1	2	EurAmr	3	66.66666666666666
PBX1	3	EurAmr	1	300
PBX3	1	EurAmr	1	100
PBX4	1	EurAmr	1	100
PC	1	EurAmr	2	50
PCBP1	3	EurAmr	1	300
PCBP2	2	EurAmr	1	200
PCBP3	2	EurAmr	3	66.66666666666666
PCDH1	2	EurAmr	3	66.66666666666666
PCDH10	4	EurAmr	1	400
PCDH11X	2	EurAmr	3	66.66666666666666
PCDH12	4	EurAmr	3	133.33333333333331
PCDH15	5	EurAmr	7	71.42857142857143
PCDH17	1	EurAmr	5	20
PCDH18	4	EurAmr	4	100
PCDH19	4	EurAmr	1	400
PCDH20	2	EurAmr	1	200
PCDH7	2	EurAmr	1	200
PCDH8	4	EurAmr	3	133.33333333333331
PCDH9	3	EurAmr	4	75
PCDHA1	1	EurAmr	5	20
PCDHA10	4	EurAmr	2	200
PCDHA11	1	EurAmr	2	50
PCDHA12	1	EurAmr	3	33.33333333333333
PCDHA2	2	EurAmr	4	50
PCDHA3	1	EurAmr	4	25
PCDHA5	2	EurAmr	1	200
PCDHA6	1	EurAmr	4	25
PCDHA7	1	EurAmr	4	25
PCDHA8	2	EurAmr	3	66.66666666666666
PCDHA9	2	EurAmr	3	66.66666666666666
PCDHAC1	3	EurAmr	1	300
PCDHB1	1	EurAmr	2	50
PCDHB12	2	EurAmr	2	100
PCDHB13	1	EurAmr	4	25
PCDHB14	4	EurAmr	1	400
PCDHB15	4	EurAmr	2	200
PCDHB2	1	EurAmr	3	33.33333333333333
PCDHB3	4	EurAmr	4	100
PCDHB4	2	EurAmr	1	200
PCDHB5	4	EurAmr	3	133.33333333333331
PCDHB6	3	EurAmr	3	100
PCDHB7	4	EurAmr	7	57.14285714285714
PCDHB8	4	EurAmr	2	200
PCDHB9	1	EurAmr	1	100
PCDHGA10	2	EurAmr	3	66.66666666666666
PCDHGA11	1	EurAmr	2	50
PCDHGA12	2	EurAmr	2	100
PCDHGA2	3	EurAmr	4	75
PCDHGA3	1	EurAmr	1	100
PCDHGA4	1	EurAmr	2	50
PCDHGA5	1	EurAmr	2	50
PCDHGA6	3	EurAmr	2	150
PCDHGA7	1	EurAmr	2	50
PCDHGA8	2	EurAmr	2	100
PCDHGA9	5	EurAmr	2	250
PCDHGB1	3	EurAmr	2	150
PCDHGB2	1	EurAmr	1	100
PCDHGB3	1	EurAmr	2	50
PCDHGB4	1	EurAmr	2	50
PCDHGB6	2	EurAmr	2	100
PCDHGB7	1	EurAmr	4	25
PCDHGC4	1	EurAmr	1	100
PCDHGC5	3	EurAmr	2	150
PCED1A	1	EurAmr	1	100
PCED1B	1	EurAmr	1	100
PCF11	1	EurAmr	1	100
PCGF5	1	EurAmr	1	100
PCGF6	1	EurAmr	1	100
PCIF1	1	EurAmr	1	100
PCK1	2	EurAmr	1	200
PCK2	2	EurAmr	1	200
PCLO	3	EurAmr	4	75
PCM1	3	EurAmr	1	300
PCMT1	1	EurAmr	1	100
PCMTD2	2	EurAmr	1	200
PCNT	8	EurAmr	2	400
PCNX	2	EurAmr	2	100
PCNXL2	5	EurAmr	1	500
PCNXL3	2	EurAmr	2	100
PCNXL4	3	EurAmr	1	300
PCOLCE	1	EurAmr	1	100
PCOLCE2	1	EurAmr	1	100
PCSK1	3	EurAmr	1	300
PCSK2	1	EurAmr	2	50
PCSK4	2	EurAmr	2	100
PCSK5	4	EurAmr	1	400
PCSK6	1	EurAmr	1	100
PCSK7	1	EurAmr	1	100
PCTP	1	EurAmr	1	100
PCYOX1	1	EurAmr	1	100
PCYOX1L	2	EurAmr	1	200
PCYT1B	1	EurAmr	1	100
PDCD1	1	EurAmr	1	100
PDCD11	3	EurAmr	3	100
PDCD5	1	EurAmr	1	100
PDCD6IP	1	EurAmr	1	100
PDCL	1	EurAmr	1	100
PDCL3	1	EurAmr	1	100
PDE10A	1	EurAmr	4	25
PDE11A	1	EurAmr	2	50
PDE1A	1	EurAmr	1	100
PDE1B	1	EurAmr	2	50
PDE2A	1	EurAmr	2	50
PDE3A	4	EurAmr	4	100
PDE3B	1	EurAmr	1	100
PDE4A	2	EurAmr	1	200
PDE4C	1	EurAmr	2	50
PDE4D	2	EurAmr	1	200
PDE4DIP	3	EurAmr	1	300
PDE5A	3	EurAmr	1	300
PDE6A	1	EurAmr	1	100
PDE6B	3	EurAmr	1	300
PDE6C	1	EurAmr	1	100
PDE7B	1	EurAmr	1	100
PDE8A	1	EurAmr	1	100
PDE8B	1	EurAmr	2	50
PDE9A	1	EurAmr	2	50
PDGFC	2	EurAmr	2	100
PDGFRA	3	EurAmr	1	300
PDGFRB	3	EurAmr	1	300
PDHA1	1	EurAmr	1	100
PDHA2	1	EurAmr	2	50
PDIA2	1	EurAmr	1	100
PDIA3	2	EurAmr	1	200
PDIA4	2	EurAmr	1	200
PDIA6	1	EurAmr	1	100
PDILT	1	EurAmr	1	100
PDK1	1	EurAmr	1	100
PDK2	3	EurAmr	1	300
PDLIM2	1	EurAmr	1	100
PDLIM3	3	EurAmr	1	300
PDP1	2	EurAmr	1	200
PDPK1	1	EurAmr	1	100
PDPN	1	EurAmr	2	50
PDS5A	2	EurAmr	1	200
PDS5B	1	EurAmr	1	100
PDX1	1	EurAmr	1	100
PDXDC1	2	EurAmr	1	200
PDXK	2	EurAmr	1	200
PDYN	2	EurAmr	2	100
PDZD2	2	EurAmr	1	200
PDZD7	2	EurAmr	1	200
PDZK1	1	EurAmr	1	100
PDZRN3	4	EurAmr	5	80
PDZRN4	2	EurAmr	3	66.66666666666666
PEAK1	2	EurAmr	2	100
PEAR1	1	EurAmr	1	100
PEG10	1	EurAmr	2	50
PEG3	6	EurAmr	6	100
PELI3	1	EurAmr	1	100
PENK	1	EurAmr	1	100
PER1	1	EurAmr	2	50
PER2	3	EurAmr	1	300
PER3	1	EurAmr	1	100
PERP	1	EurAmr	1	100
PES1	1	EurAmr	3	33.33333333333333
PEX1	4	EurAmr	1	400
PEX11G	1	EurAmr	1	100
PEX12	1	EurAmr	1	100
PEX14	2	EurAmr	1	200
PEX19	1	EurAmr	1	100
PEX3	1	EurAmr	1	100
PEX5	1	EurAmr	1	100
PEX5L	3	EurAmr	2	150
PEX7	2	EurAmr	1	200
PF4	1	EurAmr	1	100
PFAS	5	EurAmr	2	250
PFDN1	1	EurAmr	1	100
PFKFB1	2	EurAmr	1	200
PFKFB2	1	EurAmr	1	100
PFKFB4	1	EurAmr	2	50
PFKL	1	EurAmr	2	50
PFKM	1	EurAmr	1	100
PGAM1	1	EurAmr	1	100
PGBD1	2	EurAmr	1	200
PGBD2	1	EurAmr	1	100
PGBD4	4	EurAmr	1	400
PGBD5	2	EurAmr	2	100
PGC	1	EurAmr	2	50
PGD	1	EurAmr	1	100
PGK1	2	EurAmr	1	200
PGLS	1	EurAmr	1	100
PGLYRP2	1	EurAmr	1	100
PGLYRP4	1	EurAmr	1	100
PGM2L1	1	EurAmr	1	100
PGM3	2	EurAmr	1	200
PGM5	1	EurAmr	1	100
PGP	2	EurAmr	1	200
PGPEP1L	1	EurAmr	1	100
PGR	2	EurAmr	1	200
PHACTR2	2	EurAmr	1	200
PHACTR4	1	EurAmr	1	100
PHB	1	EurAmr	2	50
PHC2	2	EurAmr	1	200
PHC3	2	EurAmr	1	200
PHEX	1	EurAmr	2	50
PHF1	2	EurAmr	2	100
PHF10	2	EurAmr	1	200
PHF11	1	EurAmr	2	50
PHF12	2	EurAmr	1	200
PHF2	3	EurAmr	1	300
PHF20L1	1	EurAmr	1	100
PHF21A	1	EurAmr	1	100
PHF21B	1	EurAmr	2	50
PHF3	2	EurAmr	2	100
PHF7	1	EurAmr	1	100
PHGDH	2	EurAmr	1	200
PHIP	4	EurAmr	3	133.33333333333331
PHKA2	1	EurAmr	1	100
PHKB	4	EurAmr	2	200
PHKG1	1	EurAmr	1	100
PHLDB1	2	EurAmr	1	200
PHLDB2	3	EurAmr	3	100
PHLDB3	1	EurAmr	2	50
PHLPP1	3	EurAmr	2	150
PHLPP2	3	EurAmr	1	300
PHOX2B	1	EurAmr	1	100
PHPT1	2	EurAmr	1	200
PHRF1	1	EurAmr	1	100
PHTF1	1	EurAmr	1	100
PHTF2	1	EurAmr	1	100
PHYH	2	EurAmr	1	200
PHYHIP	1	EurAmr	1	100
PI15	1	EurAmr	2	50
PI4K2A	1	EurAmr	1	100
PI4KA	4	EurAmr	1	400
PIAS1	2	EurAmr	1	200
PIAS2	2	EurAmr	1	200
PIAS4	3	EurAmr	2	150
PICALM	2	EurAmr	1	200
PICK1	1	EurAmr	1	100
PIDD1	1	EurAmr	1	100
PIEZO2	1	EurAmr	2	50
PIF1	2	EurAmr	2	100
PIGB	1	EurAmr	1	100
PIGG	2	EurAmr	1	200
PIGL	2	EurAmr	1	200
PIGO	2	EurAmr	3	66.66666666666666
PIGQ	4	EurAmr	1	400
PIGS	2	EurAmr	1	200
PIGW	2	EurAmr	1	200
PIH1D1	2	EurAmr	1	200
PIH1D2	1	EurAmr	1	100
PIK3AP1	2	EurAmr	1	200
PIK3C2A	4	EurAmr	1	400
PIK3C2B	7	EurAmr	2	350
PIK3C2G	2	EurAmr	1	200
PIK3C3	2	EurAmr	1	200
PIK3CD	3	EurAmr	1	300
PIK3CG	3	EurAmr	4	75
PIK3R1	1	EurAmr	1	100
PIK3R2	2	EurAmr	1	200
PIK3R3	2	EurAmr	1	200
PIK3R4	2	EurAmr	1	200
PIK3R5	1	EurAmr	2	50
PIK3R6	2	EurAmr	1	200
PILRA	1	EurAmr	1	100
PILRB	1	EurAmr	1	100
PIN1	1	EurAmr	1	100
PIP4K2B	1	EurAmr	1	100
PIP4K2C	1	EurAmr	1	100
PIP5K1B	3	EurAmr	1	300
PIP5KL1	1	EurAmr	1	100
PIR	1	EurAmr	1	100
PISD	1	EurAmr	1	100
PITPNB	1	EurAmr	1	100
PITPNM1	2	EurAmr	2	100
PITPNM2	3	EurAmr	3	100
PITPNM3	2	EurAmr	1	200
PITRM1	4	EurAmr	2	200
PIWIL2	2	EurAmr	1	200
PIWIL3	1	EurAmr	2	50
PIWIL4	1	EurAmr	1	100
PJA1	2	EurAmr	1	200
PKD1	5	EurAmr	5	100
PKD1L1	3	EurAmr	4	75
PKD1L2	5	EurAmr	3	166.66666666666669
PKD2	2	EurAmr	2	100
PKD2L2	2	EurAmr	1	200
PKDREJ	5	EurAmr	1	500
PKHD1	3	EurAmr	2	150
PKHD1L1	6	EurAmr	1	600
PKIB	1	EurAmr	1	100
PKLR	2	EurAmr	1	200
PKM	1	EurAmr	1	100
PKMYT1	1	EurAmr	1	100
PKN1	3	EurAmr	3	100
PKN3	1	EurAmr	2	50
PKNOX2	2	EurAmr	2	100
PKP1	2	EurAmr	1	200
PKP2	2	EurAmr	2	100
PKP3	2	EurAmr	1	200
PKP4	2	EurAmr	1	200
PLA2G12A	1	EurAmr	1	100
PLA2G15	1	EurAmr	1	100
PLA2G2E	1	EurAmr	1	100
PLA2G3	2	EurAmr	1	200
PLA2G4C	1	EurAmr	1	100
PLA2G4D	1	EurAmr	1	100
PLA2G4E	2	EurAmr	2	100
PLA2G6	2	EurAmr	1	200
PLA2G7	1	EurAmr	1	100
PLA2R1	1	EurAmr	1	100
PLAA	1	EurAmr	1	100
PLAT	1	EurAmr	1	100
PLAU	2	EurAmr	1	200
PLBD2	3	EurAmr	1	300
PLCB2	1	EurAmr	1	100
PLCB3	2	EurAmr	3	66.66666666666666
PLCB4	1	EurAmr	1	100
PLCD1	1	EurAmr	1	100
PLCD4	3	EurAmr	1	300
PLCE1	2	EurAmr	4	50
PLCG1	1	EurAmr	1	100
PLCG2	5	EurAmr	1	500
PLCH1	1	EurAmr	2	50
PLCL1	4	EurAmr	1	400
PLCL2	1	EurAmr	1	100
PLCXD1	1	EurAmr	2	50
PLD2	2	EurAmr	1	200
PLD3	1	EurAmr	3	33.33333333333333
PLD5	2	EurAmr	3	66.66666666666666
PLEC	17	EurAmr	6	283.33333333333337
PLEKHA1	1	EurAmr	1	100
PLEKHA4	2	EurAmr	3	66.66666666666666
PLEKHA7	1	EurAmr	1	100
PLEKHA8	1	EurAmr	2	50
PLEKHB1	1	EurAmr	2	50
PLEKHG1	4	EurAmr	1	400
PLEKHG2	2	EurAmr	3	66.66666666666666
PLEKHG4B	2	EurAmr	2	100
PLEKHG6	1	EurAmr	1	100
PLEKHH2	6	EurAmr	4	150
PLEKHM1	1	EurAmr	2	50
PLEKHM3	1	EurAmr	1	100
PLEKHO2	1	EurAmr	1	100
PLEKHS1	1	EurAmr	1	100
PLIN3	5	EurAmr	1	500
PLIN4	2	EurAmr	2	100
PLIN5	2	EurAmr	1	200
PLK1	1	EurAmr	1	100
PLK2	1	EurAmr	1	100
PLK3	2	EurAmr	1	200
PLK4	1	EurAmr	2	50
PLOD1	1	EurAmr	1	100
PLOD3	1	EurAmr	2	50
PLRG1	1	EurAmr	2	50
PLS1	2	EurAmr	1	200
PLSCR2	1	EurAmr	2	50
PLSCR4	1	EurAmr	1	100
PLTP	1	EurAmr	2	50
PLVAP	1	EurAmr	1	100
PLXDC1	5	EurAmr	1	500
PLXDC2	1	EurAmr	2	50
PLXNA1	8	EurAmr	1	800
PLXNA2	6	EurAmr	3	200
PLXNA3	5	EurAmr	1	500
PLXNA4	2	EurAmr	1	200
PLXNB1	3	EurAmr	3	100
PLXNB2	3	EurAmr	4	75
PLXNB3	5	EurAmr	2	250
PLXNC1	1	EurAmr	2	50
PLXND1	3	EurAmr	1	300
PM20D2	1	EurAmr	1	100
PMEPA1	4	EurAmr	4	100
PMF1	2	EurAmr	1	200
PML	1	EurAmr	1	100
PMM2	1	EurAmr	1	100
PMP22	1	EurAmr	1	100
PMPCA	1	EurAmr	1	100
PMS1	2	EurAmr	2	100
PMS2	5	EurAmr	1	500
PNCK	1	EurAmr	1	100
PNISR	1	EurAmr	1	100
PNLDC1	2	EurAmr	1	200
PNLIP	1	EurAmr	2	50
PNLIPRP2	2	EurAmr	1	200
PNLIPRP3	1	EurAmr	1	100
PNMA2	1	EurAmr	1	100
PNMA5	1	EurAmr	2	50
PNMAL1	1	EurAmr	1	100
PNMAL2	1	EurAmr	2	50
PNN	2	EurAmr	1	200
PNOC	1	EurAmr	1	100
PNP	1	EurAmr	1	100
PNPLA1	1	EurAmr	1	100
PNPLA6	2	EurAmr	2	100
PNPLA7	5	EurAmr	1	500
PNPLA8	2	EurAmr	1	200
PNPO	1	EurAmr	1	100
PNPT1	2	EurAmr	2	100
PNRC1	1	EurAmr	1	100
POC1A	3	EurAmr	1	300
POC1B	1	EurAmr	1	100
PODXL	3	EurAmr	1	300
POFUT2	1	EurAmr	1	100
POGK	2	EurAmr	1	200
POGLUT1	1	EurAmr	1	100
POGZ	1	EurAmr	1	100
POLA1	1	EurAmr	2	50
POLA2	1	EurAmr	1	100
POLD1	1	EurAmr	1	100
POLD2	1	EurAmr	1	100
POLDIP3	1	EurAmr	1	100
POLE	3	EurAmr	1	300
POLE2	1	EurAmr	1	100
POLG	4	EurAmr	1	400
POLH	1	EurAmr	1	100
POLI	1	EurAmr	1	100
POLL	2	EurAmr	1	200
POLM	1	EurAmr	1	100
POLN	1	EurAmr	1	100
POLQ	2	EurAmr	1	200
POLR1A	3	EurAmr	1	300
POLR1B	3	EurAmr	2	150
POLR2A	3	EurAmr	2	150
POLR2B	1	EurAmr	2	50
POLR2E	2	EurAmr	1	200
POLR2J	1	EurAmr	1	100
POLR3B	3	EurAmr	1	300
POLR3E	3	EurAmr	1	300
POLRMT	2	EurAmr	1	200
POM121	4	EurAmr	1	400
POMC	1	EurAmr	3	33.33333333333333
POMGNT1	2	EurAmr	1	200
POMGNT2	1	EurAmr	1	100
POMK	1	EurAmr	1	100
POMT2	1	EurAmr	1	100
PON1	1	EurAmr	1	100
PON2	1	EurAmr	1	100
POP1	1	EurAmr	2	50
POPDC2	1	EurAmr	1	100
PORCN	1	EurAmr	1	100
POSTN	2	EurAmr	2	100
POT1	2	EurAmr	1	200
POTEE	1	EurAmr	5	20
POTEF	1	EurAmr	2	50
POTEG	2	EurAmr	1	200
POTEH	1	EurAmr	1	100
POU2F1	1	EurAmr	1	100
POU3F2	1	EurAmr	1	100
POU4F1	1	EurAmr	1	100
POU5F2	1	EurAmr	1	100
POU6F1	2	EurAmr	1	200
PPAN-P2RY11	3	EurAmr	1	300
PPAP2B	2	EurAmr	1	200
PPAPDC1B	1	EurAmr	1	100
PPARA	2	EurAmr	1	200
PPARD	1	EurAmr	1	100
PPARGC1A	3	EurAmr	1	300
PPARGC1B	3	EurAmr	1	300
PPAT	2	EurAmr	1	200
PPEF1	1	EurAmr	2	50
PPEF2	2	EurAmr	1	200
PPFIA1	3	EurAmr	1	300
PPFIA2	3	EurAmr	3	100
PPFIA3	1	EurAmr	1	100
PPFIA4	1	EurAmr	2	50
PPFIBP2	1	EurAmr	1	100
PPIG	3	EurAmr	1	300
PPIL1	1	EurAmr	2	50
PPIL2	1	EurAmr	1	100
PPIP5K1	1	EurAmr	3	33.33333333333333
PPL	3	EurAmr	1	300
PPM1E	1	EurAmr	1	100
PPM1G	1	EurAmr	2	50
PPM1H	1	EurAmr	1	100
PPM1K	1	EurAmr	1	100
PPOX	1	EurAmr	2	50
PPP1CA	1	EurAmr	1	100
PPP1CB	1	EurAmr	1	100
PPP1R12C	2	EurAmr	2	100
PPP1R13L	2	EurAmr	1	200
PPP1R15A	2	EurAmr	1	200
PPP1R15B	1	EurAmr	1	100
PPP1R16A	2	EurAmr	1	200
PPP1R16B	1	EurAmr	3	33.33333333333333
PPP1R18	1	EurAmr	1	100
PPP1R21	1	EurAmr	1	100
PPP1R26	3	EurAmr	2	150
PPP1R27	1	EurAmr	1	100
PPP1R3A	3	EurAmr	2	150
PPP1R3B	1	EurAmr	1	100
PPP1R3D	1	EurAmr	2	50
PPP1R42	1	EurAmr	1	100
PPP1R7	1	EurAmr	1	100
PPP1R9A	1	EurAmr	4	25
PPP1R9B	2	EurAmr	2	100
PPP2CB	1	EurAmr	1	100
PPP2R1A	1	EurAmr	2	50
PPP2R1B	2	EurAmr	3	66.66666666666666
PPP2R2A	2	EurAmr	1	200
PPP2R3A	3	EurAmr	1	300
PPP2R5A	2	EurAmr	2	100
PPP2R5B	1	EurAmr	1	100
PPP2R5D	1	EurAmr	1	100
PPP3CA	2	EurAmr	1	200
PPP4C	1	EurAmr	1	100
PPP4R1	2	EurAmr	1	200
PPP4R4	1	EurAmr	1	100
PPP5D1	1	EurAmr	1	100
PPP6C	1	EurAmr	1	100
PPP6R2	1	EurAmr	1	100
PPRC1	3	EurAmr	2	150
PPT2	1	EurAmr	1	100
PPWD1	1	EurAmr	2	50
PQLC1	1	EurAmr	1	100
PRAM1	1	EurAmr	2	50
PRAMEF1	1	EurAmr	2	50
PRAMEF12	2	EurAmr	1	200
PRAMEF20	1	EurAmr	1	100
PRAMEF4	1	EurAmr	2	50
PRAMEF7	1	EurAmr	1	100
PRB2	1	EurAmr	1	100
PRC1	1	EurAmr	2	50
PRCC	1	EurAmr	1	100
PRDM1	2	EurAmr	1	200
PRDM10	2	EurAmr	2	100
PRDM11	1	EurAmr	2	50
PRDM13	2	EurAmr	2	100
PRDM14	2	EurAmr	1	200
PRDM15	1	EurAmr	2	50
PRDM16	1	EurAmr	2	50
PRDM2	5	EurAmr	1	500
PRDM4	1	EurAmr	1	100
PRDM5	3	EurAmr	1	300
PRDM8	1	EurAmr	1	100
PRDM9	1	EurAmr	2	50
PRDX1	1	EurAmr	1	100
PRELP	1	EurAmr	1	100
PREP	1	EurAmr	1	100
PREX1	5	EurAmr	4	125
PREX2	1	EurAmr	3	33.33333333333333
PRF1	1	EurAmr	1	100
PRG2	1	EurAmr	1	100
PRG4	2	EurAmr	3	66.66666666666666
PRICKLE1	1	EurAmr	2	50
PRICKLE2	2	EurAmr	1	200
PRICKLE4	1	EurAmr	1	100
PRIMA1	1	EurAmr	2	50
PRIMPOL	1	EurAmr	3	33.33333333333333
PRKAA1	1	EurAmr	1	100
PRKAB2	1	EurAmr	1	100
PRKAR1A	1	EurAmr	1	100
PRKAR1B	2	EurAmr	1	200
PRKAR2B	1	EurAmr	1	100
PRKCB	2	EurAmr	2	100
PRKCD	2	EurAmr	2	100
PRKCDBP	1	EurAmr	1	100
PRKCE	1	EurAmr	1	100
PRKCG	2	EurAmr	2	100
PRKCH	1	EurAmr	1	100
PRKCI	3	EurAmr	1	300
PRKCQ	1	EurAmr	1	100
PRKCSH	2	EurAmr	1	200
PRKCZ	1	EurAmr	1	100
PRKD2	4	EurAmr	2	200
PRKD3	3	EurAmr	1	300
PRKDC	4	EurAmr	2	200
PRKRIR	2	EurAmr	2	100
PRL	1	EurAmr	3	33.33333333333333
PRLHR	1	EurAmr	1	100
PRLR	3	EurAmr	1	300
PRMT3	2	EurAmr	1	200
PRMT6	1	EurAmr	1	100
PRMT7	2	EurAmr	1	200
PRMT9	1	EurAmr	1	100
PRND	1	EurAmr	1	100
PRNP	1	EurAmr	1	100
PROC	1	EurAmr	1	100
PROKR1	1	EurAmr	2	50
PROKR2	1	EurAmr	1	100
PROM2	3	EurAmr	2	150
PROP1	2	EurAmr	2	100
PROS1	2	EurAmr	1	200
PROSER1	1	EurAmr	1	100
PROSER3	1	EurAmr	2	50
PROX1	3	EurAmr	1	300
PROZ	1	EurAmr	2	50
PRPF18	1	EurAmr	1	100
PRPF3	3	EurAmr	1	300
PRPF38B	1	EurAmr	2	50
PRPF39	1	EurAmr	1	100
PRPF4B	1	EurAmr	1	100
PRPF8	3	EurAmr	2	150
PRPH	1	EurAmr	1	100
PRPH2	1	EurAmr	1	100
PRPS1L1	2	EurAmr	2	100
PRPSAP1	2	EurAmr	2	100
PRR14	4	EurAmr	1	400
PRR16	1	EurAmr	2	50
PRR22	1	EurAmr	2	50
PRR27	1	EurAmr	2	50
PRR3	1	EurAmr	2	50
PRR5	1	EurAmr	1	100
PRR5-ARHGAP8	1	EurAmr	1	100
PRR5L	1	EurAmr	2	50
PRRC2A	3	EurAmr	2	150
PRRC2B	4	EurAmr	1	400
PRRC2C	2	EurAmr	2	100
PRRT1	1	EurAmr	1	100
PRRT2	1	EurAmr	2	50
PRRT3	2	EurAmr	1	200
PRSS1	1	EurAmr	1	100
PRSS12	4	EurAmr	1	400
PRSS16	4	EurAmr	1	400
PRSS23	3	EurAmr	2	150
PRSS35	1	EurAmr	2	50
PRSS36	1	EurAmr	1	100
PRSS45	3	EurAmr	1	300
PRSS54	2	EurAmr	1	200
PRSS58	1	EurAmr	1	100
PRTG	2	EurAmr	1	200
PRUNE2	8	EurAmr	3	266.66666666666663
PRX	1	EurAmr	3	33.33333333333333
PSAP	2	EurAmr	1	200
PSD2	1	EurAmr	1	100
PSD3	1	EurAmr	1	100
PSD4	3	EurAmr	1	300
PSEN1	1	EurAmr	1	100
PSEN2	1	EurAmr	1	100
PSG11	1	EurAmr	2	50
PSG3	2	EurAmr	3	66.66666666666666
PSG4	1	EurAmr	1	100
PSG5	1	EurAmr	1	100
PSG8	1	EurAmr	3	33.33333333333333
PSG9	1	EurAmr	2	50
PSMA1	1	EurAmr	2	50
PSMA2	1	EurAmr	1	100
PSMA4	1	EurAmr	1	100
PSMA6	2	EurAmr	1	200
PSMB10	1	EurAmr	1	100
PSMB5	1	EurAmr	1	100
PSMB7	1	EurAmr	1	100
PSMC1	1	EurAmr	1	100
PSMC2	1	EurAmr	2	50
PSMC4	4	EurAmr	1	400
PSMD1	4	EurAmr	2	200
PSMD11	1	EurAmr	1	100
PSMD12	1	EurAmr	1	100
PSMD3	2	EurAmr	1	200
PSMD9	1	EurAmr	1	100
PSME4	4	EurAmr	3	133.33333333333331
PSMF1	1	EurAmr	1	100
PSPC1	1	EurAmr	1	100
PSTK	1	EurAmr	1	100
PSTPIP1	1	EurAmr	1	100
PTAR1	1	EurAmr	1	100
PTBP1	1	EurAmr	1	100
PTBP2	1	EurAmr	1	100
PTCD3	1	EurAmr	1	100
PTCH1	2	EurAmr	2	100
PTCH2	2	EurAmr	2	100
PTCHD1	1	EurAmr	2	50
PTCHD2	3	EurAmr	4	75
PTCHD3	1	EurAmr	3	33.33333333333333
PTCRA	1	EurAmr	1	100
PTDSS2	2	EurAmr	2	100
PTF1A	1	EurAmr	1	100
PTGDR	2	EurAmr	1	200
PTGDS	2	EurAmr	1	200
PTGER3	1	EurAmr	1	100
PTGER4	1	EurAmr	1	100
PTGES3L-AARSD1	1	EurAmr	1	100
PTGFR	1	EurAmr	1	100
PTGIS	1	EurAmr	2	50
PTGS1	1	EurAmr	1	100
PTGS2	1	EurAmr	1	100
PTK2	3	EurAmr	1	300
PTK6	2	EurAmr	2	100
PTK7	2	EurAmr	1	200
PTOV1	2	EurAmr	1	200
PTP4A1	1	EurAmr	1	100
PTPDC1	2	EurAmr	2	100
PTPN11	1	EurAmr	1	100
PTPN12	1	EurAmr	4	25
PTPN13	3	EurAmr	2	150
PTPN14	2	EurAmr	2	100
PTPN21	1	EurAmr	2	50
PTPN22	1	EurAmr	1	100
PTPN23	3	EurAmr	2	150
PTPN4	2	EurAmr	1	200
PTPN6	3	EurAmr	2	150
PTPRB	8	EurAmr	1	800
PTPRC	2	EurAmr	1	200
PTPRD	4	EurAmr	2	200
PTPRE	1	EurAmr	4	25
PTPRF	4	EurAmr	3	133.33333333333331
PTPRG	3	EurAmr	3	100
PTPRH	4	EurAmr	2	200
PTPRJ	2	EurAmr	1	200
PTPRK	1	EurAmr	1	100
PTPRM	6	EurAmr	3	200
PTPRN	4	EurAmr	1	400
PTPRO	2	EurAmr	1	200
PTPRS	3	EurAmr	3	100
PTPRT	4	EurAmr	4	100
PTPRU	4	EurAmr	1	400
PTPRZ1	3	EurAmr	2	150
PTRF	2	EurAmr	2	100
PTX4	2	EurAmr	2	100
PUF60	1	EurAmr	1	100
PUM2	1	EurAmr	2	50
PURA	1	EurAmr	1	100
PUS1	1	EurAmr	2	50
PUS3	1	EurAmr	1	100
PUS7L	1	EurAmr	1	100
PVRL1	1	EurAmr	2	50
PWP1	2	EurAmr	2	100
PWWP2B	2	EurAmr	1	200
PXDN	7	EurAmr	5	140
PXDNL	4	EurAmr	2	200
PXK	1	EurAmr	2	50
PXN	2	EurAmr	1	200
PYCR1	1	EurAmr	1	100
PYGB	2	EurAmr	1	200
PYGL	3	EurAmr	2	150
PYGM	2	EurAmr	1	200
PYGO2	2	EurAmr	1	200
PYHIN1	2	EurAmr	1	200
PYROXD1	1	EurAmr	1	100
PZP	1	EurAmr	2	50
QDPR	1	EurAmr	2	50
QKI	1	EurAmr	2	50
QPCT	1	EurAmr	2	50
QPCTL	1	EurAmr	1	100
QRICH1	2	EurAmr	1	200
QRICH2	2	EurAmr	2	100
QSER1	3	EurAmr	2	150
QSOX1	1	EurAmr	1	100
QSOX2	1	EurAmr	1	100
R3HDM1	4	EurAmr	1	400
R3HDM4	1	EurAmr	1	100
RAB11A	1	EurAmr	1	100
RAB11FIP1	2	EurAmr	2	100
RAB11FIP3	1	EurAmr	1	100
RAB11FIP4	1	EurAmr	1	100
RAB13	1	EurAmr	1	100
RAB19	1	EurAmr	1	100
RAB1B	2	EurAmr	1	200
RAB24	1	EurAmr	1	100
RAB27A	1	EurAmr	1	100
RAB28	1	EurAmr	1	100
RAB29	1	EurAmr	1	100
RAB2A	1	EurAmr	1	100
RAB2B	1	EurAmr	1	100
RAB32	1	EurAmr	1	100
RAB33A	1	EurAmr	1	100
RAB3D	2	EurAmr	1	200
RAB3GAP1	1	EurAmr	1	100
RAB3GAP2	1	EurAmr	2	50
RAB3IP	2	EurAmr	2	100
RAB40C	2	EurAmr	1	200
RAB4A	1	EurAmr	1	100
RAB4B	1	EurAmr	1	100
RAB5A	1	EurAmr	1	100
RAB6B	1	EurAmr	2	50
RAB6C	1	EurAmr	1	100
RAB8B	1	EurAmr	1	100
RAB9A	2	EurAmr	1	200
RABEP1	3	EurAmr	1	300
RABEP2	1	EurAmr	1	100
RABEPK	1	EurAmr	1	100
RABGAP1	2	EurAmr	2	100
RABGAP1L	3	EurAmr	1	300
RABGEF1	1	EurAmr	1	100
RABL2A	2	EurAmr	1	200
RABL2B	1	EurAmr	1	100
RABL3	1	EurAmr	1	100
RAC2	1	EurAmr	1	100
RAC3	1	EurAmr	1	100
RACGAP1	2	EurAmr	1	200
RAD21	4	EurAmr	2	200
RAD23A	1	EurAmr	1	100
RAD23B	1	EurAmr	2	50
RAD51AP2	2	EurAmr	1	200
RAD51C	1	EurAmr	1	100
RAD51D	1	EurAmr	1	100
RAD54B	1	EurAmr	1	100
RAD54L	4	EurAmr	1	400
RAD9A	1	EurAmr	1	100
RAD9B	1	EurAmr	1	100
RADIL	3	EurAmr	2	150
RAET1L	1	EurAmr	1	100
RAF1	1	EurAmr	1	100
RAI1	4	EurAmr	1	400
RAI14	1	EurAmr	1	100
RALB	1	EurAmr	1	100
RALBP1	2	EurAmr	1	200
RALGAPA1	3	EurAmr	1	300
RALGAPA2	2	EurAmr	1	200
RALGAPB	1	EurAmr	1	100
RALGDS	1	EurAmr	1	100
RALGPS1	3	EurAmr	1	300
RALGPS2	2	EurAmr	1	200
RANBP1	1	EurAmr	1	100
RANBP17	4	EurAmr	1	400
RANBP2	4	EurAmr	2	200
RANBP3	1	EurAmr	4	25
RANBP3L	1	EurAmr	1	100
RANBP6	1	EurAmr	1	100
RANGAP1	3	EurAmr	2	150
RAP1B	2	EurAmr	1	200
RAP1GAP	1	EurAmr	1	100
RAP1GAP2	1	EurAmr	1	100
RAP1GDS1	1	EurAmr	2	50
RAP2A	1	EurAmr	1	100
RAP2B	1	EurAmr	2	50
RAP2C	1	EurAmr	1	100
RAPGEF2	4	EurAmr	3	133.33333333333331
RAPGEF4	3	EurAmr	1	300
RAPGEF5	2	EurAmr	1	200
RAPGEF6	3	EurAmr	1	300
RAPH1	1	EurAmr	1	100
RARB	1	EurAmr	1	100
RARG	1	EurAmr	2	50
RARRES3	3	EurAmr	2	150
RARS	2	EurAmr	1	200
RARS2	2	EurAmr	2	100
RASA1	1	EurAmr	1	100
RASA2	1	EurAmr	2	50
RASA3	1	EurAmr	3	33.33333333333333
RASAL1	3	EurAmr	1	300
RASAL2	5	EurAmr	1	500
RASD1	1	EurAmr	1	100
RASD2	1	EurAmr	1	100
RASGEF1A	2	EurAmr	3	66.66666666666666
RASGEF1C	1	EurAmr	3	33.33333333333333
RASGRF1	1	EurAmr	3	33.33333333333333
RASGRF2	1	EurAmr	2	50
RASGRP1	1	EurAmr	1	100
RASGRP2	1	EurAmr	1	100
RASGRP3	1	EurAmr	1	100
RASL11B	2	EurAmr	1	200
RASSF10	1	EurAmr	1	100
RASSF6	2	EurAmr	1	200
RAVER2	1	EurAmr	1	100
RB1	3	EurAmr	1	300
RB1CC1	3	EurAmr	3	100
RBBP6	3	EurAmr	2	150
RBBP8	1	EurAmr	3	33.33333333333333
RBBP9	1	EurAmr	1	100
RBCK1	1	EurAmr	1	100
RBFA	1	EurAmr	1	100
RBKS	2	EurAmr	1	200
RBL1	1	EurAmr	1	100
RBL2	2	EurAmr	1	200
RBM10	1	EurAmr	3	33.33333333333333
RBM11	1	EurAmr	1	100
RBM15	2	EurAmr	3	66.66666666666666
RBM19	2	EurAmr	1	200
RBM22	3	EurAmr	1	300
RBM23	1	EurAmr	1	100
RBM25	1	EurAmr	1	100
RBM26	1	EurAmr	1	100
RBM27	1	EurAmr	2	50
RBM28	3	EurAmr	2	150
RBM33	2	EurAmr	1	200
RBM39	1	EurAmr	1	100
RBM42	1	EurAmr	1	100
RBM45	1	EurAmr	2	50
RBM46	1	EurAmr	1	100
RBM47	3	EurAmr	1	300
RBM48	1	EurAmr	1	100
RBM4B	1	EurAmr	1	100
RBM7	2	EurAmr	1	200
RBM8A	1	EurAmr	1	100
RBMS1	2	EurAmr	2	100
RBMS3	1	EurAmr	1	100
RBMX2	1	EurAmr	1	100
RBP2	1	EurAmr	1	100
RBP3	1	EurAmr	3	33.33333333333333
RBP4	2	EurAmr	1	200
RBPJ	1	EurAmr	1	100
RBPJL	1	EurAmr	1	100
RBSN	2	EurAmr	2	100
RC3H1	1	EurAmr	1	100
RC3H2	4	EurAmr	1	400
RCAN1	1	EurAmr	1	100
RCAN3	1	EurAmr	2	50
RCBTB1	2	EurAmr	1	200
RCC1	1	EurAmr	1	100
RCC2	2	EurAmr	1	200
RCE1	1	EurAmr	1	100
RCN3	1	EurAmr	1	100
RCOR3	1	EurAmr	1	100
RDH10	2	EurAmr	1	200
RDH11	2	EurAmr	1	200
RDH16	2	EurAmr	1	200
RDH8	1	EurAmr	1	100
RDX	2	EurAmr	1	200
REC8	3	EurAmr	1	300
RECK	2	EurAmr	1	200
RECQL	2	EurAmr	2	100
RECQL4	2	EurAmr	1	200
REEP1	1	EurAmr	1	100
REG1A	2	EurAmr	2	100
REG3G	1	EurAmr	1	100
REL	1	EurAmr	1	100
RELA	1	EurAmr	1	100
RELN	7	EurAmr	7	100
REM1	1	EurAmr	2	50
REM2	1	EurAmr	1	100
REN	1	EurAmr	1	100
RENBP	1	EurAmr	1	100
REPIN1	2	EurAmr	1	200
REPS1	3	EurAmr	1	300
RERE	2	EurAmr	2	100
RERG	2	EurAmr	1	200
RERGL	1	EurAmr	1	100
REST	4	EurAmr	1	400
RET	5	EurAmr	1	500
RETNLB	1	EurAmr	1	100
RETSAT	2	EurAmr	2	100
REV1	1	EurAmr	2	50
REV3L	5	EurAmr	2	250
REXO1	2	EurAmr	1	200
REXO2	1	EurAmr	1	100
RFC1	3	EurAmr	1	300
RFC2	1	EurAmr	1	100
RFFL	2	EurAmr	1	200
RFK	1	EurAmr	1	100
RFPL2	1	EurAmr	1	100
RFPL4B	1	EurAmr	1	100
RFTN1	2	EurAmr	1	200
RFTN2	1	EurAmr	2	50
RFWD2	1	EurAmr	1	100
RFWD3	1	EurAmr	1	100
RFX2	1	EurAmr	1	100
RFX4	2	EurAmr	1	200
RFX6	2	EurAmr	1	200
RFX7	2	EurAmr	1	200
RFXANK	1	EurAmr	1	100
RGAG1	1	EurAmr	1	100
RGAG4	2	EurAmr	1	200
RGL4	1	EurAmr	1	100
RGMB	1	EurAmr	1	100
RGPD3	4	EurAmr	3	133.33333333333331
RGPD8	1	EurAmr	2	50
RGR	1	EurAmr	1	100
RGS1	1	EurAmr	1	100
RGS10	1	EurAmr	1	100
RGS12	2	EurAmr	2	100
RGS14	2	EurAmr	1	200
RGS17	1	EurAmr	1	100
RGS19	1	EurAmr	1	100
RGS7	2	EurAmr	1	200
RGS8	1	EurAmr	1	100
RGS9	1	EurAmr	1	100
RGS9BP	1	EurAmr	1	100
RHBDD1	1	EurAmr	1	100
RHBDD2	1	EurAmr	1	100
RHBDF1	3	EurAmr	2	150
RHBDL3	1	EurAmr	2	50
RHBG	1	EurAmr	1	100
RHCE	1	EurAmr	1	100
RHD	1	EurAmr	1	100
RHOBTB1	1	EurAmr	1	100
RHOBTB2	2	EurAmr	2	100
RHOBTB3	2	EurAmr	1	200
RHOD	1	EurAmr	1	100
RHOF	1	EurAmr	1	100
RHOH	2	EurAmr	1	200
RHOT2	4	EurAmr	1	400
RHOV	1	EurAmr	1	100
RHPN1	1	EurAmr	1	100
RHPN2	1	EurAmr	1	100
RIBC1	1	EurAmr	1	100
RIC1	2	EurAmr	3	66.66666666666666
RIC8A	1	EurAmr	1	100
RIC8B	1	EurAmr	1	100
RICTOR	5	EurAmr	2	250
RIF1	3	EurAmr	1	300
RILPL1	1	EurAmr	2	50
RIMBP2	2	EurAmr	5	40
RIMBP3	1	EurAmr	2	50
RIMKLA	1	EurAmr	1	100
RIMKLB	2	EurAmr	1	200
RIMS1	2	EurAmr	2	100
RIMS2	2	EurAmr	6	33.33333333333333
RIMS4	1	EurAmr	3	33.33333333333333
RIN1	1	EurAmr	1	100
RIN3	2	EurAmr	1	200
RING1	2	EurAmr	2	100
RINL	3	EurAmr	1	300
RINT1	1	EurAmr	2	50
RIOK1	1	EurAmr	1	100
RIOK3	2	EurAmr	1	200
RIPK3	2	EurAmr	1	200
RIPK4	4	EurAmr	1	400
RLBP1	1	EurAmr	1	100
RLF	1	EurAmr	1	100
RLN2	1	EurAmr	1	100
RLTPR	1	EurAmr	2	50
RMDN1	1	EurAmr	1	100
RMDN2	1	EurAmr	1	100
RMDN3	2	EurAmr	1	200
RMND1	1	EurAmr	1	100
RMND5B	1	EurAmr	2	50
RNASE11	1	EurAmr	1	100
RNASE13	1	EurAmr	1	100
RNASEH2A	1	EurAmr	1	100
RNASEH2B	1	EurAmr	1	100
RNASEL	1	EurAmr	1	100
RNASET2	1	EurAmr	1	100
RND3	1	EurAmr	1	100
RNF10	1	EurAmr	1	100
RNF103	2	EurAmr	1	200
RNF11	1	EurAmr	1	100
RNF111	3	EurAmr	1	300
RNF112	1	EurAmr	1	100
RNF113B	2	EurAmr	1	200
RNF115	1	EurAmr	1	100
RNF122	1	EurAmr	1	100
RNF123	8	EurAmr	1	800
RNF126	2	EurAmr	2	100
RNF128	2	EurAmr	1	200
RNF13	1	EurAmr	2	50
RNF144A	1	EurAmr	1	100
RNF144B	1	EurAmr	1	100
RNF146	2	EurAmr	1	200
RNF148	1	EurAmr	1	100
RNF149	1	EurAmr	1	100
RNF152	1	EurAmr	2	50
RNF157	1	EurAmr	1	100
RNF169	1	EurAmr	1	100
RNF17	2	EurAmr	3	66.66666666666666
RNF170	1	EurAmr	1	100
RNF19A	1	EurAmr	1	100
RNF19B	1	EurAmr	1	100
RNF20	1	EurAmr	1	100
RNF208	1	EurAmr	1	100
RNF212	1	EurAmr	1	100
RNF213	5	EurAmr	10	50
RNF214	1	EurAmr	1	100
RNF215	1	EurAmr	1	100
RNF216	1	EurAmr	1	100
RNF219	2	EurAmr	1	200
RNF220	1	EurAmr	2	50
RNF24	1	EurAmr	1	100
RNF25	1	EurAmr	1	100
RNF31	3	EurAmr	1	300
RNF40	1	EurAmr	2	50
RNF43	2	EurAmr	9	22.22222222222222
RNF5	1	EurAmr	1	100
RNF6	1	EurAmr	1	100
RNF8	2	EurAmr	1	200
RNH1	1	EurAmr	1	100
RNLS	1	EurAmr	1	100
RNPEP	1	EurAmr	2	50
ROBO1	4	EurAmr	3	133.33333333333331
ROBO2	3	EurAmr	4	75
ROBO3	2	EurAmr	4	50
ROBO4	2	EurAmr	2	100
ROCK1	2	EurAmr	4	50
ROCK2	1	EurAmr	1	100
ROMO1	1	EurAmr	1	100
ROR1	1	EurAmr	1	100
RORA	1	EurAmr	1	100
RORB	1	EurAmr	2	50
RORC	2	EurAmr	2	100
ROS1	4	EurAmr	1	400
RP1	3	EurAmr	6	50
RP11-108K14.8	2	EurAmr	2	100
RP11-108O10.8	3	EurAmr	1	300
RP11-240B13.2	1	EurAmr	2	50
RP11-330H6.5	1	EurAmr	1	100
RP11-35N6.1	1	EurAmr	1	100
RP11-407N17.3	1	EurAmr	2	50
RP11-468E2.1	1	EurAmr	2	50
RP11-49K24.9	1	EurAmr	2	50
RP1L1	2	EurAmr	4	50
RP4-539M6.19	1	EurAmr	1	100
RPA1	1	EurAmr	1	100
RPA2	1	EurAmr	2	50
RPA3	1	EurAmr	1	100
RPAP1	2	EurAmr	1	200
RPAP2	2	EurAmr	1	200
RPAP3	2	EurAmr	1	200
RPE	2	EurAmr	1	200
RPF2	1	EurAmr	1	100
RPGRIP1	1	EurAmr	2	50
RPH3A	1	EurAmr	2	50
RPH3AL	1	EurAmr	1	100
RPL10	1	EurAmr	1	100
RPL10L	2	EurAmr	2	100
RPL18	1	EurAmr	1	100
RPL21	1	EurAmr	1	100
RPL28	1	EurAmr	2	50
RPL34	1	EurAmr	2	50
RPL35	1	EurAmr	1	100
RPL3L	2	EurAmr	1	200
RPL4	2	EurAmr	1	200
RPL7A	1	EurAmr	1	100
RPLP2	1	EurAmr	1	100
RPP30	1	EurAmr	1	100
RPP38	1	EurAmr	1	100
RPP40	1	EurAmr	2	50
RPRD1B	2	EurAmr	1	200
RPS11	1	EurAmr	1	100
RPS28	1	EurAmr	1	100
RPS6	1	EurAmr	1	100
RPS6KA2	4	EurAmr	2	200
RPS6KA4	3	EurAmr	1	300
RPS6KA5	2	EurAmr	1	200
RPS6KB2	1	EurAmr	3	33.33333333333333
RPS6KC1	1	EurAmr	1	100
RPSA	1	EurAmr	2	50
RPSAP58	1	EurAmr	1	100
RPTN	2	EurAmr	2	100
RPTOR	4	EurAmr	1	400
RPUSD1	1	EurAmr	1	100
RPUSD2	1	EurAmr	1	100
RPUSD4	1	EurAmr	1	100
RRAD	1	EurAmr	2	50
RRAGA	2	EurAmr	1	200
RRAGB	1	EurAmr	1	100
RRBP1	1	EurAmr	1	100
RREB1	5	EurAmr	8	62.5
RRM1	1	EurAmr	2	50
RRM2B	1	EurAmr	1	100
RRP8	2	EurAmr	3	66.66666666666666
RSAD2	1	EurAmr	1	100
RSBN1	1	EurAmr	2	50
RSC1A1	1	EurAmr	2	50
RSG1	1	EurAmr	1	100
RSL1D1	1	EurAmr	1	100
RSL24D1	1	EurAmr	1	100
RSPH10B	2	EurAmr	2	100
RSPH4A	1	EurAmr	1	100
RSPH9	1	EurAmr	1	100
RSPO3	2	EurAmr	1	200
RSPO4	1	EurAmr	1	100
RSPRY1	1	EurAmr	1	100
RTCB	2	EurAmr	1	200
RTEL1	1	EurAmr	1	100
RTF1	1	EurAmr	1	100
RTKN	1	EurAmr	2	50
RTN1	2	EurAmr	1	200
RTN2	4	EurAmr	2	200
RTN3	3	EurAmr	3	100
RTN4	2	EurAmr	2	100
RTN4R	1	EurAmr	2	50
RTP5	2	EurAmr	1	200
RTTN	1	EurAmr	1	100
RUFY1	1	EurAmr	1	100
RUFY3	1	EurAmr	1	100
RUNX2	2	EurAmr	1	200
RUNX3	2	EurAmr	2	100
RUSC1	2	EurAmr	1	200
RUSC2	2	EurAmr	2	100
RUVBL2	4	EurAmr	1	400
RXFP1	1	EurAmr	1	100
RXFP3	2	EurAmr	2	100
RXRA	1	EurAmr	2	50
RYR1	9	EurAmr	8	112.5
RYR2	8	EurAmr	5	160
RYR3	12	EurAmr	6	200
S100A11	1	EurAmr	1	100
S100A13	1	EurAmr	1	100
S100A7A	1	EurAmr	1	100
S1PR4	1	EurAmr	1	100
S1PR5	1	EurAmr	1	100
SACS	9	EurAmr	2	450
SAFB	1	EurAmr	2	50
SALL1	1	EurAmr	2	50
SALL2	2	EurAmr	2	100
SALL3	1	EurAmr	2	50
SALL4	3	EurAmr	1	300
SAMD1	1	EurAmr	1	100
SAMD11	1	EurAmr	2	50
SAMD14	1	EurAmr	2	50
SAMD15	1	EurAmr	2	50
SAMD3	2	EurAmr	1	200
SAMD9	5	EurAmr	2	250
SAMD9L	4	EurAmr	3	133.33333333333331
SAMHD1	2	EurAmr	1	200
SAMM50	1	EurAmr	2	50
SAP130	2	EurAmr	2	100
SAP18	1	EurAmr	1	100
SAR1B	1	EurAmr	1	100
SARAF	1	EurAmr	1	100
SARDH	1	EurAmr	2	50
SASH1	3	EurAmr	1	300
SAT2	1	EurAmr	1	100
SATB1	3	EurAmr	2	150
SATB2	3	EurAmr	2	150
SATL1	1	EurAmr	1	100
SAXO1	1	EurAmr	2	50
SAXO2	1	EurAmr	1	100
SAYSD1	1	EurAmr	1	100
SBF1	2	EurAmr	1	200
SBF2	3	EurAmr	2	150
SBK1	1	EurAmr	2	50
SBK2	1	EurAmr	2	50
SBNO1	2	EurAmr	1	200
SBNO2	6	EurAmr	2	300
SBSPON	1	EurAmr	1	100
SCAF1	1	EurAmr	2	50
SCAF11	2	EurAmr	2	100
SCAF4	1	EurAmr	1	100
SCAMP5	1	EurAmr	1	100
SCAP	3	EurAmr	1	300
SCAPER	2	EurAmr	1	200
SCARA3	1	EurAmr	1	100
SCARB1	1	EurAmr	1	100
SCARB2	1	EurAmr	1	100
SCARF1	1	EurAmr	2	50
SCFD1	2	EurAmr	1	200
SCFD2	3	EurAmr	2	150
SCG2	2	EurAmr	2	100
SCGB1D4	1	EurAmr	1	100
SCGB2A1	1	EurAmr	1	100
SCGN	1	EurAmr	1	100
SCIN	1	EurAmr	1	100
SCLY	2	EurAmr	1	200
SCN10A	6	EurAmr	1	600
SCN11A	2	EurAmr	2	100
SCN1A	3	EurAmr	3	100
SCN1B	1	EurAmr	1	100
SCN2A	3	EurAmr	3	100
SCN2B	2	EurAmr	1	200
SCN3A	1	EurAmr	3	33.33333333333333
SCN4A	4	EurAmr	2	200
SCN4B	1	EurAmr	1	100
SCN5A	5	EurAmr	9	55.55555555555556
SCN7A	3	EurAmr	2	150
SCN8A	2	EurAmr	2	100
SCN9A	2	EurAmr	5	40
SCNN1A	2	EurAmr	1	200
SCNN1B	1	EurAmr	1	100
SCNN1D	3	EurAmr	1	300
SCNN1G	1	EurAmr	2	50
SCO1	1	EurAmr	1	100
SCP2	1	EurAmr	1	100
SCRIB	3	EurAmr	5	60
SCRN1	3	EurAmr	1	300
SCRT2	1	EurAmr	1	100
SCUBE1	3	EurAmr	2	150
SCUBE3	1	EurAmr	1	100
SCYL1	3	EurAmr	1	300
SCYL2	1	EurAmr	1	100
SCYL3	1	EurAmr	1	100
SDC1	1	EurAmr	1	100
SDC3	1	EurAmr	1	100
SDC4	2	EurAmr	1	200
SDCCAG8	3	EurAmr	2	150
SDF2L1	1	EurAmr	1	100
SDF4	1	EurAmr	1	100
SDHA	2	EurAmr	1	200
SDHAF2	1	EurAmr	1	100
SDK1	5	EurAmr	7	71.42857142857143
SDK2	5	EurAmr	3	166.66666666666669
SDPR	2	EurAmr	2	100
SDR16C5	2	EurAmr	1	200
SEC13	2	EurAmr	1	200
SEC14L2	1	EurAmr	1	100
SEC14L3	2	EurAmr	1	200
SEC14L4	1	EurAmr	1	100
SEC14L5	1	EurAmr	1	100
SEC16A	5	EurAmr	1	500
SEC16B	2	EurAmr	2	100
SEC23A	1	EurAmr	1	100
SEC23IP	3	EurAmr	1	300
SEC24A	2	EurAmr	1	200
SEC24B	1	EurAmr	1	100
SEC24C	7	EurAmr	2	350
SEC24D	1	EurAmr	2	50
SEC31A	3	EurAmr	2	150
SEC61A1	1	EurAmr	1	100
SEC61A2	2	EurAmr	1	200
SEC61G	1	EurAmr	1	100
SEC63	1	EurAmr	1	100
SECISBP2	2	EurAmr	1	200
SECISBP2L	2	EurAmr	2	100
SEL1L2	5	EurAmr	2	250
SEL1L3	2	EurAmr	1	200
SELO	2	EurAmr	1	200
SELP	2	EurAmr	1	200
SEMA3B	1	EurAmr	1	100
SEMA3C	1	EurAmr	1	100
SEMA3D	3	EurAmr	1	300
SEMA3F	1	EurAmr	2	50
SEMA3G	1	EurAmr	1	100
SEMA4B	1	EurAmr	1	100
SEMA4C	2	EurAmr	2	100
SEMA4D	1	EurAmr	1	100
SEMA4G	2	EurAmr	2	100
SEMA5A	2	EurAmr	2	100
SEMA5B	5	EurAmr	2	250
SEMA6A	3	EurAmr	2	150
SEMA6C	2	EurAmr	2	100
SEMA6D	1	EurAmr	3	33.33333333333333
SEMA7A	1	EurAmr	1	100
SENP2	1	EurAmr	1	100
SENP5	1	EurAmr	1	100
SENP6	2	EurAmr	1	200
SENP7	4	EurAmr	2	200
SENP8	2	EurAmr	1	200
SEP15	1	EurAmr	1	100
SEPP1	2	EurAmr	1	200
SEPT1	1	EurAmr	2	50
SEPT2	1	EurAmr	1	100
SEPT4	2	EurAmr	2	100
SEPT5	3	EurAmr	1	300
SEPT8	1	EurAmr	2	50
SEPT9	1	EurAmr	1	100
SERAC1	4	EurAmr	1	400
SERHL2	1	EurAmr	1	100
SERINC2	1	EurAmr	2	50
SERINC3	1	EurAmr	1	100
SERINC4	1	EurAmr	1	100
SERPINA1	1	EurAmr	1	100
SERPINA10	1	EurAmr	1	100
SERPINA12	1	EurAmr	1	100
SERPINA5	3	EurAmr	1	300
SERPINA7	3	EurAmr	2	150
SERPINA9	1	EurAmr	1	100
SERPINB10	1	EurAmr	2	50
SERPINB11	1	EurAmr	1	100
SERPINB12	1	EurAmr	1	100
SERPINB13	2	EurAmr	1	200
SERPINB4	1	EurAmr	1	100
SERPINB7	1	EurAmr	2	50
SERPINB8	1	EurAmr	1	100
SERPINB9	1	EurAmr	1	100
SERPINC1	2	EurAmr	1	200
SERPIND1	3	EurAmr	1	300
SERPINE1	2	EurAmr	2	100
SERPINE2	2	EurAmr	1	200
SERPINF2	2	EurAmr	2	100
SERPING1	1	EurAmr	1	100
SERPINI1	1	EurAmr	2	50
SERPINI2	1	EurAmr	1	100
SERTAD1	1	EurAmr	1	100
SERTAD2	3	EurAmr	1	300
SERTAD3	1	EurAmr	1	100
SESN2	2	EurAmr	1	200
SESN3	3	EurAmr	1	300
SET	1	EurAmr	1	100
SETBP1	2	EurAmr	2	100
SETD4	2	EurAmr	1	200
SETD5	3	EurAmr	2	150
SETD6	2	EurAmr	1	200
SETD8	1	EurAmr	1	100
SETX	3	EurAmr	1	300
SEZ6	1	EurAmr	1	100
SEZ6L	1	EurAmr	3	33.33333333333333
SEZ6L2	2	EurAmr	2	100
SF1	1	EurAmr	1	100
SF3A1	2	EurAmr	1	200
SF3A2	1	EurAmr	1	100
SF3B2	1	EurAmr	1	100
SF3B3	5	EurAmr	1	500
SF3B5	1	EurAmr	1	100
SFI1	3	EurAmr	1	300
SFMBT1	1	EurAmr	1	100
SFMBT2	3	EurAmr	1	300
SFRP1	1	EurAmr	1	100
SFRP2	1	EurAmr	2	50
SFRP4	1	EurAmr	1	100
SFT2D2	2	EurAmr	1	200
SFTPB	1	EurAmr	1	100
SFTPC	2	EurAmr	1	200
SFTPD	1	EurAmr	1	100
SFXN1	4	EurAmr	1	400
SFXN5	1	EurAmr	1	100
SGCA	1	EurAmr	1	100
SGCE	1	EurAmr	1	100
SGIP1	1	EurAmr	3	33.33333333333333
SGK2	1	EurAmr	1	100
SGK223	2	EurAmr	2	100
SGK3	2	EurAmr	1	200
SGMS1	1	EurAmr	1	100
SGPL1	1	EurAmr	1	100
SGPP1	1	EurAmr	1	100
SGSH	1	EurAmr	1	100
SGSM1	2	EurAmr	4	50
SGSM2	4	EurAmr	1	400
SGSM3	1	EurAmr	2	50
SGTA	1	EurAmr	1	100
SH2B1	2	EurAmr	1	200
SH2D2A	1	EurAmr	1	100
SH2D3A	2	EurAmr	1	200
SH2D3C	3	EurAmr	4	75
SH3BGRL3	1	EurAmr	1	100
SH3BP1	3	EurAmr	1	300
SH3BP4	1	EurAmr	2	50
SH3BP5L	1	EurAmr	1	100
SH3D19	2	EurAmr	1	200
SH3GL1	1	EurAmr	1	100
SH3GL3	1	EurAmr	1	100
SH3GLB1	1	EurAmr	1	100
SH3PXD2A	3	EurAmr	1	300
SH3PXD2B	2	EurAmr	1	200
SH3RF1	1	EurAmr	1	100
SH3RF2	1	EurAmr	1	100
SH3RF3	2	EurAmr	1	200
SH3TC1	3	EurAmr	2	150
SH3TC2	2	EurAmr	2	100
SHANK1	3	EurAmr	2	150
SHANK2	4	EurAmr	1	400
SHB	1	EurAmr	1	100
SHC2	2	EurAmr	1	200
SHCBP1	1	EurAmr	1	100
SHCBP1L	1	EurAmr	1	100
SHD	1	EurAmr	2	50
SHFM1	1	EurAmr	1	100
SHMT1	1	EurAmr	1	100
SHMT2	3	EurAmr	1	300
SHOC2	2	EurAmr	1	200
SHOX2	2	EurAmr	1	200
SHPK	1	EurAmr	1	100
SHPRH	3	EurAmr	1	300
SHQ1	1	EurAmr	1	100
SHROOM1	1	EurAmr	1	100
SHROOM2	2	EurAmr	2	100
SHROOM3	5	EurAmr	1	500
SHROOM4	3	EurAmr	4	75
SI	1	EurAmr	4	25
SIAE	1	EurAmr	1	100
SIAH2	2	EurAmr	3	66.66666666666666
SIGIRR	2	EurAmr	3	66.66666666666666
SIGLEC1	7	EurAmr	4	175
SIGLEC10	1	EurAmr	1	100
SIGLEC12	1	EurAmr	1	100
SIGLEC5	1	EurAmr	2	50
SIGLEC6	1	EurAmr	2	50
SIGLEC7	1	EurAmr	2	50
SIGLEC8	3	EurAmr	2	150
SIGMAR1	1	EurAmr	1	100
SIK2	1	EurAmr	1	100
SIK3	1	EurAmr	1	100
SIL1	1	EurAmr	1	100
SIM1	1	EurAmr	1	100
SIMC1	1	EurAmr	1	100
SIN3A	3	EurAmr	1	300
SIN3B	2	EurAmr	1	200
SIPA1	6	EurAmr	2	300
SIPA1L1	4	EurAmr	1	400
SIPA1L2	4	EurAmr	1	400
SIPA1L3	5	EurAmr	2	250
SIRPA	2	EurAmr	1	200
SIRPB2	1	EurAmr	1	100
SIRPG	2	EurAmr	1	200
SIRT1	1	EurAmr	1	100
SIRT2	1	EurAmr	1	100
SIX1	2	EurAmr	1	200
SIX4	2	EurAmr	1	200
SIX5	1	EurAmr	1	100
SIX6	1	EurAmr	1	100
SKA3	1	EurAmr	1	100
SKI	1	EurAmr	1	100
SKIV2L	4	EurAmr	1	400
SKIV2L2	3	EurAmr	1	300
SKOR1	1	EurAmr	3	33.33333333333333
SKP1	1	EurAmr	1	100
SKP2	1	EurAmr	2	50
SLA	1	EurAmr	1	100
SLC10A3	2	EurAmr	1	200
SLC10A4	1	EurAmr	1	100
SLC10A5	1	EurAmr	1	100
SLC10A6	1	EurAmr	2	50
SLC11A2	2	EurAmr	1	200
SLC12A2	1	EurAmr	3	33.33333333333333
SLC12A3	2	EurAmr	3	66.66666666666666
SLC12A4	2	EurAmr	1	200
SLC12A5	3	EurAmr	1	300
SLC12A6	4	EurAmr	2	200
SLC12A7	4	EurAmr	3	133.33333333333331
SLC13A1	1	EurAmr	1	100
SLC13A3	2	EurAmr	1	200
SLC13A4	1	EurAmr	1	100
SLC13A5	1	EurAmr	1	100
SLC14A2	2	EurAmr	1	200
SLC15A3	1	EurAmr	1	100
SLC15A4	1	EurAmr	1	100
SLC16A1	1	EurAmr	1	100
SLC16A10	1	EurAmr	3	33.33333333333333
SLC16A12	2	EurAmr	1	200
SLC16A13	1	EurAmr	1	100
SLC16A14	1	EurAmr	1	100
SLC16A5	1	EurAmr	1	100
SLC16A7	1	EurAmr	1	100
SLC17A3	2	EurAmr	1	200
SLC17A4	2	EurAmr	1	200
SLC17A5	1	EurAmr	1	100
SLC17A6	1	EurAmr	1	100
SLC17A9	2	EurAmr	2	100
SLC18A2	2	EurAmr	2	100
SLC18A3	2	EurAmr	2	100
SLC19A1	1	EurAmr	2	50
SLC1A1	3	EurAmr	1	300
SLC1A2	1	EurAmr	1	100
SLC1A4	1	EurAmr	1	100
SLC1A6	1	EurAmr	1	100
SLC20A1	2	EurAmr	1	200
SLC22A12	1	EurAmr	1	100
SLC22A13	1	EurAmr	1	100
SLC22A15	1	EurAmr	1	100
SLC22A2	2	EurAmr	1	200
SLC22A3	1	EurAmr	1	100
SLC22A4	1	EurAmr	1	100
SLC22A5	1	EurAmr	1	100
SLC22A6	1	EurAmr	1	100
SLC22A7	1	EurAmr	2	50
SLC22A8	1	EurAmr	1	100
SLC23A2	1	EurAmr	1	100
SLC24A1	1	EurAmr	1	100
SLC24A2	1	EurAmr	1	100
SLC24A4	2	EurAmr	1	200
SLC24A5	2	EurAmr	1	200
SLC25A1	1	EurAmr	1	100
SLC25A11	1	EurAmr	1	100
SLC25A12	1	EurAmr	1	100
SLC25A16	1	EurAmr	1	100
SLC25A17	1	EurAmr	1	100
SLC25A21	1	EurAmr	1	100
SLC25A22	1	EurAmr	1	100
SLC25A24	1	EurAmr	1	100
SLC25A26	1	EurAmr	1	100
SLC25A28	1	EurAmr	1	100
SLC25A29	1	EurAmr	1	100
SLC25A30	1	EurAmr	1	100
SLC25A31	2	EurAmr	1	200
SLC25A35	1	EurAmr	1	100
SLC25A36	1	EurAmr	3	33.33333333333333
SLC25A39	2	EurAmr	1	200
SLC25A41	1	EurAmr	1	100
SLC25A42	1	EurAmr	1	100
SLC25A44	1	EurAmr	1	100
SLC25A46	1	EurAmr	1	100
SLC25A52	1	EurAmr	1	100
SLC26A11	1	EurAmr	1	100
SLC26A3	1	EurAmr	1	100
SLC26A4	2	EurAmr	1	200
SLC26A5	2	EurAmr	1	200
SLC26A7	1	EurAmr	1	100
SLC26A8	1	EurAmr	1	100
SLC27A1	2	EurAmr	1	200
SLC27A4	3	EurAmr	1	300
SLC27A5	1	EurAmr	1	100
SLC27A6	2	EurAmr	1	200
SLC28A1	1	EurAmr	2	50
SLC28A3	1	EurAmr	1	100
SLC29A2	1	EurAmr	1	100
SLC29A3	1	EurAmr	1	100
SLC29A4	2	EurAmr	1	200
SLC2A1	3	EurAmr	1	300
SLC2A10	2	EurAmr	2	100
SLC2A13	1	EurAmr	2	50
SLC2A14	1	EurAmr	1	100
SLC2A3	1	EurAmr	1	100
SLC2A4RG	1	EurAmr	1	100
SLC2A6	2	EurAmr	1	200
SLC2A9	1	EurAmr	2	50
SLC30A1	1	EurAmr	2	50
SLC30A10	1	EurAmr	1	100
SLC30A3	2	EurAmr	1	200
SLC30A7	1	EurAmr	2	50
SLC30A8	1	EurAmr	2	50
SLC34A1	3	EurAmr	1	300
SLC34A2	5	EurAmr	1	500
SLC34A3	3	EurAmr	1	300
SLC35A2	2	EurAmr	1	200
SLC35A3	1	EurAmr	1	100
SLC35A4	2	EurAmr	1	200
SLC35A5	1	EurAmr	1	100
SLC35B4	1	EurAmr	1	100
SLC35C1	1	EurAmr	1	100
SLC35E1	1	EurAmr	1	100
SLC35E2	1	EurAmr	1	100
SLC35E2B	1	EurAmr	1	100
SLC35E4	1	EurAmr	1	100
SLC35F1	1	EurAmr	1	100
SLC35F3	1	EurAmr	1	100
SLC35F4	1	EurAmr	1	100
SLC35F5	2	EurAmr	1	200
SLC35F6	2	EurAmr	1	200
SLC35G2	1	EurAmr	2	50
SLC35G3	1	EurAmr	1	100
SLC36A1	1	EurAmr	1	100
SLC36A3	2	EurAmr	2	100
SLC36A4	2	EurAmr	1	200
SLC37A2	1	EurAmr	1	100
SLC37A3	1	EurAmr	1	100
SLC38A1	1	EurAmr	1	100
SLC38A10	3	EurAmr	1	300
SLC38A2	1	EurAmr	1	100
SLC38A3	1	EurAmr	1	100
SLC38A4	1	EurAmr	1	100
SLC38A7	2	EurAmr	1	200
SLC38A8	1	EurAmr	3	33.33333333333333
SLC39A12	2	EurAmr	3	66.66666666666666
SLC39A13	1	EurAmr	1	100
SLC39A4	2	EurAmr	1	200
SLC39A7	1	EurAmr	1	100
SLC39A9	1	EurAmr	1	100
SLC3A1	3	EurAmr	2	150
SLC40A1	1	EurAmr	1	100
SLC41A1	2	EurAmr	1	200
SLC41A3	3	EurAmr	2	150
SLC43A2	2	EurAmr	1	200
SLC43A3	1	EurAmr	1	100
SLC44A1	2	EurAmr	1	200
SLC44A2	2	EurAmr	1	200
SLC44A4	1	EurAmr	3	33.33333333333333
SLC44A5	3	EurAmr	1	300
SLC45A2	1	EurAmr	3	33.33333333333333
SLC45A3	1	EurAmr	1	100
SLC45A4	1	EurAmr	4	25
SLC46A2	1	EurAmr	1	100
SLC46A3	2	EurAmr	1	200
SLC47A2	1	EurAmr	1	100
SLC4A11	2	EurAmr	1	200
SLC4A1AP	1	EurAmr	1	100
SLC4A3	2	EurAmr	2	100
SLC4A5	1	EurAmr	2	50
SLC50A1	1	EurAmr	1	100
SLC51A	1	EurAmr	1	100
SLC52A1	3	EurAmr	2	150
SLC52A2	5	EurAmr	1	500
SLC5A1	1	EurAmr	2	50
SLC5A10	1	EurAmr	1	100
SLC5A11	1	EurAmr	1	100
SLC5A3	2	EurAmr	1	200
SLC5A5	2	EurAmr	1	200
SLC5A7	4	EurAmr	1	400
SLC5A8	2	EurAmr	1	200
SLC5A9	2	EurAmr	1	200
SLC6A1	1	EurAmr	2	50
SLC6A11	2	EurAmr	1	200
SLC6A16	1	EurAmr	1	100
SLC6A17	3	EurAmr	2	150
SLC6A18	3	EurAmr	1	300
SLC6A2	1	EurAmr	3	33.33333333333333
SLC6A20	3	EurAmr	2	150
SLC6A3	2	EurAmr	2	100
SLC6A4	1	EurAmr	1	100
SLC6A5	1	EurAmr	3	33.33333333333333
SLC6A6	5	EurAmr	1	500
SLC6A8	1	EurAmr	2	50
SLC7A1	1	EurAmr	1	100
SLC7A10	1	EurAmr	1	100
SLC7A11	1	EurAmr	1	100
SLC7A13	2	EurAmr	1	200
SLC7A2	1	EurAmr	1	100
SLC7A4	1	EurAmr	1	100
SLC7A5	2	EurAmr	1	200
SLC7A7	2	EurAmr	2	100
SLC7A8	1	EurAmr	1	100
SLC7A9	2	EurAmr	1	200
SLC8A2	1	EurAmr	4	25
SLC8A3	1	EurAmr	2	50
SLC9A1	2	EurAmr	1	200
SLC9A2	1	EurAmr	2	50
SLC9A3R1	2	EurAmr	1	200
SLC9A3R2	1	EurAmr	2	50
SLC9A4	1	EurAmr	1	100
SLC9A5	1	EurAmr	2	50
SLC9A6	2	EurAmr	1	200
SLC9A7	1	EurAmr	1	100
SLC9B2	3	EurAmr	1	300
SLC9C1	2	EurAmr	2	100
SLC9C2	2	EurAmr	2	100
SLCO1A2	1	EurAmr	1	100
SLCO1B1	2	EurAmr	1	200
SLCO1B3	1	EurAmr	4	25
SLCO1C1	1	EurAmr	3	33.33333333333333
SLCO2A1	2	EurAmr	1	200
SLCO2B1	1	EurAmr	1	100
SLCO3A1	3	EurAmr	2	150
SLCO4A1	1	EurAmr	2	50
SLCO4C1	2	EurAmr	1	200
SLCO5A1	4	EurAmr	2	200
SLCO6A1	1	EurAmr	1	100
SLFN12L	1	EurAmr	1	100
SLFN5	2	EurAmr	1	200
SLIT1	4	EurAmr	4	100
SLIT2	4	EurAmr	2	200
SLIT3	4	EurAmr	2	200
SLITRK1	3	EurAmr	1	300
SLITRK2	1	EurAmr	1	100
SLITRK3	1	EurAmr	2	50
SLITRK4	2	EurAmr	1	200
SLITRK5	3	EurAmr	1	300
SLK	2	EurAmr	1	200
SLU7	2	EurAmr	1	200
SLX4	4	EurAmr	2	200
SMAD4	1	EurAmr	27	3.7037037037037033
SMAD7	2	EurAmr	1	200
SMAD9	1	EurAmr	1	100
SMAP2	1	EurAmr	1	100
SMARCA2	3	EurAmr	1	300
SMARCA4	6	EurAmr	2	300
SMARCA5	1	EurAmr	1	100
SMARCAD1	1	EurAmr	1	100
SMARCAL1	4	EurAmr	2	200
SMARCB1	1	EurAmr	1	100
SMARCC1	2	EurAmr	1	200
SMARCC2	3	EurAmr	1	300
SMARCD2	2	EurAmr	1	200
SMARCD3	1	EurAmr	1	100
SMC1A	1	EurAmr	1	100
SMC1B	1	EurAmr	1	100
SMC2	1	EurAmr	3	33.33333333333333
SMC3	2	EurAmr	1	200
SMC4	1	EurAmr	1	100
SMC5	1	EurAmr	2	50
SMCHD1	1	EurAmr	3	33.33333333333333
SMCR8	1	EurAmr	2	50
SMEK1	1	EurAmr	1	100
SMEK2	2	EurAmr	2	100
SMG1	4	EurAmr	1	400
SMG5	3	EurAmr	1	300
SMG6	6	EurAmr	1	600
SMG7	1	EurAmr	1	100
SMG8	1	EurAmr	1	100
SMIM21	1	EurAmr	1	100
SMIM8	1	EurAmr	1	100
SMO	1	EurAmr	1	100
SMOC1	1	EurAmr	1	100
SMOC2	1	EurAmr	1	100
SMOX	1	EurAmr	1	100
SMPD3	2	EurAmr	1	200
SMPD4	1	EurAmr	1	100
SMPDL3A	1	EurAmr	1	100
SMPX	1	EurAmr	1	100
SMTN	4	EurAmr	1	400
SMUG1	1	EurAmr	1	100
SMYD1	2	EurAmr	1	200
SMYD2	2	EurAmr	1	200
SMYD4	1	EurAmr	1	100
SMYD5	2	EurAmr	1	200
SNAI3	1	EurAmr	2	50
SNAP29	2	EurAmr	2	100
SNAP47	1	EurAmr	2	50
SNAP91	2	EurAmr	1	200
SNAPC1	1	EurAmr	1	100
SNAPC3	2	EurAmr	1	200
SNAPC4	2	EurAmr	2	100
SNCAIP	1	EurAmr	2	50
SND1	2	EurAmr	1	200
SNED1	1	EurAmr	1	100
SNIP1	2	EurAmr	1	200
SNPH	1	EurAmr	2	50
SNRK	1	EurAmr	1	100
SNRNP200	1	EurAmr	2	50
SNRNP27	1	EurAmr	1	100
SNRNP35	1	EurAmr	1	100
SNRNP40	1	EurAmr	1	100
SNRPA1	1	EurAmr	1	100
SNRPN	2	EurAmr	2	100
SNTA1	1	EurAmr	1	100
SNTB1	1	EurAmr	1	100
SNTG2	1	EurAmr	3	33.33333333333333
SNW1	2	EurAmr	1	200
SNX1	1	EurAmr	1	100
SNX10	1	EurAmr	1	100
SNX13	3	EurAmr	1	300
SNX14	3	EurAmr	1	300
SNX15	1	EurAmr	1	100
SNX17	1	EurAmr	1	100
SNX18	2	EurAmr	1	200
SNX19	2	EurAmr	1	200
SNX2	1	EurAmr	2	50
SNX21	1	EurAmr	1	100
SNX25	1	EurAmr	1	100
SNX29	1	EurAmr	1	100
SNX3	1	EurAmr	1	100
SNX31	2	EurAmr	1	200
SNX33	2	EurAmr	1	200
SNX5	2	EurAmr	1	200
SNX6	1	EurAmr	2	50
SNX7	2	EurAmr	2	100
SNX9	1	EurAmr	1	100
SOAT2	1	EurAmr	1	100
SOBP	3	EurAmr	1	300
SOCS6	1	EurAmr	1	100
SOGA1	4	EurAmr	1	400
SOGA3	3	EurAmr	3	100
SOHLH1	1	EurAmr	1	100
SON	1	EurAmr	3	33.33333333333333
SORBS1	1	EurAmr	2	50
SORBS2	1	EurAmr	1	100
SORCS1	1	EurAmr	3	33.33333333333333
SORCS2	2	EurAmr	5	40
SORCS3	3	EurAmr	2	150
SORL1	3	EurAmr	2	150
SORT1	1	EurAmr	2	50
SOS1	2	EurAmr	1	200
SOS2	1	EurAmr	1	100
SOWAHB	2	EurAmr	1	200
SOX11	3	EurAmr	1	300
SOX13	1	EurAmr	1	100
SOX2	1	EurAmr	1	100
SOX30	2	EurAmr	1	200
SOX5	1	EurAmr	2	50
SOX6	2	EurAmr	2	100
SOX7	1	EurAmr	1	100
SP1	1	EurAmr	1	100
SP100	3	EurAmr	2	150
SP110	1	EurAmr	1	100
SP140	1	EurAmr	3	33.33333333333333
SP140L	4	EurAmr	2	200
SP2	2	EurAmr	1	200
SP4	1	EurAmr	1	100
SP7	1	EurAmr	1	100
SPA17	1	EurAmr	1	100
SPACA1	2	EurAmr	1	200
SPACA3	1	EurAmr	2	50
SPAG1	2	EurAmr	1	200
SPAG11A	1	EurAmr	1	100
SPAG11B	1	EurAmr	1	100
SPAG16	1	EurAmr	2	50
SPAG17	1	EurAmr	4	25
SPAG5	1	EurAmr	1	100
SPAG6	1	EurAmr	1	100
SPAG8	1	EurAmr	1	100
SPAG9	2	EurAmr	1	200
SPARCL1	3	EurAmr	1	300
SPATA17	2	EurAmr	2	100
SPATA22	2	EurAmr	2	100
SPATA25	1	EurAmr	1	100
SPATA2L	2	EurAmr	3	66.66666666666666
SPATA31A1	2	EurAmr	2	100
SPATA31A3	2	EurAmr	1	200
SPATA31A6	2	EurAmr	1	200
SPATA31D1	1	EurAmr	2	50
SPATA31E1	2	EurAmr	2	100
SPATA5	2	EurAmr	1	200
SPATA7	1	EurAmr	1	100
SPATA9	1	EurAmr	2	50
SPATC1	1	EurAmr	2	50
SPATS2	2	EurAmr	1	200
SPC25	1	EurAmr	1	100
SPCS3	1	EurAmr	1	100
SPDYE3	1	EurAmr	1	100
SPECC1	2	EurAmr	2	100
SPECC1L	1	EurAmr	1	100
SPEF2	2	EurAmr	3	66.66666666666666
SPEG	2	EurAmr	2	100
SPEM1	2	EurAmr	1	200
SPEN	4	EurAmr	2	200
SPERT	2	EurAmr	2	100
SPESP1	1	EurAmr	2	50
SPG11	1	EurAmr	2	50
SPG20	3	EurAmr	2	150
SPG7	2	EurAmr	2	100
SPHK1	1	EurAmr	1	100
SPHKAP	6	EurAmr	3	200
SPI1	1	EurAmr	1	100
SPIN1	1	EurAmr	1	100
SPIN3	1	EurAmr	1	100
SPINK5	2	EurAmr	2	100
SPNS1	1	EurAmr	1	100
SPNS2	2	EurAmr	1	200
SPOCD1	4	EurAmr	2	200
SPOCK3	1	EurAmr	2	50
SPON1	1	EurAmr	2	50
SPON2	1	EurAmr	1	100
SPPL2B	1	EurAmr	1	100
SPPL2C	2	EurAmr	1	200
SPPL3	1	EurAmr	2	50
SPRED2	2	EurAmr	1	200
SPRR2A	1	EurAmr	1	100
SPRR2B	1	EurAmr	1	100
SPRR2G	1	EurAmr	1	100
SPRTN	1	EurAmr	1	100
SPRYD7	1	EurAmr	1	100
SPSB1	1	EurAmr	1	100
SPSB3	3	EurAmr	1	300
SPTA1	9	EurAmr	5	180
SPTAN1	1	EurAmr	1	100
SPTB	4	EurAmr	3	133.33333333333331
SPTBN1	3	EurAmr	2	150
SPTBN2	6	EurAmr	2	300
SPTBN4	5	EurAmr	2	250
SPTBN5	3	EurAmr	5	60
SPTLC1	2	EurAmr	2	100
SPTLC2	1	EurAmr	1	100
SPTLC3	1	EurAmr	1	100
SPZ1	1	EurAmr	2	50
SQLE	1	EurAmr	1	100
SQSTM1	2	EurAmr	3	66.66666666666666
SRBD1	2	EurAmr	2	100
SRC	1	EurAmr	2	50
SRCAP	2	EurAmr	2	100
SRCIN1	1	EurAmr	3	33.33333333333333
SRD5A3	1	EurAmr	1	100
SREBF2	1	EurAmr	1	100
SREK1	1	EurAmr	1	100
SRGAP1	3	EurAmr	2	150
SRGAP2	1	EurAmr	1	100
SRGAP3	2	EurAmr	3	66.66666666666666
SRI	1	EurAmr	1	100
SRMS	1	EurAmr	1	100
SRP54	1	EurAmr	1	100
SRP68	4	EurAmr	1	400
SRP72	1	EurAmr	2	50
SRPK1	1	EurAmr	1	100
SRPR	1	EurAmr	1	100
SRPX	1	EurAmr	1	100
SRR	2	EurAmr	2	100
SRRD	1	EurAmr	1	100
SRRM1	3	EurAmr	1	300
SRRM2	3	EurAmr	1	300
SRRT	1	EurAmr	1	100
SRSF11	1	EurAmr	1	100
SRSF6	3	EurAmr	2	150
SRSF7	1	EurAmr	1	100
SS18	1	EurAmr	1	100
SSBP2	1	EurAmr	1	100
SSBP4	2	EurAmr	2	100
SSC4D	1	EurAmr	1	100
SSFA2	2	EurAmr	1	200
SSH1	2	EurAmr	1	200
SSMEM1	1	EurAmr	2	50
SSPN	1	EurAmr	1	100
SSPO	7	EurAmr	5	140
SSRP1	1	EurAmr	1	100
SST	3	EurAmr	2	150
SSTR4	1	EurAmr	1	100
SSTR5	2	EurAmr	2	100
SSUH2	1	EurAmr	2	50
SSX2IP	1	EurAmr	2	50
SSX7	1	EurAmr	1	100
ST13	1	EurAmr	1	100
ST14	1	EurAmr	1	100
ST18	2	EurAmr	4	50
ST3GAL1	2	EurAmr	1	200
ST3GAL4	2	EurAmr	1	200
ST5	4	EurAmr	2	200
ST6GAL1	1	EurAmr	1	100
ST6GALNAC1	1	EurAmr	1	100
ST6GALNAC2	2	EurAmr	1	200
ST6GALNAC3	1	EurAmr	2	50
ST6GALNAC4	1	EurAmr	1	100
ST6GALNAC6	1	EurAmr	2	50
ST7L	1	EurAmr	1	100
ST8SIA4	1	EurAmr	1	100
ST8SIA5	1	EurAmr	2	50
STAB1	8	EurAmr	2	400
STAB2	1	EurAmr	3	33.33333333333333
STAC2	1	EurAmr	1	100
STAG1	3	EurAmr	1	300
STAG3	2	EurAmr	1	200
STAM	3	EurAmr	1	300
STAM2	1	EurAmr	1	100
STAMBPL1	1	EurAmr	1	100
STAR	1	EurAmr	1	100
STARD3NL	1	EurAmr	1	100
STARD4	2	EurAmr	1	200
STARD5	1	EurAmr	1	100
STARD8	1	EurAmr	1	100
STAT1	2	EurAmr	2	100
STAT2	1	EurAmr	2	50
STAT3	1	EurAmr	2	50
STAT4	1	EurAmr	1	100
STAT5A	1	EurAmr	1	100
STAT6	4	EurAmr	1	400
STAU1	2	EurAmr	1	200
STC1	1	EurAmr	1	100
STEAP3	1	EurAmr	2	50
STH	1	EurAmr	1	100
STIL	3	EurAmr	2	150
STIM1	1	EurAmr	1	100
STIP1	2	EurAmr	2	100
STK10	1	EurAmr	1	100
STK11	1	EurAmr	3	33.33333333333333
STK11IP	2	EurAmr	1	200
STK25	2	EurAmr	1	200
STK31	3	EurAmr	3	100
STK32A	1	EurAmr	1	100
STK35	1	EurAmr	1	100
STK38L	1	EurAmr	2	50
STKLD1	1	EurAmr	1	100
STMN2	1	EurAmr	1	100
STOM	1	EurAmr	1	100
STOML2	2	EurAmr	1	200
STOML3	1	EurAmr	2	50
STON1	3	EurAmr	2	150
STON2	1	EurAmr	1	100
STOX1	3	EurAmr	1	300
STOX2	2	EurAmr	2	100
STPG2	1	EurAmr	1	100
STRA8	2	EurAmr	1	200
STRADA	2	EurAmr	1	200
STRADB	1	EurAmr	1	100
STRC	1	EurAmr	1	100
STRIP1	2	EurAmr	1	200
STRIP2	3	EurAmr	2	150
STRN	1	EurAmr	1	100
STRN3	2	EurAmr	2	100
STRN4	4	EurAmr	1	400
STS	1	EurAmr	3	33.33333333333333
STX10	1	EurAmr	1	100
STX11	1	EurAmr	2	50
STX12	1	EurAmr	1	100
STX16	1	EurAmr	1	100
STX18	1	EurAmr	1	100
STX3	2	EurAmr	2	100
STX4	2	EurAmr	1	200
STX7	1	EurAmr	1	100
STX8	1	EurAmr	1	100
STXBP1	2	EurAmr	2	100
STXBP2	2	EurAmr	1	200
STXBP5	7	EurAmr	2	350
STXBP5L	4	EurAmr	2	200
STYK1	1	EurAmr	1	100
SUCLA2	1	EurAmr	1	100
SUCLG1	2	EurAmr	1	200
SUCNR1	1	EurAmr	1	100
SUCO	2	EurAmr	1	200
SUDS3	1	EurAmr	1	100
SUFU	1	EurAmr	1	100
SUGCT	1	EurAmr	1	100
SUGP1	2	EurAmr	1	200
SUGP2	4	EurAmr	1	400
SULF1	2	EurAmr	1	200
SULF2	1	EurAmr	2	50
SULT1C4	1	EurAmr	1	100
SULT2A1	1	EurAmr	1	100
SULT6B1	1	EurAmr	1	100
SUN1	2	EurAmr	2	100
SUN2	2	EurAmr	1	200
SUOX	1	EurAmr	1	100
SUPT5H	1	EurAmr	1	100
SUPT6H	3	EurAmr	1	300
SUPV3L1	2	EurAmr	1	200
SURF4	1	EurAmr	2	50
SUSD1	2	EurAmr	4	50
SUSD4	2	EurAmr	3	66.66666666666666
SUV420H1	2	EurAmr	1	200
SUV420H2	2	EurAmr	1	200
SVEP1	5	EurAmr	4	125
SVIL	4	EurAmr	3	133.33333333333331
SVOP	1	EurAmr	1	100
SWAP70	2	EurAmr	1	200
SWI5	1	EurAmr	1	100
SWT1	1	EurAmr	1	100
SYCP2	2	EurAmr	1	200
SYCP2L	1	EurAmr	2	50
SYDE1	1	EurAmr	1	100
SYDE2	1	EurAmr	1	100
SYF2	1	EurAmr	1	100
SYK	2	EurAmr	1	200
SYMPK	4	EurAmr	1	400
SYN2	1	EurAmr	1	100
SYN3	2	EurAmr	1	200
SYNCRIP	1	EurAmr	1	100
SYNDIG1	1	EurAmr	2	50
SYNE1	18	EurAmr	6	300
SYNE2	13	EurAmr	5	260
SYNE3	1	EurAmr	1	100
SYNGAP1	2	EurAmr	1	200
SYNGR1	2	EurAmr	1	200
SYNGR3	1	EurAmr	1	100
SYNGR4	1	EurAmr	1	100
SYNJ2	2	EurAmr	2	100
SYNM	3	EurAmr	1	300
SYNPO	1	EurAmr	1	100
SYNPO2	1	EurAmr	3	33.33333333333333
SYNPO2L	1	EurAmr	2	50
SYNPR	2	EurAmr	1	200
SYNRG	3	EurAmr	1	300
SYPL1	1	EurAmr	1	100
SYT10	1	EurAmr	2	50
SYT11	2	EurAmr	1	200
SYT12	1	EurAmr	1	100
SYT13	1	EurAmr	1	100
SYT14	1	EurAmr	1	100
SYT17	1	EurAmr	1	100
SYT3	2	EurAmr	3	66.66666666666666
SYT4	2	EurAmr	2	100
SYT7	3	EurAmr	1	300
SYT9	1	EurAmr	2	50
SYTL2	1	EurAmr	2	50
SYTL3	1	EurAmr	1	100
SYTL5	2	EurAmr	1	200
SYVN1	2	EurAmr	1	200
SZT2	4	EurAmr	2	200
T	1	EurAmr	1	100
TAAR1	1	EurAmr	1	100
TAAR2	1	EurAmr	1	100
TAAR5	1	EurAmr	1	100
TAAR8	2	EurAmr	1	200
TAB1	1	EurAmr	1	100
TAB2	1	EurAmr	1	100
TAB3	1	EurAmr	1	100
TACC1	2	EurAmr	1	200
TACC2	4	EurAmr	2	200
TACR2	1	EurAmr	1	100
TADA1	1	EurAmr	1	100
TADA2A	1	EurAmr	1	100
TAF1	2	EurAmr	2	100
TAF15	3	EurAmr	1	300
TAF1B	2	EurAmr	1	200
TAF1C	3	EurAmr	1	300
TAF1D	1	EurAmr	2	50
TAF1L	2	EurAmr	2	100
TAF2	2	EurAmr	2	100
TAF3	1	EurAmr	1	100
TAF4	3	EurAmr	3	100
TAF4B	2	EurAmr	1	200
TAF5L	1	EurAmr	3	33.33333333333333
TAF6	1	EurAmr	1	100
TAF6L	3	EurAmr	1	300
TAGAP	1	EurAmr	1	100
TAL1	1	EurAmr	2	50
TAL2	1	EurAmr	1	100
TANC1	5	EurAmr	2	250
TANC2	4	EurAmr	1	400
TAOK1	1	EurAmr	3	33.33333333333333
TAOK2	4	EurAmr	1	400
TAP1	1	EurAmr	2	50
TAP2	2	EurAmr	1	200
TAPBP	1	EurAmr	1	100
TAPBPL	1	EurAmr	1	100
TAPT1	1	EurAmr	1	100
TARBP1	3	EurAmr	1	300
TARBP2	1	EurAmr	1	100
TARDBP	1	EurAmr	1	100
TARS	1	EurAmr	2	50
TARSL2	2	EurAmr	2	100
TAS1R1	1	EurAmr	1	100
TAS1R2	3	EurAmr	2	150
TAS1R3	1	EurAmr	1	100
TAS2R10	1	EurAmr	1	100
TAS2R14	1	EurAmr	1	100
TAS2R3	1	EurAmr	1	100
TAS2R38	2	EurAmr	1	200
TAS2R40	1	EurAmr	1	100
TAS2R41	2	EurAmr	1	200
TAS2R60	1	EurAmr	1	100
TAS2R9	1	EurAmr	1	100
TASP1	1	EurAmr	2	50
TATDN2	2	EurAmr	1	200
TAX1BP1	2	EurAmr	1	200
TAZ	1	EurAmr	1	100
TBC1D10B	1	EurAmr	1	100
TBC1D14	2	EurAmr	1	200
TBC1D15	1	EurAmr	1	100
TBC1D17	1	EurAmr	1	100
TBC1D19	1	EurAmr	2	50
TBC1D2	3	EurAmr	1	300
TBC1D22A	3	EurAmr	1	300
TBC1D24	1	EurAmr	1	100
TBC1D25	2	EurAmr	1	200
TBC1D29	1	EurAmr	1	100
TBC1D2B	4	EurAmr	2	200
TBC1D31	1	EurAmr	1	100
TBC1D32	2	EurAmr	3	66.66666666666666
TBC1D3B	1	EurAmr	1	100
TBC1D4	1	EurAmr	1	100
TBC1D5	2	EurAmr	1	200
TBC1D7	1	EurAmr	1	100
TBC1D8	2	EurAmr	2	100
TBC1D9	5	EurAmr	4	125
TBC1D9B	2	EurAmr	2	100
TBCC	1	EurAmr	1	100
TBCCD1	1	EurAmr	2	50
TBCD	1	EurAmr	1	100
TBCK	1	EurAmr	1	100
TBK1	1	EurAmr	1	100
TBL2	1	EurAmr	1	100
TBP	1	EurAmr	1	100
TBR1	2	EurAmr	1	200
TBRG4	1	EurAmr	1	100
TBX10	1	EurAmr	1	100
TBX15	2	EurAmr	2	100
TBX19	1	EurAmr	1	100
TBX2	1	EurAmr	1	100
TBX20	2	EurAmr	2	100
TBX21	1	EurAmr	1	100
TBX22	1	EurAmr	2	50
TBX3	1	EurAmr	1	100
TBX4	1	EurAmr	1	100
TBX6	1	EurAmr	1	100
TBXA2R	1	EurAmr	1	100
TBXAS1	1	EurAmr	1	100
TC2N	1	EurAmr	1	100
TCAIM	1	EurAmr	1	100
TCEA2	1	EurAmr	1	100
TCEB1	1	EurAmr	1	100
TCEB2	1	EurAmr	1	100
TCEB3B	3	EurAmr	2	150
TCEB3CL	1	EurAmr	1	100
TCERG1	5	EurAmr	3	166.66666666666669
TCERG1L	1	EurAmr	2	50
TCF19	1	EurAmr	1	100
TCF20	5	EurAmr	2	250
TCF25	3	EurAmr	1	300
TCF3	2	EurAmr	1	200
TCF4	3	EurAmr	4	75
TCF7	1	EurAmr	1	100
TCF7L1	2	EurAmr	2	100
TCF7L2	1	EurAmr	1	100
TCFL5	1	EurAmr	1	100
TCHH	4	EurAmr	1	400
TCHHL1	2	EurAmr	1	200
TCIRG1	1	EurAmr	1	100
TCN1	2	EurAmr	1	200
TCN2	4	EurAmr	1	400
TCP10	1	EurAmr	2	50
TCTEX1D1	1	EurAmr	2	50
TCTN1	1	EurAmr	1	100
TDG	1	EurAmr	2	50
TDO2	1	EurAmr	1	100
TDP1	1	EurAmr	1	100
TDP2	1	EurAmr	2	50
TDRD1	1	EurAmr	2	50
TDRD5	2	EurAmr	2	100
TDRD6	2	EurAmr	1	200
TDRD9	1	EurAmr	1	100
TDRKH	1	EurAmr	1	100
TEAD2	1	EurAmr	1	100
TEAD3	1	EurAmr	1	100
TEAD4	1	EurAmr	1	100
TEC	1	EurAmr	1	100
TECPR1	1	EurAmr	2	50
TECPR2	2	EurAmr	1	200
TECR	2	EurAmr	2	100
TECTA	7	EurAmr	5	140
TECTB	3	EurAmr	1	300
TEF	1	EurAmr	1	100
TEK	1	EurAmr	1	100
TEKT1	2	EurAmr	1	200
TEKT2	1	EurAmr	1	100
TEKT3	1	EurAmr	1	100
TEKT4	2	EurAmr	2	100
TEKT5	1	EurAmr	1	100
TELO2	2	EurAmr	1	200
TENM1	3	EurAmr	3	100
TENM2	3	EurAmr	4	75
TENM3	4	EurAmr	6	66.66666666666666
TENM4	2	EurAmr	4	50
TEP1	5	EurAmr	3	166.66666666666669
TERF1	1	EurAmr	1	100
TERF2	1	EurAmr	1	100
TERF2IP	1	EurAmr	1	100
TERT	2	EurAmr	2	100
TESC	2	EurAmr	1	200
TESK1	1	EurAmr	1	100
TESK2	1	EurAmr	1	100
TET1	5	EurAmr	1	500
TET2	2	EurAmr	1	200
TET3	2	EurAmr	2	100
TEX11	2	EurAmr	1	200
TEX13A	1	EurAmr	2	50
TEX13B	2	EurAmr	1	200
TEX14	2	EurAmr	2	100
TEX15	4	EurAmr	2	200
TEX2	4	EurAmr	2	200
TEX29	1	EurAmr	1	100
TEX33	1	EurAmr	1	100
TEX35	1	EurAmr	1	100
TEX37	1	EurAmr	2	50
TFAP2B	1	EurAmr	1	100
TFAP2D	1	EurAmr	1	100
TFAP2E	1	EurAmr	1	100
TFB2M	1	EurAmr	2	50
TFCP2	1	EurAmr	1	100
TFCP2L1	1	EurAmr	1	100
TFDP1	1	EurAmr	2	50
TFE3	1	EurAmr	1	100
TFEC	1	EurAmr	1	100
TFF1	1	EurAmr	1	100
TFG	1	EurAmr	1	100
TFIP11	2	EurAmr	1	200
TFPI	2	EurAmr	1	200
TG	4	EurAmr	2	200
TGFB1	1	EurAmr	1	100
TGFB2	1	EurAmr	2	50
TGFBI	1	EurAmr	1	100
TGFBR1	1	EurAmr	5	20
TGFBR2	3	EurAmr	6	50
TGFBR3	1	EurAmr	1	100
TGFBRAP1	2	EurAmr	1	200
TGIF2LX	1	EurAmr	1	100
TGM1	2	EurAmr	1	200
TGM2	1	EurAmr	1	100
TGM3	1	EurAmr	2	50
TGM4	1	EurAmr	2	50
TGM5	1	EurAmr	4	25
TGM6	1	EurAmr	2	50
TGM7	2	EurAmr	1	200
TH	2	EurAmr	1	200
THADA	5	EurAmr	3	166.66666666666669
THAP10	1	EurAmr	1	100
THAP2	1	EurAmr	2	50
THAP3	2	EurAmr	1	200
THAP4	3	EurAmr	2	150
THAP7	1	EurAmr	1	100
THAP9	2	EurAmr	1	200
THBD	1	EurAmr	1	100
THBS1	3	EurAmr	3	100
THBS2	3	EurAmr	2	150
THBS4	1	EurAmr	3	33.33333333333333
THEG	2	EurAmr	1	200
THEMIS	3	EurAmr	2	150
THNSL2	2	EurAmr	1	200
THOC1	2	EurAmr	1	200
THOC2	2	EurAmr	1	200
THOC5	1	EurAmr	2	50
THOC6	1	EurAmr	1	100
THOP1	2	EurAmr	1	200
THPO	1	EurAmr	1	100
THRAP3	1	EurAmr	2	50
THRB	1	EurAmr	1	100
THSD1	2	EurAmr	1	200
THSD4	1	EurAmr	2	50
THSD7A	5	EurAmr	1	500
THSD7B	2	EurAmr	4	50
TIAL1	1	EurAmr	1	100
TIAM1	4	EurAmr	4	100
TIAM2	1	EurAmr	3	33.33333333333333
TICRR	3	EurAmr	1	300
TIE1	3	EurAmr	2	150
TIFA	2	EurAmr	1	200
TIGD2	1	EurAmr	3	33.33333333333333
TIGD6	1	EurAmr	2	50
TIGIT	1	EurAmr	1	100
TIMD4	1	EurAmr	1	100
TIMELESS	2	EurAmr	2	100
TIMM21	1	EurAmr	1	100
TIMM44	1	EurAmr	2	50
TIMM50	1	EurAmr	1	100
TIMP3	1	EurAmr	1	100
TINAG	2	EurAmr	2	100
TINAGL1	1	EurAmr	1	100
TINF2	1	EurAmr	2	50
TIPARP	3	EurAmr	1	300
TIPIN	1	EurAmr	1	100
TIPRL	1	EurAmr	1	100
TJP1	4	EurAmr	1	400
TJP2	5	EurAmr	1	500
TJP3	3	EurAmr	1	300
TKT	2	EurAmr	1	200
TLDC1	1	EurAmr	1	100
TLDC2	1	EurAmr	1	100
TLE1	2	EurAmr	1	200
TLE2	2	EurAmr	1	200
TLE3	1	EurAmr	2	50
TLE4	4	EurAmr	1	400
TLE6	2	EurAmr	1	200
TLK2	3	EurAmr	2	150
TLL2	1	EurAmr	3	33.33333333333333
TLN1	8	EurAmr	3	266.66666666666663
TLN2	3	EurAmr	6	50
TLR1	1	EurAmr	1	100
TLR2	1	EurAmr	2	50
TLR3	2	EurAmr	2	100
TLR4	1	EurAmr	2	50
TLR5	2	EurAmr	3	66.66666666666666
TLR6	1	EurAmr	3	33.33333333333333
TLR8	1	EurAmr	2	50
TLR9	2	EurAmr	1	200
TM4SF18	1	EurAmr	1	100
TM4SF19	1	EurAmr	1	100
TM4SF20	1	EurAmr	1	100
TM7SF3	1	EurAmr	2	50
TM9SF2	1	EurAmr	1	100
TM9SF3	1	EurAmr	1	100
TM9SF4	1	EurAmr	1	100
TMA16	1	EurAmr	1	100
TMBIM4	1	EurAmr	1	100
TMC2	3	EurAmr	1	300
TMC3	3	EurAmr	1	300
TMC4	1	EurAmr	2	50
TMC6	1	EurAmr	1	100
TMC7	1	EurAmr	2	50
TMCC1	3	EurAmr	1	300
TMCC2	1	EurAmr	2	50
TMCC3	2	EurAmr	1	200
TMCO1	2	EurAmr	1	200
TMCO2	1	EurAmr	1	100
TMCO3	1	EurAmr	1	100
TMCO4	2	EurAmr	1	200
TMCO6	1	EurAmr	1	100
TMED10	1	EurAmr	1	100
TMED4	1	EurAmr	1	100
TMED7	1	EurAmr	1	100
TMED7-TICAM2	1	EurAmr	1	100
TMED8	1	EurAmr	1	100
TMEFF1	1	EurAmr	1	100
TMEM101	1	EurAmr	1	100
TMEM106C	1	EurAmr	1	100
TMEM109	1	EurAmr	1	100
TMEM110	1	EurAmr	1	100
TMEM121	1	EurAmr	1	100
TMEM128	1	EurAmr	1	100
TMEM131	4	EurAmr	2	200
TMEM132A	3	EurAmr	1	300
TMEM132B	2	EurAmr	3	66.66666666666666
TMEM132D	2	EurAmr	7	28.57142857142857
TMEM132E	2	EurAmr	3	66.66666666666666
TMEM135	1	EurAmr	1	100
TMEM140	1	EurAmr	1	100
TMEM147	1	EurAmr	1	100
TMEM150A	1	EurAmr	1	100
TMEM150C	1	EurAmr	1	100
TMEM151A	1	EurAmr	1	100
TMEM159	1	EurAmr	1	100
TMEM161B	1	EurAmr	2	50
TMEM164	1	EurAmr	1	100
TMEM165	2	EurAmr	1	200
TMEM168	2	EurAmr	1	200
TMEM170A	1	EurAmr	1	100
TMEM171	1	EurAmr	1	100
TMEM173	1	EurAmr	1	100
TMEM174	1	EurAmr	1	100
TMEM175	3	EurAmr	2	150
TMEM177	1	EurAmr	1	100
TMEM179	1	EurAmr	1	100
TMEM179B	1	EurAmr	1	100
TMEM180	1	EurAmr	1	100
TMEM182	3	EurAmr	1	300
TMEM185A	2	EurAmr	1	200
TMEM187	2	EurAmr	1	200
TMEM19	1	EurAmr	1	100
TMEM192	1	EurAmr	1	100
TMEM194A	1	EurAmr	1	100
TMEM196	1	EurAmr	1	100
TMEM198	1	EurAmr	4	25
TMEM2	1	EurAmr	1	100
TMEM200A	1	EurAmr	1	100
TMEM200B	1	EurAmr	1	100
TMEM200C	1	EurAmr	2	50
TMEM201	2	EurAmr	1	200
TMEM214	4	EurAmr	2	200
TMEM215	1	EurAmr	2	50
TMEM225	1	EurAmr	1	100
TMEM229B	1	EurAmr	1	100
TMEM237	1	EurAmr	1	100
TMEM246	1	EurAmr	1	100
TMEM259	1	EurAmr	1	100
TMEM261	2	EurAmr	1	200
TMEM38A	1	EurAmr	1	100
TMEM39A	1	EurAmr	1	100
TMEM39B	1	EurAmr	1	100
TMEM41A	1	EurAmr	1	100
TMEM41B	1	EurAmr	1	100
TMEM45A	1	EurAmr	1	100
TMEM51	1	EurAmr	1	100
TMEM52B	1	EurAmr	1	100
TMEM54	1	EurAmr	1	100
TMEM55A	1	EurAmr	1	100
TMEM55B	1	EurAmr	1	100
TMEM57	3	EurAmr	1	300
TMEM59	1	EurAmr	1	100
TMEM64	2	EurAmr	1	200
TMEM67	1	EurAmr	1	100
TMEM72	1	EurAmr	1	100
TMEM74	1	EurAmr	1	100
TMEM86A	2	EurAmr	1	200
TMEM87A	1	EurAmr	2	50
TMEM8A	1	EurAmr	1	100
TMEM8B	1	EurAmr	1	100
TMEM95	3	EurAmr	1	300
TMEM97	1	EurAmr	1	100
TMEM98	2	EurAmr	1	200
TMF1	2	EurAmr	1	200
TMPO	2	EurAmr	1	200
TMPRSS11D	2	EurAmr	2	100
TMPRSS11E	2	EurAmr	2	100
TMPRSS15	2	EurAmr	1	200
TMPRSS3	2	EurAmr	1	200
TMPRSS4	1	EurAmr	1	100
TMPRSS5	1	EurAmr	1	100
TMPRSS6	2	EurAmr	1	200
TMPRSS9	2	EurAmr	1	200
TMSB10	1	EurAmr	1	100
TMTC1	2	EurAmr	1	200
TMTC2	1	EurAmr	1	100
TMTC4	2	EurAmr	1	200
TMUB2	1	EurAmr	1	100
TMX2	1	EurAmr	1	100
TMX4	3	EurAmr	1	300
TNC	8	EurAmr	4	200
TNFAIP2	1	EurAmr	1	100
TNFAIP3	1	EurAmr	2	50
TNFAIP8L3	1	EurAmr	1	100
TNFRSF10B	2	EurAmr	1	200
TNFRSF11A	2	EurAmr	2	100
TNFRSF11B	1	EurAmr	1	100
TNFRSF12A	1	EurAmr	1	100
TNFRSF13B	1	EurAmr	1	100
TNFRSF13C	1	EurAmr	1	100
TNFRSF19	2	EurAmr	2	100
TNFRSF1A	2	EurAmr	1	200
TNFRSF1B	3	EurAmr	2	150
TNFSF11	1	EurAmr	1	100
TNFSF12-TNFSF13	1	EurAmr	1	100
TNFSF13	2	EurAmr	1	200
TNFSF14	1	EurAmr	1	100
TNFSF8	3	EurAmr	1	300
TNFSF9	1	EurAmr	2	50
TNIK	1	EurAmr	3	33.33333333333333
TNIP2	1	EurAmr	1	100
TNIP3	2	EurAmr	1	200
TNK1	1	EurAmr	1	100
TNK2	2	EurAmr	1	200
TNKS	5	EurAmr	1	500
TNKS1BP1	4	EurAmr	2	200
TNKS2	1	EurAmr	1	100
TNN	1	EurAmr	3	33.33333333333333
TNNC1	1	EurAmr	1	100
TNNC2	1	EurAmr	1	100
TNNI2	1	EurAmr	1	100
TNNI3	4	EurAmr	2	200
TNNT2	1	EurAmr	1	100
TNNT3	1	EurAmr	1	100
TNPO2	1	EurAmr	2	50
TNR	6	EurAmr	4	150
TNRC18	4	EurAmr	2	200
TNRC6A	2	EurAmr	1	200
TNRC6C	3	EurAmr	1	300
TNS1	3	EurAmr	1	300
TNS2	2	EurAmr	1	200
TNS3	4	EurAmr	1	400
TNXB	5	EurAmr	5	100
TOE1	1	EurAmr	1	100
TOM1L1	2	EurAmr	1	200
TOM1L2	1	EurAmr	1	100
TOMM34	1	EurAmr	1	100
TOMM70A	2	EurAmr	1	200
TOP2B	3	EurAmr	2	150
TOP3A	4	EurAmr	1	400
TOPBP1	4	EurAmr	2	200
TOPORS	4	EurAmr	1	400
TOX2	2	EurAmr	6	33.33333333333333
TOX3	1	EurAmr	1	100
TOX4	2	EurAmr	2	100
TP53BP1	3	EurAmr	1	300
TP53BP2	1	EurAmr	2	50
TP53I13	1	EurAmr	1	100
TP53INP2	1	EurAmr	1	100
TP53TG5	1	EurAmr	1	100
TPCN1	1	EurAmr	2	50
TPCN2	2	EurAmr	1	200
TPD52L2	1	EurAmr	1	100
TPGS2	1	EurAmr	1	100
TPH1	1	EurAmr	1	100
TPH2	1	EurAmr	1	100
TPI1	2	EurAmr	1	200
TPK1	1	EurAmr	1	100
TPM1	1	EurAmr	2	50
TPM2	1	EurAmr	1	100
TPO	1	EurAmr	7	14.285714285714285
TPP1	1	EurAmr	1	100
TPP2	2	EurAmr	3	66.66666666666666
TPPP	2	EurAmr	1	200
TPPP3	1	EurAmr	1	100
TPR	2	EurAmr	2	100
TPRA1	1	EurAmr	1	100
TPRG1	1	EurAmr	1	100
TPSAB1	1	EurAmr	1	100
TPSD1	1	EurAmr	2	50
TPST2	1	EurAmr	1	100
TPTE2	1	EurAmr	1	100
TPX2	2	EurAmr	1	200
TRABD	1	EurAmr	1	100
TRADD	1	EurAmr	1	100
TRAF2	1	EurAmr	1	100
TRAF3IP1	1	EurAmr	1	100
TRAF3IP3	1	EurAmr	1	100
TRAF4	3	EurAmr	1	300
TRAF5	1	EurAmr	1	100
TRAF7	2	EurAmr	1	200
TRAIP	1	EurAmr	1	100
TRAK1	3	EurAmr	1	300
TRAK2	3	EurAmr	1	300
TRAM1	1	EurAmr	1	100
TRAM1L1	1	EurAmr	1	100
TRANK1	5	EurAmr	3	166.66666666666669
TRAP1	4	EurAmr	1	400
TRAPPC1	1	EurAmr	1	100
TRAPPC10	2	EurAmr	1	200
TRAPPC11	1	EurAmr	1	100
TRAPPC2L	1	EurAmr	1	100
TRAPPC5	1	EurAmr	1	100
TRAPPC6A	1	EurAmr	1	100
TRAPPC8	1	EurAmr	1	100
TRAPPC9	2	EurAmr	3	66.66666666666666
TRAV10	1	EurAmr	1	100
TRAV12-3	1	EurAmr	1	100
TRAV13-1	1	EurAmr	1	100
TRAV16	1	EurAmr	2	50
TRAV18	1	EurAmr	1	100
TRAV25	1	EurAmr	1	100
TRAV4	1	EurAmr	1	100
TRAV8-2	1	EurAmr	1	100
TRBC2	1	EurAmr	1	100
TRBV2	1	EurAmr	1	100
TRBV20-1	1	EurAmr	1	100
TRDMT1	1	EurAmr	1	100
TREML2	1	EurAmr	1	100
TREML4	1	EurAmr	1	100
TRERF1	2	EurAmr	2	100
TREX1	1	EurAmr	1	100
TRH	1	EurAmr	2	50
TRHDE	2	EurAmr	2	100
TRHR	1	EurAmr	2	50
TRIB2	1	EurAmr	2	50
TRIM16	1	EurAmr	1	100
TRIM17	1	EurAmr	1	100
TRIM2	4	EurAmr	1	400
TRIM22	1	EurAmr	1	100
TRIM24	1	EurAmr	1	100
TRIM26	1	EurAmr	2	50
TRIM3	3	EurAmr	1	300
TRIM32	2	EurAmr	1	200
TRIM33	2	EurAmr	2	100
TRIM35	1	EurAmr	1	100
TRIM36	4	EurAmr	1	400
TRIM37	2	EurAmr	3	66.66666666666666
TRIM38	1	EurAmr	2	50
TRIM39	1	EurAmr	1	100
TRIM4	1	EurAmr	1	100
TRIM40	1	EurAmr	1	100
TRIM41	2	EurAmr	1	200
TRIM45	1	EurAmr	1	100
TRIM46	2	EurAmr	1	200
TRIM47	1	EurAmr	2	50
TRIM49	3	EurAmr	1	300
TRIM49C	1	EurAmr	2	50
TRIM5	2	EurAmr	1	200
TRIM50	2	EurAmr	1	200
TRIM51	2	EurAmr	2	100
TRIM52	1	EurAmr	1	100
TRIM54	1	EurAmr	1	100
TRIM55	1	EurAmr	1	100
TRIM58	1	EurAmr	4	25
TRIM59	2	EurAmr	1	200
TRIM6	1	EurAmr	1	100
TRIM60	1	EurAmr	1	100
TRIM65	1	EurAmr	1	100
TRIM68	1	EurAmr	1	100
TRIM69	1	EurAmr	1	100
TRIM7	1	EurAmr	1	100
TRIM71	1	EurAmr	1	100
TRIM8	1	EurAmr	1	100
TRIML1	1	EurAmr	2	50
TRIML2	1	EurAmr	1	100
TRIO	5	EurAmr	1	500
TRIOBP	1	EurAmr	3	33.33333333333333
TRIP10	1	EurAmr	1	100
TRIP11	2	EurAmr	1	200
TRIP12	2	EurAmr	3	66.66666666666666
TRIP6	2	EurAmr	2	100
TRIT1	1	EurAmr	1	100
TRMT10A	2	EurAmr	1	200
TRMT10B	1	EurAmr	1	100
TRMT10C	2	EurAmr	1	200
TRMT11	2	EurAmr	1	200
TRMT5	2	EurAmr	1	200
TRMT6	1	EurAmr	1	100
TRMT61A	1	EurAmr	2	50
TRMT61B	3	EurAmr	1	300
TRNAU1AP	1	EurAmr	1	100
TRO	3	EurAmr	2	150
TROAP	1	EurAmr	1	100
TRPA1	1	EurAmr	2	50
TRPC1	3	EurAmr	1	300
TRPC4AP	1	EurAmr	1	100
TRPC5	2	EurAmr	1	200
TRPC6	4	EurAmr	3	133.33333333333331
TRPC7	2	EurAmr	3	66.66666666666666
TRPM1	3	EurAmr	4	75
TRPM2	2	EurAmr	3	66.66666666666666
TRPM3	3	EurAmr	2	150
TRPM4	3	EurAmr	3	100
TRPM5	2	EurAmr	1	200
TRPM6	3	EurAmr	4	75
TRPM7	1	EurAmr	1	100
TRPM8	1	EurAmr	2	50
TRPS1	2	EurAmr	5	40
TRPV1	1	EurAmr	1	100
TRPV2	4	EurAmr	1	400
TRPV3	2	EurAmr	2	100
TRPV4	1	EurAmr	3	33.33333333333333
TRPV6	2	EurAmr	2	100
TRRAP	8	EurAmr	1	800
TRUB2	1	EurAmr	1	100
TSC1	1	EurAmr	1	100
TSC2	7	EurAmr	3	233.33333333333334
TSC22D1	1	EurAmr	1	100
TSC22D3	1	EurAmr	1	100
TSEN2	1	EurAmr	1	100
TSEN54	3	EurAmr	1	300
TSG101	2	EurAmr	1	200
TSGA10	2	EurAmr	1	200
TSHR	2	EurAmr	1	200
TSHZ1	4	EurAmr	2	200
TSHZ2	4	EurAmr	6	66.66666666666666
TSHZ3	3	EurAmr	4	75
TSKS	2	EurAmr	1	200
TSLP	1	EurAmr	1	100
TSN	1	EurAmr	1	100
TSPAN10	1	EurAmr	1	100
TSPAN11	1	EurAmr	1	100
TSPAN13	1	EurAmr	1	100
TSPAN17	1	EurAmr	1	100
TSPAN9	1	EurAmr	1	100
TSPEAR	1	EurAmr	1	100
TSPYL1	1	EurAmr	1	100
TSPYL5	1	EurAmr	1	100
TSSC1	2	EurAmr	1	200
TSSC4	1	EurAmr	1	100
TSSK1B	1	EurAmr	2	50
TSSK6	2	EurAmr	2	100
TSTA3	1	EurAmr	2	50
TTBK1	1	EurAmr	1	100
TTBK2	2	EurAmr	1	200
TTC14	1	EurAmr	1	100
TTC16	2	EurAmr	1	200
TTC17	2	EurAmr	2	100
TTC21A	2	EurAmr	2	100
TTC21B	3	EurAmr	1	300
TTC23	1	EurAmr	1	100
TTC25	2	EurAmr	1	200
TTC26	2	EurAmr	1	200
TTC27	1	EurAmr	1	100
TTC3	3	EurAmr	2	150
TTC30A	3	EurAmr	1	300
TTC30B	1	EurAmr	1	100
TTC37	2	EurAmr	2	100
TTC38	1	EurAmr	1	100
TTC39C	1	EurAmr	1	100
TTC4	1	EurAmr	1	100
TTC5	1	EurAmr	1	100
TTC7A	1	EurAmr	1	100
TTC7B	2	EurAmr	1	200
TTC8	1	EurAmr	1	100
TTC9	1	EurAmr	2	50
TTC9B	1	EurAmr	1	100
TTF1	1	EurAmr	1	100
TTF2	1	EurAmr	1	100
TTI1	1	EurAmr	3	33.33333333333333
TTK	1	EurAmr	2	50
TTLL1	2	EurAmr	1	200
TTLL10	1	EurAmr	2	50
TTLL3	1	EurAmr	1	100
TTLL4	2	EurAmr	1	200
TTLL5	2	EurAmr	1	200
TTLL6	1	EurAmr	2	50
TTLL7	1	EurAmr	1	100
TTLL8	1	EurAmr	2	50
TTN	54	EurAmr	24	225
TTYH1	1	EurAmr	1	100
TTYH2	2	EurAmr	1	200
TTYH3	1	EurAmr	1	100
TUB	1	EurAmr	1	100
TUBA1A	1	EurAmr	1	100
TUBA3C	1	EurAmr	4	25
TUBA3D	1	EurAmr	1	100
TUBA3E	1	EurAmr	1	100
TUBA4A	2	EurAmr	2	100
TUBA8	2	EurAmr	2	100
TUBAL3	1	EurAmr	2	50
TUBB1	3	EurAmr	1	300
TUBB2A	1	EurAmr	2	50
TUBB2B	3	EurAmr	1	300
TUBB3	2	EurAmr	1	200
TUBB4A	1	EurAmr	1	100
TUBB6	1	EurAmr	1	100
TUBB8	1	EurAmr	1	100
TUBD1	1	EurAmr	1	100
TUBE1	1	EurAmr	1	100
TUBGCP2	3	EurAmr	2	150
TUBGCP3	1	EurAmr	2	50
TUBGCP4	1	EurAmr	2	50
TUBGCP6	2	EurAmr	3	66.66666666666666
TULP1	1	EurAmr	1	100
TULP4	4	EurAmr	3	133.33333333333331
TUT1	1	EurAmr	1	100
TVP23B	1	EurAmr	1	100
TWF2	1	EurAmr	1	100
TWSG1	1	EurAmr	1	100
TXLNB	3	EurAmr	1	300
TXLNG	1	EurAmr	1	100
TXN	1	EurAmr	1	100
TXNDC11	3	EurAmr	1	300
TXNDC16	2	EurAmr	1	200
TXNDC17	1	EurAmr	1	100
TXNDC2	1	EurAmr	1	100
TXNIP	1	EurAmr	2	50
TXNL1	1	EurAmr	1	100
TXNRD2	2	EurAmr	1	200
TXNRD3	1	EurAmr	1	100
TYK2	1	EurAmr	2	50
TYMS	2	EurAmr	1	200
TYR	4	EurAmr	3	133.33333333333331
TYRP1	1	EurAmr	2	50
TYW1	3	EurAmr	1	300
TYW1B	1	EurAmr	1	100
TYW5	1	EurAmr	1	100
U2AF2	1	EurAmr	1	100
U2SURP	1	EurAmr	1	100
UACA	2	EurAmr	1	200
UBA1	2	EurAmr	2	100
UBA2	1	EurAmr	2	50
UBA6	1	EurAmr	1	100
UBA7	4	EurAmr	2	200
UBAP2	2	EurAmr	2	100
UBAP2L	1	EurAmr	2	50
UBASH3A	1	EurAmr	1	100
UBASH3B	2	EurAmr	3	66.66666666666666
UBE2D1	1	EurAmr	1	100
UBE2E1	1	EurAmr	1	100
UBE2E3	1	EurAmr	1	100
UBE2J1	1	EurAmr	1	100
UBE2O	1	EurAmr	1	100
UBE2S	1	EurAmr	1	100
UBE2U	1	EurAmr	1	100
UBE3A	2	EurAmr	1	200
UBE3B	2	EurAmr	1	200
UBE3C	1	EurAmr	2	50
UBE3D	1	EurAmr	1	100
UBE4A	2	EurAmr	1	200
UBE4B	2	EurAmr	1	200
UBL3	1	EurAmr	1	100
UBLCP1	1	EurAmr	1	100
UBN1	2	EurAmr	1	200
UBN2	3	EurAmr	2	150
UBP1	1	EurAmr	1	100
UBQLN1	3	EurAmr	1	300
UBQLN3	4	EurAmr	1	400
UBQLNL	3	EurAmr	2	150
UBR1	1	EurAmr	1	100
UBR2	3	EurAmr	3	100
UBR3	1	EurAmr	2	50
UBR4	7	EurAmr	2	350
UBR5	5	EurAmr	1	500
UBR7	1	EurAmr	1	100
UBTD1	2	EurAmr	1	200
UBTD2	2	EurAmr	1	200
UBTF	1	EurAmr	1	100
UBXN1	1	EurAmr	1	100
UBXN10	1	EurAmr	1	100
UBXN11	1	EurAmr	1	100
UBXN2A	1	EurAmr	1	100
UBXN2B	1	EurAmr	1	100
UBXN4	3	EurAmr	2	150
UBXN6	2	EurAmr	1	200
UBXN8	1	EurAmr	1	100
UCMA	1	EurAmr	1	100
UCN2	1	EurAmr	1	100
UCP3	2	EurAmr	1	200
UFC1	1	EurAmr	1	100
UFD1L	1	EurAmr	1	100
UFM1	1	EurAmr	1	100
UFSP2	3	EurAmr	2	150
UGCG	1	EurAmr	1	100
UGDH	1	EurAmr	2	50
UGGT1	1	EurAmr	1	100
UGP2	1	EurAmr	2	50
UGT1A4	1	EurAmr	3	33.33333333333333
UGT1A8	1	EurAmr	1	100
UGT2A3	1	EurAmr	1	100
UGT2B10	1	EurAmr	1	100
UGT2B4	1	EurAmr	1	100
UGT3A1	4	EurAmr	1	400
UGT3A2	2	EurAmr	2	100
UHMK1	1	EurAmr	1	100
UHRF1	1	EurAmr	1	100
UHRF1BP1	3	EurAmr	1	300
UHRF1BP1L	1	EurAmr	1	100
UHRF2	1	EurAmr	1	100
ULK1	3	EurAmr	2	150
ULK3	2	EurAmr	1	200
ULK4	1	EurAmr	2	50
UMOD	1	EurAmr	3	33.33333333333333
UMODL1	3	EurAmr	1	300
UMPS	2	EurAmr	1	200
UNC13A	5	EurAmr	2	250
UNC13B	2	EurAmr	2	100
UNC13C	6	EurAmr	4	150
UNC13D	1	EurAmr	1	100
UNC50	2	EurAmr	3	66.66666666666666
UNC5A	1	EurAmr	1	100
UNC5B	1	EurAmr	1	100
UNC5C	3	EurAmr	1	300
UNC5CL	3	EurAmr	1	300
UNC5D	2	EurAmr	2	100
UNC79	4	EurAmr	3	133.33333333333331
UNC80	1	EurAmr	2	50
UPB1	2	EurAmr	1	200
UPF2	3	EurAmr	1	300
UPF3A	1	EurAmr	1	100
UPF3B	1	EurAmr	1	100
UPK1A	2	EurAmr	1	200
UQCRB	1	EurAmr	1	100
UQCRFS1	1	EurAmr	1	100
URB2	1	EurAmr	1	100
URGCP	1	EurAmr	1	100
UROC1	2	EurAmr	2	100
UROS	1	EurAmr	1	100
USE1	1	EurAmr	1	100
USH1C	1	EurAmr	2	50
USH1G	1	EurAmr	1	100
USH2A	17	EurAmr	8	212.5
USHBP1	3	EurAmr	1	300
USMG5	1	EurAmr	1	100
USO1	2	EurAmr	1	200
USP11	2	EurAmr	1	200
USP12	1	EurAmr	1	100
USP13	1	EurAmr	1	100
USP14	1	EurAmr	1	100
USP15	3	EurAmr	2	150
USP16	2	EurAmr	1	200
USP17L2	3	EurAmr	1	300
USP19	4	EurAmr	1	400
USP2	2	EurAmr	1	200
USP20	2	EurAmr	2	100
USP21	2	EurAmr	1	200
USP24	4	EurAmr	2	200
USP25	2	EurAmr	1	200
USP28	1	EurAmr	2	50
USP30	1	EurAmr	1	100
USP31	2	EurAmr	2	100
USP32	5	EurAmr	1	500
USP33	2	EurAmr	1	200
USP34	1	EurAmr	2	50
USP35	3	EurAmr	3	100
USP36	2	EurAmr	2	100
USP38	1	EurAmr	1	100
USP4	2	EurAmr	1	200
USP40	1	EurAmr	1	100
USP41	2	EurAmr	1	200
USP42	1	EurAmr	2	50
USP43	1	EurAmr	1	100
USP45	2	EurAmr	1	200
USP46	1	EurAmr	1	100
USP5	1	EurAmr	2	50
USP50	1	EurAmr	1	100
USP53	1	EurAmr	1	100
USP54	1	EurAmr	1	100
USP6NL	2	EurAmr	1	200
USP7	2	EurAmr	1	200
USP8	3	EurAmr	5	60
USP9X	2	EurAmr	1	200
USPL1	2	EurAmr	1	200
UTF1	1	EurAmr	1	100
UTP11L	1	EurAmr	1	100
UTP14A	2	EurAmr	1	200
UTP14C	2	EurAmr	1	200
UTP20	1	EurAmr	2	50
UTP3	1	EurAmr	1	100
UTRN	3	EurAmr	3	100
UTS2B	1	EurAmr	1	100
UTS2R	1	EurAmr	2	50
UVRAG	3	EurAmr	2	150
UVSSA	1	EurAmr	1	100
UXS1	1	EurAmr	2	50
VAC14	3	EurAmr	3	100
VANGL1	1	EurAmr	1	100
VAPB	1	EurAmr	1	100
VARS	2	EurAmr	2	100
VAT1	1	EurAmr	1	100
VAV1	4	EurAmr	3	133.33333333333331
VCAM1	2	EurAmr	2	100
VCAN	6	EurAmr	4	150
VCL	1	EurAmr	2	50
VCPIP1	1	EurAmr	1	100
VCX2	1	EurAmr	1	100
VDAC1	1	EurAmr	1	100
VDR	1	EurAmr	1	100
VEPH1	4	EurAmr	2	200
VGLL1	1	EurAmr	1	100
VGLL2	1	EurAmr	2	50
VGLL3	1	EurAmr	1	100
VGLL4	1	EurAmr	1	100
VHLL	1	EurAmr	1	100
VIM	2	EurAmr	1	200
VIMP	1	EurAmr	1	100
VIPR2	2	EurAmr	1	200
VIT	3	EurAmr	1	300
VKORC1	2	EurAmr	1	200
VMO1	1	EurAmr	1	100
VMP1	1	EurAmr	1	100
VN1R2	2	EurAmr	1	200
VNN1	1	EurAmr	1	100
VNN3	2	EurAmr	1	200
VPRBP	3	EurAmr	1	300
VPREB1	1	EurAmr	1	100
VPREB3	1	EurAmr	1	100
VPS11	1	EurAmr	1	100
VPS13A	6	EurAmr	1	600
VPS13B	4	EurAmr	4	100
VPS13C	3	EurAmr	3	100
VPS13D	7	EurAmr	2	350
VPS18	2	EurAmr	1	200
VPS26A	1	EurAmr	1	100
VPS26B	3	EurAmr	1	300
VPS33B	1	EurAmr	1	100
VPS36	1	EurAmr	2	50
VPS37A	3	EurAmr	1	300
VPS37B	1	EurAmr	1	100
VPS37C	1	EurAmr	1	100
VPS39	2	EurAmr	1	200
VPS4B	1	EurAmr	1	100
VPS51	1	EurAmr	1	100
VPS52	1	EurAmr	1	100
VPS53	1	EurAmr	1	100
VPS8	1	EurAmr	1	100
VPS9D1	2	EurAmr	1	200
VRTN	1	EurAmr	1	100
VSIG2	1	EurAmr	1	100
VSNL1	1	EurAmr	2	50
VSTM2A	1	EurAmr	1	100
VTCN1	1	EurAmr	1	100
VTI1A	1	EurAmr	1	100
VTN	2	EurAmr	1	200
VWA3A	2	EurAmr	1	200
VWA3B	2	EurAmr	1	200
VWA5A	1	EurAmr	1	100
VWA7	3	EurAmr	2	150
VWA8	1	EurAmr	2	50
VWC2	1	EurAmr	2	50
VWCE	3	EurAmr	1	300
VWF	2	EurAmr	2	100
WAC	2	EurAmr	1	200
WAPAL	1	EurAmr	2	50
WARS	3	EurAmr	1	300
WASF1	1	EurAmr	1	100
WASF2	1	EurAmr	1	100
WASL	1	EurAmr	2	50
WBP11	1	EurAmr	1	100
WBP2	1	EurAmr	1	100
WBP2NL	1	EurAmr	1	100
WBP4	1	EurAmr	1	100
WDFY2	1	EurAmr	1	100
WDFY3	5	EurAmr	1	500
WDHD1	1	EurAmr	1	100
WDPCP	1	EurAmr	1	100
WDR1	3	EurAmr	1	300
WDR11	4	EurAmr	1	400
WDR17	1	EurAmr	4	25
WDR19	1	EurAmr	1	100
WDR24	2	EurAmr	1	200
WDR25	1	EurAmr	1	100
WDR26	2	EurAmr	1	200
WDR27	1	EurAmr	1	100
WDR3	2	EurAmr	3	66.66666666666666
WDR33	1	EurAmr	3	33.33333333333333
WDR34	1	EurAmr	1	100
WDR35	1	EurAmr	1	100
WDR37	1	EurAmr	2	50
WDR4	1	EurAmr	1	100
WDR41	1	EurAmr	1	100
WDR43	2	EurAmr	1	200
WDR46	1	EurAmr	1	100
WDR47	3	EurAmr	2	150
WDR48	3	EurAmr	3	100
WDR49	2	EurAmr	1	200
WDR5	1	EurAmr	1	100
WDR55	2	EurAmr	1	200
WDR5B	1	EurAmr	1	100
WDR6	2	EurAmr	2	100
WDR60	2	EurAmr	1	200
WDR61	1	EurAmr	1	100
WDR62	1	EurAmr	2	50
WDR63	1	EurAmr	2	50
WDR7	2	EurAmr	1	200
WDR70	1	EurAmr	1	100
WDR72	2	EurAmr	1	200
WDR73	2	EurAmr	1	200
WDR78	2	EurAmr	3	66.66666666666666
WDR83	1	EurAmr	2	50
WDR86	2	EurAmr	1	200
WDR88	1	EurAmr	1	100
WDR89	1	EurAmr	2	50
WDR90	2	EurAmr	2	100
WDTC1	1	EurAmr	1	100
WEE2	3	EurAmr	2	150
WFIKKN2	2	EurAmr	2	100
WFS1	5	EurAmr	1	500
WHAMM	1	EurAmr	1	100
WHSC1	1	EurAmr	1	100
WIF1	2	EurAmr	1	200
WIPF1	1	EurAmr	2	50
WIPF2	3	EurAmr	1	300
WIPI1	1	EurAmr	1	100
WIPI2	1	EurAmr	2	50
WISP2	1	EurAmr	1	100
WISP3	1	EurAmr	1	100
WIZ	2	EurAmr	1	200
WNK2	3	EurAmr	2	150
WNK4	4	EurAmr	2	200
WNT1	1	EurAmr	1	100
WNT10A	1	EurAmr	1	100
WNT11	1	EurAmr	1	100
WNT2	2	EurAmr	2	100
WNT3	1	EurAmr	1	100
WNT3A	1	EurAmr	4	25
WNT4	1	EurAmr	1	100
WNT5A	1	EurAmr	1	100
WNT5B	1	EurAmr	1	100
WNT6	1	EurAmr	2	50
WNT8A	1	EurAmr	1	100
WNT9A	1	EurAmr	1	100
WRAP73	1	EurAmr	1	100
WRNIP1	2	EurAmr	1	200
WSB2	2	EurAmr	2	100
WSCD2	1	EurAmr	1	100
WTIP	1	EurAmr	1	100
WWC1	5	EurAmr	2	250
WWC2	2	EurAmr	1	200
WWOX	1	EurAmr	1	100
WWP1	1	EurAmr	1	100
WWP2	2	EurAmr	2	100
WWTR1	2	EurAmr	1	200
XAB2	3	EurAmr	1	300
XCR1	2	EurAmr	2	100
XDH	6	EurAmr	2	300
XIRP1	4	EurAmr	2	200
XIRP2	9	EurAmr	4	225
XKR5	1	EurAmr	1	100
XKR6	2	EurAmr	1	200
XKR8	1	EurAmr	1	100
XKR9	3	EurAmr	1	300
XPC	3	EurAmr	2	150
XPO1	1	EurAmr	1	100
XPO4	1	EurAmr	1	100
XPO6	1	EurAmr	1	100
XPO7	2	EurAmr	2	100
XPOT	2	EurAmr	1	200
XPR1	4	EurAmr	1	400
XRCC1	1	EurAmr	1	100
XRCC5	2	EurAmr	1	200
XRCC6	1	EurAmr	1	100
XRCC6BP1	1	EurAmr	1	100
XRN1	1	EurAmr	1	100
XRN2	3	EurAmr	1	300
XRRA1	2	EurAmr	2	100
XXbac-BPG116M5.17	3	EurAmr	2	150
XXbac-BPG32J3.19	1	EurAmr	1	100
XXYLT1	1	EurAmr	2	50
XYLT1	3	EurAmr	4	75
XYLT2	2	EurAmr	1	200
YAP1	1	EurAmr	1	100
YBX2	1	EurAmr	1	100
YEATS2	2	EurAmr	1	200
YES1	1	EurAmr	1	100
YIF1A	1	EurAmr	1	100
YIPF1	1	EurAmr	1	100
YIPF2	2	EurAmr	1	200
YIPF3	2	EurAmr	1	200
YLPM1	2	EurAmr	2	100
YME1L1	1	EurAmr	1	100
YOD1	1	EurAmr	1	100
YRDC	1	EurAmr	1	100
YTHDC1	3	EurAmr	1	300
YTHDC2	2	EurAmr	1	200
YTHDF1	1	EurAmr	2	50
YWHAB	1	EurAmr	1	100
YWHAE	2	EurAmr	2	100
YWHAG	1	EurAmr	1	100
YY1AP1	3	EurAmr	2	150
ZADH2	1	EurAmr	1	100
ZAN	4	EurAmr	4	100
ZAP70	2	EurAmr	2	100
ZAR1	1	EurAmr	1	100
ZBBX	1	EurAmr	1	100
ZBED1	4	EurAmr	1	400
ZBED4	1	EurAmr	3	33.33333333333333
ZBED8	1	EurAmr	2	50
ZBED9	4	EurAmr	1	400
ZBTB1	1	EurAmr	1	100
ZBTB11	2	EurAmr	1	200
ZBTB14	1	EurAmr	1	100
ZBTB16	1	EurAmr	1	100
ZBTB18	1	EurAmr	1	100
ZBTB2	1	EurAmr	1	100
ZBTB20	6	EurAmr	1	600
ZBTB21	1	EurAmr	1	100
ZBTB22	2	EurAmr	2	100
ZBTB26	1	EurAmr	1	100
ZBTB34	1	EurAmr	1	100
ZBTB38	4	EurAmr	2	200
ZBTB39	3	EurAmr	1	300
ZBTB4	2	EurAmr	2	100
ZBTB40	2	EurAmr	1	200
ZBTB41	2	EurAmr	1	200
ZBTB44	2	EurAmr	1	200
ZBTB45	3	EurAmr	2	150
ZBTB46	2	EurAmr	1	200
ZBTB47	1	EurAmr	2	50
ZBTB5	1	EurAmr	1	100
ZBTB7B	1	EurAmr	1	100
ZBTB8A	1	EurAmr	1	100
ZC2HC1A	1	EurAmr	2	50
ZC3H10	1	EurAmr	1	100
ZC3H12A	2	EurAmr	2	100
ZC3H12B	2	EurAmr	1	200
ZC3H12C	2	EurAmr	2	100
ZC3H13	1	EurAmr	1	100
ZC3H14	3	EurAmr	1	300
ZC3H15	1	EurAmr	2	50
ZC3H18	6	EurAmr	2	300
ZC3H3	1	EurAmr	1	100
ZC3H4	3	EurAmr	1	300
ZC3H6	1	EurAmr	2	50
ZC3H7A	1	EurAmr	2	50
ZC3H7B	2	EurAmr	3	66.66666666666666
ZC3HAV1	2	EurAmr	1	200
ZC3HAV1L	1	EurAmr	1	100
ZC3HC1	1	EurAmr	1	100
ZCCHC11	3	EurAmr	3	100
ZCCHC14	2	EurAmr	1	200
ZCCHC24	1	EurAmr	1	100
ZCCHC3	1	EurAmr	1	100
ZCCHC4	2	EurAmr	2	100
ZCCHC5	1	EurAmr	2	50
ZCCHC6	2	EurAmr	1	200
ZCCHC8	3	EurAmr	1	300
ZCRB1	1	EurAmr	1	100
ZCWPW1	2	EurAmr	1	200
ZDBF2	4	EurAmr	4	100
ZDHHC1	3	EurAmr	1	300
ZDHHC17	1	EurAmr	1	100
ZDHHC2	1	EurAmr	1	100
ZDHHC22	2	EurAmr	1	200
ZDHHC24	1	EurAmr	1	100
ZDHHC4	1	EurAmr	1	100
ZDHHC5	1	EurAmr	1	100
ZDHHC6	1	EurAmr	1	100
ZDHHC7	1	EurAmr	1	100
ZDHHC8	1	EurAmr	1	100
ZEB1	2	EurAmr	2	100
ZEB2	3	EurAmr	2	150
ZER1	1	EurAmr	2	50
ZFAND1	1	EurAmr	1	100
ZFAND4	1	EurAmr	1	100
ZFAND5	1	EurAmr	1	100
ZFAT	3	EurAmr	1	300
ZFC3H1	7	EurAmr	2	350
ZFHX3	8	EurAmr	3	266.66666666666663
ZFHX4	7	EurAmr	7	100
ZFP14	1	EurAmr	1	100
ZFP2	1	EurAmr	1	100
ZFP28	1	EurAmr	1	100
ZFP3	1	EurAmr	1	100
ZFP36L2	2	EurAmr	1	200
ZFP41	1	EurAmr	1	100
ZFP42	1	EurAmr	2	50
ZFP57	2	EurAmr	2	100
ZFP64	3	EurAmr	2	150
ZFP69	1	EurAmr	1	100
ZFP82	1	EurAmr	1	100
ZFP91	2	EurAmr	2	100
ZFPL1	1	EurAmr	1	100
ZFPM1	2	EurAmr	1	200
ZFPM2	1	EurAmr	3	33.33333333333333
ZFR	1	EurAmr	2	50
ZFR2	1	EurAmr	1	100
ZFX	1	EurAmr	1	100
ZFYVE16	4	EurAmr	1	400
ZFYVE26	1	EurAmr	4	25
ZFYVE9	1	EurAmr	1	100
ZG16B	1	EurAmr	1	100
ZGRF1	3	EurAmr	1	300
ZHX1-C8orf76	1	EurAmr	1	100
ZHX2	3	EurAmr	1	300
ZHX3	2	EurAmr	1	200
ZIC1	1	EurAmr	2	50
ZIC4	1	EurAmr	1	100
ZIC5	2	EurAmr	2	100
ZIK1	1	EurAmr	1	100
ZIM3	1	EurAmr	1	100
ZKSCAN2	4	EurAmr	2	200
ZKSCAN4	4	EurAmr	1	400
ZKSCAN5	2	EurAmr	1	200
ZKSCAN7	2	EurAmr	2	100
ZMAT1	2	EurAmr	1	200
ZMAT3	3	EurAmr	1	300
ZMIZ1	1	EurAmr	1	100
ZMIZ2	2	EurAmr	3	66.66666666666666
ZMPSTE24	1	EurAmr	1	100
ZMYM1	2	EurAmr	1	200
ZMYM2	2	EurAmr	1	200
ZMYM3	1	EurAmr	4	25
ZMYM4	1	EurAmr	1	100
ZMYM5	1	EurAmr	1	100
ZMYND10	1	EurAmr	1	100
ZMYND11	1	EurAmr	1	100
ZMYND15	1	EurAmr	1	100
ZMYND19	1	EurAmr	1	100
ZMYND8	4	EurAmr	3	133.33333333333331
ZNF10	1	EurAmr	1	100
ZNF100	2	EurAmr	1	200
ZNF101	1	EurAmr	1	100
ZNF106	3	EurAmr	2	150
ZNF107	1	EurAmr	1	100
ZNF112	1	EurAmr	1	100
ZNF114	1	EurAmr	4	25
ZNF117	1	EurAmr	1	100
ZNF124	2	EurAmr	1	200
ZNF131	2	EurAmr	1	200
ZNF132	2	EurAmr	1	200
ZNF133	3	EurAmr	1	300
ZNF134	1	EurAmr	1	100
ZNF14	1	EurAmr	1	100
ZNF141	2	EurAmr	3	66.66666666666666
ZNF142	2	EurAmr	2	100
ZNF155	1	EurAmr	1	100
ZNF16	1	EurAmr	1	100
ZNF160	1	EurAmr	1	100
ZNF165	1	EurAmr	1	100
ZNF17	1	EurAmr	2	50
ZNF175	1	EurAmr	3	33.33333333333333
ZNF180	1	EurAmr	2	50
ZNF184	5	EurAmr	2	250
ZNF189	2	EurAmr	1	200
ZNF19	2	EurAmr	1	200
ZNF195	4	EurAmr	1	400
ZNF2	1	EurAmr	1	100
ZNF202	2	EurAmr	1	200
ZNF205	1	EurAmr	1	100
ZNF207	1	EurAmr	1	100
ZNF208	3	EurAmr	2	150
ZNF211	1	EurAmr	2	50
ZNF213	2	EurAmr	1	200
ZNF217	4	EurAmr	1	400
ZNF219	1	EurAmr	1	100
ZNF221	2	EurAmr	1	200
ZNF224	1	EurAmr	2	50
ZNF225	4	EurAmr	1	400
ZNF226	1	EurAmr	1	100
ZNF227	1	EurAmr	1	100
ZNF229	1	EurAmr	1	100
ZNF230	2	EurAmr	1	200
ZNF233	1	EurAmr	1	100
ZNF234	2	EurAmr	1	200
ZNF235	2	EurAmr	1	200
ZNF236	3	EurAmr	1	300
ZNF239	2	EurAmr	1	200
ZNF24	2	EurAmr	1	200
ZNF250	1	EurAmr	1	100
ZNF257	1	EurAmr	1	100
ZNF260	1	EurAmr	1	100
ZNF263	2	EurAmr	1	200
ZNF264	3	EurAmr	1	300
ZNF267	4	EurAmr	2	200
ZNF268	2	EurAmr	1	200
ZNF273	2	EurAmr	1	200
ZNF274	2	EurAmr	2	100
ZNF277	2	EurAmr	1	200
ZNF28	2	EurAmr	4	50
ZNF280A	1	EurAmr	3	33.33333333333333
ZNF280D	3	EurAmr	2	150
ZNF281	2	EurAmr	1	200
ZNF282	2	EurAmr	1	200
ZNF286A	1	EurAmr	1	100
ZNF287	2	EurAmr	1	200
ZNF292	3	EurAmr	2	150
ZNF296	1	EurAmr	1	100
ZNF3	3	EurAmr	2	150
ZNF300	2	EurAmr	1	200
ZNF304	3	EurAmr	2	150
ZNF311	1	EurAmr	1	100
ZNF317	1	EurAmr	2	50
ZNF318	6	EurAmr	2	300
ZNF319	1	EurAmr	1	100
ZNF32	1	EurAmr	1	100
ZNF320	1	EurAmr	2	50
ZNF324	1	EurAmr	1	100
ZNF326	1	EurAmr	1	100
ZNF329	3	EurAmr	1	300
ZNF331	2	EurAmr	2	100
ZNF334	1	EurAmr	2	50
ZNF335	3	EurAmr	1	300
ZNF337	2	EurAmr	1	200
ZNF33A	2	EurAmr	1	200
ZNF33B	1	EurAmr	1	100
ZNF34	1	EurAmr	1	100
ZNF341	1	EurAmr	1	100
ZNF346	1	EurAmr	1	100
ZNF347	1	EurAmr	1	100
ZNF350	1	EurAmr	1	100
ZNF354A	2	EurAmr	2	100
ZNF354B	2	EurAmr	1	200
ZNF358	2	EurAmr	1	200
ZNF365	1	EurAmr	2	50
ZNF366	1	EurAmr	1	100
ZNF37A	3	EurAmr	1	300
ZNF382	1	EurAmr	2	50
ZNF383	1	EurAmr	1	100
ZNF385B	1	EurAmr	2	50
ZNF385D	2	EurAmr	2	100
ZNF394	1	EurAmr	1	100
ZNF395	1	EurAmr	1	100
ZNF398	2	EurAmr	1	200
ZNF407	2	EurAmr	2	100
ZNF408	1	EurAmr	1	100
ZNF41	2	EurAmr	1	200
ZNF416	1	EurAmr	1	100
ZNF417	2	EurAmr	1	200
ZNF420	1	EurAmr	1	100
ZNF423	2	EurAmr	3	66.66666666666666
ZNF425	3	EurAmr	1	300
ZNF426	1	EurAmr	1	100
ZNF429	2	EurAmr	1	200
ZNF430	3	EurAmr	1	300
ZNF438	1	EurAmr	1	100
ZNF440	1	EurAmr	1	100
ZNF441	1	EurAmr	2	50
ZNF443	2	EurAmr	1	200
ZNF444	1	EurAmr	1	100
ZNF445	2	EurAmr	1	200
ZNF45	1	EurAmr	2	50
ZNF451	2	EurAmr	2	100
ZNF460	1	EurAmr	1	100
ZNF462	5	EurAmr	2	250
ZNF467	1	EurAmr	1	100
ZNF470	4	EurAmr	3	133.33333333333331
ZNF471	2	EurAmr	2	100
ZNF473	3	EurAmr	2	150
ZNF474	1	EurAmr	1	100
ZNF479	2	EurAmr	1	200
ZNF480	1	EurAmr	2	50
ZNF484	2	EurAmr	2	100
ZNF485	1	EurAmr	1	100
ZNF488	1	EurAmr	1	100
ZNF490	2	EurAmr	1	200
ZNF491	1	EurAmr	1	100
ZNF492	1	EurAmr	1	100
ZNF493	1	EurAmr	2	50
ZNF496	2	EurAmr	2	100
ZNF497	1	EurAmr	1	100
ZNF501	1	EurAmr	1	100
ZNF502	1	EurAmr	1	100
ZNF510	1	EurAmr	1	100
ZNF512B	4	EurAmr	1	400
ZNF514	1	EurAmr	2	50
ZNF516	4	EurAmr	2	200
ZNF517	1	EurAmr	2	50
ZNF518A	1	EurAmr	1	100
ZNF518B	1	EurAmr	1	100
ZNF519	1	EurAmr	1	100
ZNF521	4	EurAmr	2	200
ZNF524	2	EurAmr	1	200
ZNF526	1	EurAmr	1	100
ZNF527	1	EurAmr	1	100
ZNF528	2	EurAmr	2	100
ZNF530	1	EurAmr	1	100
ZNF532	4	EurAmr	2	200
ZNF534	1	EurAmr	1	100
ZNF536	4	EurAmr	3	133.33333333333331
ZNF540	1	EurAmr	1	100
ZNF543	3	EurAmr	1	300
ZNF544	2	EurAmr	1	200
ZNF546	3	EurAmr	3	100
ZNF548	3	EurAmr	1	300
ZNF550	2	EurAmr	1	200
ZNF551	1	EurAmr	1	100
ZNF552	1	EurAmr	1	100
ZNF554	1	EurAmr	1	100
ZNF555	1	EurAmr	1	100
ZNF556	1	EurAmr	2	50
ZNF557	2	EurAmr	1	200
ZNF558	1	EurAmr	1	100
ZNF559	2	EurAmr	1	200
ZNF559-ZNF177	1	EurAmr	1	100
ZNF561	1	EurAmr	2	50
ZNF564	1	EurAmr	1	100
ZNF565	1	EurAmr	1	100
ZNF568	5	EurAmr	1	500
ZNF570	1	EurAmr	1	100
ZNF573	2	EurAmr	1	200
ZNF574	3	EurAmr	1	300
ZNF577	2	EurAmr	2	100
ZNF578	1	EurAmr	1	100
ZNF583	1	EurAmr	1	100
ZNF585A	1	EurAmr	4	25
ZNF585B	2	EurAmr	3	66.66666666666666
ZNF586	1	EurAmr	1	100
ZNF592	2	EurAmr	1	200
ZNF595	1	EurAmr	1	100
ZNF596	2	EurAmr	1	200
ZNF598	3	EurAmr	1	300
ZNF600	1	EurAmr	1	100
ZNF605	2	EurAmr	2	100
ZNF606	4	EurAmr	3	133.33333333333331
ZNF607	2	EurAmr	1	200
ZNF608	1	EurAmr	1	100
ZNF609	1	EurAmr	1	100
ZNF611	1	EurAmr	3	33.33333333333333
ZNF613	2	EurAmr	2	100
ZNF614	2	EurAmr	1	200
ZNF615	2	EurAmr	2	100
ZNF616	2	EurAmr	2	100
ZNF619	4	EurAmr	2	200
ZNF620	1	EurAmr	1	100
ZNF621	1	EurAmr	1	100
ZNF624	1	EurAmr	1	100
ZNF625	1	EurAmr	1	100
ZNF626	2	EurAmr	1	200
ZNF627	2	EurAmr	1	200
ZNF628	6	EurAmr	2	300
ZNF629	1	EurAmr	1	100
ZNF638	1	EurAmr	2	50
ZNF639	1	EurAmr	1	100
ZNF641	2	EurAmr	1	200
ZNF644	2	EurAmr	1	200
ZNF646	3	EurAmr	2	150
ZNF648	2	EurAmr	2	100
ZNF649	2	EurAmr	1	200
ZNF652	3	EurAmr	1	300
ZNF654	1	EurAmr	1	100
ZNF655	1	EurAmr	1	100
ZNF658	3	EurAmr	3	100
ZNF660	1	EurAmr	1	100
ZNF662	2	EurAmr	2	100
ZNF664	1	EurAmr	1	100
ZNF665	3	EurAmr	1	300
ZNF667	1	EurAmr	2	50
ZNF668	1	EurAmr	1	100
ZNF671	3	EurAmr	2	150
ZNF672	1	EurAmr	1	100
ZNF675	2	EurAmr	2	100
ZNF676	1	EurAmr	1	100
ZNF677	3	EurAmr	1	300
ZNF678	1	EurAmr	1	100
ZNF679	1	EurAmr	1	100
ZNF681	1	EurAmr	4	25
ZNF683	1	EurAmr	1	100
ZNF687	3	EurAmr	1	300
ZNF695	1	EurAmr	1	100
ZNF696	1	EurAmr	1	100
ZNF697	1	EurAmr	1	100
ZNF699	1	EurAmr	1	100
ZNF70	1	EurAmr	2	50
ZNF700	1	EurAmr	2	50
ZNF701	1	EurAmr	1	100
ZNF704	1	EurAmr	1	100
ZNF707	1	EurAmr	2	50
ZNF708	4	EurAmr	1	400
ZNF709	1	EurAmr	2	50
ZNF71	2	EurAmr	2	100
ZNF716	1	EurAmr	2	50
ZNF718	1	EurAmr	2	50
ZNF724P	1	EurAmr	1	100
ZNF730	2	EurAmr	2	100
ZNF732	2	EurAmr	1	200
ZNF735	2	EurAmr	1	200
ZNF749	1	EurAmr	1	100
ZNF750	2	EurAmr	2	100
ZNF76	2	EurAmr	1	200
ZNF761	1	EurAmr	2	50
ZNF764	1	EurAmr	1	100
ZNF765	1	EurAmr	1	100
ZNF768	2	EurAmr	1	200
ZNF77	1	EurAmr	1	100
ZNF770	2	EurAmr	1	200
ZNF772	1	EurAmr	2	50
ZNF773	2	EurAmr	3	66.66666666666666
ZNF777	2	EurAmr	3	66.66666666666666
ZNF780A	1	EurAmr	1	100
ZNF780B	1	EurAmr	2	50
ZNF782	3	EurAmr	1	300
ZNF785	1	EurAmr	1	100
ZNF786	1	EurAmr	1	100
ZNF787	3	EurAmr	2	150
ZNF79	1	EurAmr	1	100
ZNF790	2	EurAmr	2	100
ZNF791	2	EurAmr	1	200
ZNF792	1	EurAmr	1	100
ZNF793	1	EurAmr	1	100
ZNF80	1	EurAmr	1	100
ZNF800	3	EurAmr	1	300
ZNF804A	2	EurAmr	3	66.66666666666666
ZNF804B	1	EurAmr	1	100
ZNF805	2	EurAmr	1	200
ZNF808	3	EurAmr	1	300
ZNF81	1	EurAmr	1	100
ZNF813	1	EurAmr	1	100
ZNF814	1	EurAmr	2	50
ZNF816	2	EurAmr	1	200
ZNF823	1	EurAmr	2	50
ZNF827	1	EurAmr	1	100
ZNF829	2	EurAmr	1	200
ZNF83	1	EurAmr	1	100
ZNF831	7	EurAmr	2	350
ZNF835	3	EurAmr	3	100
ZNF836	2	EurAmr	1	200
ZNF837	1	EurAmr	1	100
ZNF839	1	EurAmr	1	100
ZNF84	1	EurAmr	1	100
ZNF841	1	EurAmr	1	100
ZNF845	4	EurAmr	2	200
ZNF846	1	EurAmr	1	100
ZNF85	3	EurAmr	2	150
ZNF850	1	EurAmr	1	100
ZNF852	1	EurAmr	1	100
ZNF860	2	EurAmr	1	200
ZNF862	2	EurAmr	1	200
ZNF878	1	EurAmr	1	100
ZNF880	1	EurAmr	1	100
ZNF90	1	EurAmr	1	100
ZNF91	3	EurAmr	1	300
ZNF98	1	EurAmr	1	100
ZNFX1	1	EurAmr	2	50
ZNHIT6	1	EurAmr	1	100
ZNRF1	1	EurAmr	1	100
ZNRF4	1	EurAmr	3	33.33333333333333
ZP4	2	EurAmr	1	200
ZPBP2	1	EurAmr	1	100
ZRSR1	1	EurAmr	1	100
ZRSR2	1	EurAmr	1	100
ZSCAN1	1	EurAmr	2	50
ZSCAN10	2	EurAmr	2	100
ZSCAN12	2	EurAmr	1	200
ZSCAN18	1	EurAmr	4	25
ZSCAN21	1	EurAmr	1	100
ZSCAN22	1	EurAmr	1	100
ZSCAN23	1	EurAmr	1	100
ZSCAN25	1	EurAmr	2	50
ZSCAN26	1	EurAmr	1	100
ZSCAN29	1	EurAmr	1	100
ZSCAN31	1	EurAmr	1	100
ZSCAN4	1	EurAmr	1	100
ZSCAN5B	1	EurAmr	3	33.33333333333333
ZSCAN9	1	EurAmr	1	100
ZSWIM2	1	EurAmr	1	100
ZSWIM4	1	EurAmr	2	50
ZSWIM5	3	EurAmr	1	300
ZSWIM8	1	EurAmr	1	100
ZUFSP	2	EurAmr	1	200
ZW10	1	EurAmr	1	100
ZWILCH	1	EurAmr	2	50
ZWINT	1	EurAmr	1	100
ZXDB	1	EurAmr	3	33.33333333333333
ZXDC	1	EurAmr	1	100
ZYG11B	2	EurAmr	2	100
ZYX	1	EurAmr	1	100
ZZEF1	5	EurAmr	1	500
ZZZ3	4	EurAmr	1	400
ANKRD27	1	EurAmr	1	100
CDCA8	1	EurAmr	2	50
CDH20	1	EurAmr	3	33.33333333333333
CERS2	1	EurAmr	2	50
CTNND1	1	EurAmr	3	33.33333333333333
CYP11A1	1	EurAmr	1	100
DEK	1	EurAmr	2	50
DIRAS3	1	EurAmr	1	100
EIF4E1B	1	EurAmr	1	100
EPHA10	1	EurAmr	2	50
ERICH5	1	EurAmr	1	100
FBN3	1	EurAmr	7	14.285714285714285
FOXF1	1	EurAmr	3	33.33333333333333
FUT1	1	EurAmr	1	100
GLI2	1	EurAmr	4	25
GPR132	1	EurAmr	2	50
GRIN2A	1	EurAmr	3	33.33333333333333
HIST1H2BC	1	EurAmr	1	100
IGHG4	1	EurAmr	1	100
KCNA5	1	EurAmr	5	20
KIF24	1	EurAmr	4	25
KRAS	1	EurAmr	118	0.847457627118644
KRT17	1	EurAmr	2	50
MTUS2	1	EurAmr	6	16.666666666666664
NAT10	1	EurAmr	2	50
NTF4	1	EurAmr	1	100
OR2F1	1	EurAmr	2	50
OR2T3	1	EurAmr	2	50
OR4C6	1	EurAmr	2	50
PCSK2	1	EurAmr	2	50
RELB	1	EurAmr	1	100
ROBO3	1	EurAmr	4	25
SLC26A1	1	EurAmr	1	100
TMEM108	1	EurAmr	2	50
TP53	1	EurAmr	80	1.25
TRPM6	1	EurAmr	4	25
TRPS1	1	EurAmr	5	20
ZNF304	1	EurAmr	2	50
ZSCAN18	1	EurAmr	4	25
ABCC9	1	EurAmr	4	25
ACAN	1	EurAmr	3	33.33333333333333
AFF2	1	EurAmr	5	20
BTNL9	1	EurAmr	2	50
CAPRIN1	1	EurAmr	2	50
ENDOD1	1	EurAmr	1	100
EP300	1	EurAmr	4	25
ETV3L	1	EurAmr	2	50
FBLN2	1	EurAmr	4	25
FBXO15	1	EurAmr	2	50
FCER1A	1	EurAmr	2	50
FCN2	1	EurAmr	2	50
GPRIN1	1	EurAmr	1	100
HECW1	1	EurAmr	5	20
HIPK3	1	EurAmr	3	33.33333333333333
HR	1	EurAmr	3	33.33333333333333
KIR3DL3	1	EurAmr	3	33.33333333333333
KRAS	1	EurAmr	118	0.847457627118644
KRBOX4	1	EurAmr	1	100
MRVI1	1	EurAmr	2	50
NCAM1	1	EurAmr	2	50
NGF	1	EurAmr	3	33.33333333333333
NIN	1	EurAmr	2	50
NRSN1	1	EurAmr	1	100
OSBPL9	3	EurAmr	2	150
PACSIN3	1	EurAmr	1	100
PARD3B	1	EurAmr	2	50
PCLO	1	EurAmr	4	25
PLXNB3	1	EurAmr	2	50
PRUNE2	1	EurAmr	3	33.33333333333333
PSMC2	1	EurAmr	2	50
SEC16B	1	EurAmr	2	50
SH2D4A	1	EurAmr	1	100
SLCO1C1	1	EurAmr	3	33.33333333333333
SNAP29	1	EurAmr	2	50
SPTA1	1	EurAmr	5	20
SSPO	1	EurAmr	5	20
STON1-GTF2A1L	1	EurAmr	1	100
TAF1	1	EurAmr	2	50
TGFBR2	1	EurAmr	6	16.666666666666664
THEMIS	1	EurAmr	2	50
TLL2	1	EurAmr	3	33.33333333333333
TLN1	1	EurAmr	3	33.33333333333333
TRIM26	1	EurAmr	2	50
TXNDC15	1	EurAmr	1	100
XXbac-BPG116M5.17	1	EurAmr	2	50
ZFP91	1	EurAmr	2	50
ZNF292	1	EurAmr	2	50
ZSWIM3	1	EurAmr	1	100
ABCB1	1	EurAmr	5	20
ADGRV1	1	EurAmr	2	50
ALDH16A1	1	EurAmr	2	50
ANKHD1-EIF4EBP3	1	EurAmr	2	50
ANXA7	1	EurAmr	1	100
ARMCX1	1	EurAmr	1	100
BCL11B	1	EurAmr	2	50
CDH11	1	EurAmr	5	20
CEACAM3	1	EurAmr	2	50
CIC	1	EurAmr	3	33.33333333333333
CNTD2	1	EurAmr	1	100
COL22A1	1	EurAmr	6	16.666666666666664
COL5A1	1	EurAmr	7	14.285714285714285
CWH43	1	EurAmr	2	50
CYP4F22	1	EurAmr	2	50
DAB2	1	EurAmr	2	50
FAT1	1	EurAmr	5	20
FBN3	1	EurAmr	7	14.285714285714285
FLRT2	1	EurAmr	3	33.33333333333333
FOXG1	1	EurAmr	3	33.33333333333333
FUS	1	EurAmr	2	50
GPRC5B	1	EurAmr	3	33.33333333333333
HMMR	1	EurAmr	2	50
INSR	1	EurAmr	2	50
KHDRBS3	1	EurAmr	1	100
KRAS	1	EurAmr	118	0.847457627118644
LAMA3	2	EurAmr	2	100
LMX1B	1	EurAmr	2	50
LYZL4	1	EurAmr	1	100
MROH7	1	EurAmr	3	33.33333333333333
MUC16	1	EurAmr	15	6.666666666666667
NBPF15	1	EurAmr	1	100
NFRKB	1	EurAmr	1	100
NUAK1	1	EurAmr	3	33.33333333333333
PDE10A	1	EurAmr	4	25
PIK3CG	1	EurAmr	4	25
PLEKHA3	1	EurAmr	1	100
PLEKHH1	1	EurAmr	2	50
QARS	1	EurAmr	1	100
SBF2	1	EurAmr	2	50
SEZ6L2	1	EurAmr	2	50
SLC12A6	1	EurAmr	2	50
SLC18A2	1	EurAmr	2	50
SLC30A1	1	EurAmr	2	50
SMAD4	1	EurAmr	27	3.7037037037037033
SORCS3	1	EurAmr	2	50
SP140L	1	EurAmr	2	50
SUGT1	1	EurAmr	1	100
TNXB	1	EurAmr	5	20
TP53	1	EurAmr	80	1.25
TTN	1	EurAmr	24	4.166666666666666
ZMIZ2	1	EurAmr	3	33.33333333333333
ZNF675	1	EurAmr	2	50
ZNF99	1	EurAmr	3	33.33333333333333
C5AR2	1	EurAmr	2	50
CLVS1	1	EurAmr	2	50
CTSB	1	EurAmr	2	50
DGKB	1	EurAmr	2	50
DLGAP4	1	EurAmr	3	33.33333333333333
FAM117B	1	EurAmr	1	100
FAM179B	1	EurAmr	3	33.33333333333333
FLG	1	EurAmr	7	14.285714285714285
FOXJ2	1	EurAmr	2	50
GLI3	2	EurAmr	8	25
KRAS	1	EurAmr	118	0.847457627118644
KRT31	1	EurAmr	2	50
LRCH3	1	EurAmr	3	33.33333333333333
MBOAT7	1	EurAmr	1	100
OR10K2	1	EurAmr	2	50
PES1	1	EurAmr	3	33.33333333333333
RRAGC	1	EurAmr	1	100
SEMG2	1	EurAmr	1	100
SSMEM1	1	EurAmr	2	50
TAF5L	1	EurAmr	3	33.33333333333333
TFB2M	1	EurAmr	2	50
TP53	1	EurAmr	80	1.25
TTC3	1	EurAmr	2	50
UNC13A	1	EurAmr	2	50
VAC14	1	EurAmr	3	33.33333333333333
ZYG11B	1	EurAmr	2	50
ADAMTS18	1	EurAmr	4	25
ADAMTSL4	1	EurAmr	5	20
AMPD1	1	EurAmr	3	33.33333333333333
ASH2L	1	EurAmr	2	50
BOD1L1	1	EurAmr	2	50
CACNA2D2	1	EurAmr	1	100
CADM3	1	EurAmr	1	100
CCRN4L	1	EurAmr	1	100
CDH20	1	EurAmr	3	33.33333333333333
CEMIP	1	EurAmr	3	33.33333333333333
CXCR4	1	EurAmr	3	33.33333333333333
CYP4F22	1	EurAmr	2	50
DRG2	1	EurAmr	2	50
FOXQ1	1	EurAmr	2	50
GGT1	1	EurAmr	2	50
GOLGA2	1	EurAmr	2	50
GPR182	1	EurAmr	2	50
GRIN2D	1	EurAmr	3	33.33333333333333
H6PD	1	EurAmr	2	50
HSP90AA1	1	EurAmr	3	33.33333333333333
IGSF9	1	EurAmr	2	50
KRAS	1	EurAmr	118	0.847457627118644
MAP4K4	1	EurAmr	2	50
MUC16	1	EurAmr	15	6.666666666666667
MYOZ1	2	EurAmr	1	200
NF1	1	EurAmr	4	25
OR10Q1	1	EurAmr	2	50
PAPPA2	1	EurAmr	3	33.33333333333333
PCDHB13	1	EurAmr	4	25
PKN3	1	EurAmr	2	50
PLA2G4E	1	EurAmr	2	50
PRKG1	1	EurAmr	1	100
QTRTD1	1	EurAmr	1	100
RGS22	1	EurAmr	2	50
RSF1	1	EurAmr	1	100
SECISBP2L	1	EurAmr	2	50
SLC28A1	1	EurAmr	2	50
SLC52A1	1	EurAmr	2	50
SMAD4	1	EurAmr	27	3.7037037037037033
SPAM1	1	EurAmr	1	100
ST8SIA2	1	EurAmr	1	100
SYNPO2	1	EurAmr	3	33.33333333333333
TEPP	1	EurAmr	1	100
TRPS1	1	EurAmr	5	20
TSHZ2	1	EurAmr	6	16.666666666666664
WHSC1L1	1	EurAmr	2	50
ZAN	1	EurAmr	4	25
AURKA	1	EurAmr	2	50
CACNA1G	1	EurAmr	2	50
DOPEY2	1	EurAmr	4	25
DSCAML1	1	EurAmr	6	16.666666666666664
EFTUD2	1	EurAmr	4	25
FAM208B	1	EurAmr	3	33.33333333333333
FBXO47	1	EurAmr	3	33.33333333333333
FLNA	1	EurAmr	5	20
GDPD5	1	EurAmr	2	50
GJB1	1	EurAmr	1	100
GRIN2B	1	EurAmr	4	25
ITIH6	1	EurAmr	2	50
KMT2D	1	EurAmr	6	16.666666666666664
KRTAP6-2	1	EurAmr	1	100
LRFN2	1	EurAmr	2	50
MICAL2	1	EurAmr	2	50
MYO10	1	EurAmr	3	33.33333333333333
NLRP8	1	EurAmr	4	25
NRDE2	1	EurAmr	2	50
NTRK1	1	EurAmr	3	33.33333333333333
PCDHB1	1	EurAmr	2	50
PCDHGA7	1	EurAmr	2	50
PPEF1	1	EurAmr	2	50
PRKRA	1	EurAmr	1	100
SCN9A	1	EurAmr	5	20
SDK1	1	EurAmr	7	14.285714285714285
SMAD4	1	EurAmr	27	3.7037037037037033
SPACA3	1	EurAmr	2	50
SYNE1	1	EurAmr	6	16.666666666666664
TENM3	1	EurAmr	6	16.666666666666664
TNC	1	EurAmr	4	25
TP53	1	EurAmr	80	1.25
TUBA1C	1	EurAmr	2	50
USP15	1	EurAmr	2	50
WWC1	1	EurAmr	2	50
XYLT1	1	EurAmr	4	25
YJEFN3	1	EurAmr	1	100
ZNF486	1	EurAmr	1	100
ACSS3	1	EurAmr	4	25
AGBL2	1	EurAmr	3	33.33333333333333
AMPD3	1	EurAmr	2	50
C4orf22	1	EurAmr	2	50
CDC45	1	EurAmr	1	100
CFTR	1	EurAmr	2	50
CNTN5	1	EurAmr	2	50
COPE	1	EurAmr	1	100
CSGALNACT1	1	EurAmr	2	50
CYB5R3	1	EurAmr	3	33.33333333333333
DAGLB	1	EurAmr	2	50
DCSTAMP	1	EurAmr	2	50
DOCK3	1	EurAmr	3	33.33333333333333
DOCK4	1	EurAmr	3	33.33333333333333
DYNC2H1	1	EurAmr	3	33.33333333333333
FAT4	1	EurAmr	5	20
GPRC5A	1	EurAmr	1	100
IVNS1ABP	1	EurAmr	2	50
KCNQ2	1	EurAmr	2	50
KRAS	1	EurAmr	118	0.847457627118644
KRT37	1	EurAmr	2	50
LRP11	1	EurAmr	1	100
LRP1B	1	EurAmr	6	16.666666666666664
LRP2	1	EurAmr	4	25
MPRIP	1	EurAmr	1	100
NUDT14	1	EurAmr	1	100
OR4C6	1	EurAmr	2	50
PNLIP	1	EurAmr	2	50
PPFIA4	1	EurAmr	2	50
PXT1	1	EurAmr	1	100
RAB6A	1	EurAmr	1	100
SAMD9L	1	EurAmr	3	33.33333333333333
SULT1C2	1	EurAmr	1	100
SVEP1	1	EurAmr	4	25
TMEM18	1	EurAmr	1	100
TMX1	1	EurAmr	1	100
TP53	1	EurAmr	80	1.25
TRPM4	1	EurAmr	3	33.33333333333333
UBQLN2	1	EurAmr	1	100
WASL	1	EurAmr	2	50
ZMYND8	1	EurAmr	3	33.33333333333333
ZNF142	1	EurAmr	2	50
ZNF493	1	EurAmr	2	50
ZNF517	1	EurAmr	2	50
ENKD1	1	EurAmr	1	100
GALNT16	1	EurAmr	1	100
LRP1	1	EurAmr	6	16.666666666666664
MAGEA3	1	EurAmr	2	50
ADGRB1	1	EurAmr	2	50
CAMTA1	1	EurAmr	2	50
CCDC70	1	EurAmr	1	100
CHAT	1	EurAmr	3	33.33333333333333
CSH2	1	EurAmr	1	100
HSD17B2	1	EurAmr	2	50
HSP90B1	1	EurAmr	3	33.33333333333333
KNDC1	1	EurAmr	3	33.33333333333333
NUFIP2	1	EurAmr	1	100
P2RY8	1	EurAmr	3	33.33333333333333
RNF213	1	EurAmr	10	10
SBK1	1	EurAmr	2	50
SLC7A3	1	EurAmr	1	100
TGM5	1	EurAmr	4	25
TNN	1	EurAmr	3	33.33333333333333
TRPM3	1	EurAmr	2	50
ACP6	1	EurAmr	1	100
ATM	1	EurAmr	5	20
ATP1A3	1	EurAmr	3	33.33333333333333
BIRC7	1	EurAmr	1	100
BTBD11	1	EurAmr	6	16.666666666666664
C16orf62	1	EurAmr	2	50
CACNA1B	1	EurAmr	7	14.285714285714285
CALN1	1	EurAmr	2	50
CEP85	1	EurAmr	1	100
CLEC4F	1	EurAmr	2	50
CNTNAP5	1	EurAmr	3	33.33333333333333
CPPED1	1	EurAmr	1	100
DHX15	1	EurAmr	2	50
ELF3	1	EurAmr	2	50
ENDOG	1	EurAmr	1	100
EPHA8	1	EurAmr	5	20
ERBB2	1	EurAmr	2	50
FLG	1	EurAmr	7	14.285714285714285
GABRB2	1	EurAmr	2	50
GABRD	1	EurAmr	3	33.33333333333333
HMCN1	1	EurAmr	7	14.285714285714285
HOXC10	1	EurAmr	1	100
IRF4	1	EurAmr	2	50
KCTD8	1	EurAmr	1	100
KIAA0586	1	EurAmr	3	33.33333333333333
KRAS	1	EurAmr	118	0.847457627118644
MMS19	1	EurAmr	2	50
MUC1	1	EurAmr	3	33.33333333333333
NOL4L	1	EurAmr	1	100
NRXN3	1	EurAmr	5	20
PCDHGA1	1	EurAmr	3	33.33333333333333
PCDHGA9	1	EurAmr	2	50
PTPN12	3	EurAmr	4	75
RGPD8	1	EurAmr	2	50
RNF43	1	EurAmr	9	11.11111111111111
SCN5A	1	EurAmr	9	11.11111111111111
SERINC2	1	EurAmr	2	50
SERPINA7	1	EurAmr	2	50
SPDYE4	1	EurAmr	1	100
TP53	1	EurAmr	80	1.25
UNC50	1	EurAmr	3	33.33333333333333
USP20	1	EurAmr	2	50
VWA1	1	EurAmr	1	100
WNK2	1	EurAmr	2	50
ZFC3H1	1	EurAmr	2	50
ZNRF4	1	EurAmr	3	33.33333333333333
ADAMTS15	1	EurAmr	3	33.33333333333333
APBB1	1	EurAmr	2	50
APMAP	1	EurAmr	1	100
ATMIN	1	EurAmr	2	50
CCDC62	1	EurAmr	2	50
CELSR3	1	EurAmr	5	20
CFAP44	1	EurAmr	2	50
CSMD2	1	EurAmr	8	12.5
DHX30	1	EurAmr	3	33.33333333333333
DNMT3A	1	EurAmr	5	20
DYNC1H1	1	EurAmr	2	50
EFTUD1	1	EurAmr	2	50
EPS8L2	1	EurAmr	2	50
FAM71B	1	EurAmr	5	20
FAT3	1	EurAmr	8	12.5
FBXW5	1	EurAmr	2	50
FNDC8	1	EurAmr	2	50
GNAS	1	EurAmr	9	11.11111111111111
HLCS	1	EurAmr	3	33.33333333333333
KRAS	1	EurAmr	118	0.847457627118644
LRCH4	1	EurAmr	2	50
MAPT	1	EurAmr	4	25
MOXD1	1	EurAmr	1	100
NUTF2	1	EurAmr	1	100
OSTF1	1	EurAmr	2	50
PLEKHH3	1	EurAmr	1	100
PRPSAP1	1	EurAmr	2	50
PTPN5	1	EurAmr	1	100
RBM6	1	EurAmr	2	50
RFTN2	1	EurAmr	2	50
RP1	1	EurAmr	6	16.666666666666664
SEMA6D	1	EurAmr	3	33.33333333333333
SORCS2	1	EurAmr	5	20
SPANXD	1	EurAmr	2	50
STK31	1	EurAmr	3	33.33333333333333
TGM6	1	EurAmr	2	50
UNC13C	1	EurAmr	4	25
USP8	1	EurAmr	5	20
WLS	1	EurAmr	1	100
ADAMTS19	1	EurAmr	4	25
ASB18	1	EurAmr	1	100
C4orf17	1	EurAmr	1	100
CACNA1C	1	EurAmr	4	25
CCDC92	1	EurAmr	2	50
COL23A1	1	EurAmr	1	100
DDIAS	1	EurAmr	2	50
ELN	1	EurAmr	2	50
ERCC6L2	1	EurAmr	2	50
FAM47A	1	EurAmr	4	25
GCNT1	1	EurAmr	2	50
GK2	1	EurAmr	2	50
GNPDA2	1	EurAmr	1	100
GRM1	1	EurAmr	4	25
HIST1H2AC	1	EurAmr	2	50
KCNA3	1	EurAmr	2	50
KDM5B	1	EurAmr	3	33.33333333333333
KIF26A	1	EurAmr	3	33.33333333333333
KRAS	1	EurAmr	118	0.847457627118644
MAN2B1	1	EurAmr	2	50
MAP3K6	1	EurAmr	2	50
MECOM	1	EurAmr	3	33.33333333333333
MGAT5	1	EurAmr	2	50
MRGPRX2	1	EurAmr	1	100
MUC16	2	EurAmr	15	13.333333333333334
MYO15A	1	EurAmr	3	33.33333333333333
ONECUT2	1	EurAmr	2	50
P4HA1	1	EurAmr	3	33.33333333333333
PCDH15	1	EurAmr	7	14.285714285714285
PCDHA1	1	EurAmr	5	20
PLD5	1	EurAmr	3	33.33333333333333
PPIP5K1	1	EurAmr	3	33.33333333333333
RASA3	1	EurAmr	3	33.33333333333333
RREB1	1	EurAmr	8	12.5
SCAF11	1	EurAmr	2	50
SCN7A	1	EurAmr	2	50
SLC19A1	1	EurAmr	2	50
SMAD4	1	EurAmr	27	3.7037037037037033
SPATA31A1	1	EurAmr	2	50
SPATA31D1	1	EurAmr	2	50
TG	1	EurAmr	2	50
TLN2	1	EurAmr	6	16.666666666666664
TMEM117	1	EurAmr	2	50
TOX2	1	EurAmr	6	16.666666666666664
TP53	1	EurAmr	80	1.25
TPTE	1	EurAmr	3	33.33333333333333
TSHZ2	1	EurAmr	6	16.666666666666664
TTN	1	EurAmr	24	4.166666666666666
USH2A	1	EurAmr	8	12.5
YY1AP1	1	EurAmr	2	50
ZNF441	1	EurAmr	2	50
ARHGAP10	1	EurAmr	3	33.33333333333333
ARHGAP17	1	EurAmr	2	50
ARID1A	1	EurAmr	5	20
ATP12A	1	EurAmr	5	20
BRAF	1	EurAmr	3	33.33333333333333
CAPN11	1	EurAmr	2	50
CD163	1	EurAmr	2	50
DACH2	1	EurAmr	3	33.33333333333333
DCAF4L2	1	EurAmr	2	50
DNAH11	1	EurAmr	8	12.5
DOCK10	1	EurAmr	3	33.33333333333333
DROSHA	1	EurAmr	2	50
EPHA1	1	EurAmr	2	50
FAM135B	1	EurAmr	3	33.33333333333333
FAM181A	1	EurAmr	2	50
FCGBP	1	EurAmr	5	20
FLNC	1	EurAmr	6	16.666666666666664
GLB1L	1	EurAmr	3	33.33333333333333
GPR162	1	EurAmr	2	50
KIAA1211	1	EurAmr	3	33.33333333333333
KLK11	1	EurAmr	1	100
MACF1	1	EurAmr	7	14.285714285714285
NSD1	1	EurAmr	2	50
NUP210	1	EurAmr	2	50
OR10C1	1	EurAmr	2	50
OR5F1	1	EurAmr	2	50
PKN1	1	EurAmr	3	33.33333333333333
PLEC	1	EurAmr	6	16.666666666666664
QDPR	1	EurAmr	2	50
SAMSN1	1	EurAmr	2	50
SF3B6	1	EurAmr	2	50
SHD	1	EurAmr	2	50
SLCO1B3	1	EurAmr	4	25
SMARCA4	1	EurAmr	2	50
SOGA3	1	EurAmr	3	33.33333333333333
SPRED1	1	EurAmr	1	100
SYTL2	1	EurAmr	2	50
TAS2R50	1	EurAmr	1	100
TET3	1	EurAmr	2	50
TMPRSS11F	1	EurAmr	1	100
TRO	1	EurAmr	2	50
TTC9	1	EurAmr	2	50
WNT3A	1	EurAmr	4	25
YTHDF1	1	EurAmr	2	50
ZNF845	1	EurAmr	2	50
ARMC5	1	EurAmr	2	50
ARMC7	1	EurAmr	2	50
ASTN1	1	EurAmr	6	16.666666666666664
C19orf26	1	EurAmr	3	33.33333333333333
CACNA1I	1	EurAmr	3	33.33333333333333
CDH26	1	EurAmr	2	50
CNTN3	1	EurAmr	3	33.33333333333333
DCHS1	1	EurAmr	6	16.666666666666664
DHRS2	1	EurAmr	2	50
DNAH11	1	EurAmr	8	12.5
EPPK1	1	EurAmr	2	50
FAT3	1	EurAmr	8	12.5
HLX	1	EurAmr	3	33.33333333333333
HSPA5	1	EurAmr	2	50
ICE2	1	EurAmr	2	50
IFNA10	1	EurAmr	2	50
ILK	1	EurAmr	1	100
IRF2BP1	1	EurAmr	2	50
KDM6B	1	EurAmr	2	50
KIR3DL1	1	EurAmr	1	100
KRAS	1	EurAmr	118	0.847457627118644
LCN9	1	EurAmr	2	50
LRIG3	1	EurAmr	3	33.33333333333333
LRIT1	1	EurAmr	2	50
LSR	1	EurAmr	1	100
LTBP4	1	EurAmr	3	33.33333333333333
MC5R	1	EurAmr	2	50
NKPD1	1	EurAmr	2	50
NOS1	1	EurAmr	5	20
PCDH1	1	EurAmr	3	33.33333333333333
PCDHA4	1	EurAmr	2	50
PCDHGA12	1	EurAmr	2	50
PDE9A	1	EurAmr	2	50
PIK3CB	1	EurAmr	1	100
PLOD3	1	EurAmr	2	50
PRR3	1	EurAmr	2	50
PTCHD1	1	EurAmr	2	50
RASGEF1C	1	EurAmr	3	33.33333333333333
RBM10	2	EurAmr	3	66.66666666666666
RUSC2	1	EurAmr	2	50
SCNN1G	1	EurAmr	2	50
SLC39A12	1	EurAmr	3	33.33333333333333
SLC45A2	1	EurAmr	3	33.33333333333333
SMAD4	1	EurAmr	27	3.7037037037037033
SORL1	1	EurAmr	2	50
SPTBN5	1	EurAmr	5	20
TMEM161B	1	EurAmr	2	50
TP53	1	EurAmr	80	1.25
TSC2	1	EurAmr	3	33.33333333333333
ZCCHC5	1	EurAmr	2	50
ZCCHC7	1	EurAmr	1	100
ZNF114	1	EurAmr	4	25
ZNF585A	1	EurAmr	4	25
ABCA4	1	EurAmr	5	20
ANKRD34B	1	EurAmr	1	100
C2orf16	1	EurAmr	2	50
CA5B	1	EurAmr	1	100
CAPN9	1	EurAmr	1	100
CSPG4	1	EurAmr	3	33.33333333333333
FLRT1	1	EurAmr	2	50
ITIH5	1	EurAmr	3	33.33333333333333
LAYN	1	EurAmr	1	100
NUP210L	1	EurAmr	3	33.33333333333333
NUP98	1	EurAmr	3	33.33333333333333
SASS6	1	EurAmr	1	100
TP53	1	EurAmr	80	1.25
TYR	1	EurAmr	3	33.33333333333333
ANO3	1	EurAmr	4	25
BCAM	1	EurAmr	3	33.33333333333333
C1R	1	EurAmr	1	100
C3orf22	1	EurAmr	1	100
CTSE	1	EurAmr	2	50
DGKI	1	EurAmr	3	33.33333333333333
EHMT1	1	EurAmr	2	50
ELF4	1	EurAmr	1	100
ERC1	1	EurAmr	2	50
FAM71A	1	EurAmr	2	50
FAM71B	1	EurAmr	5	20
FHOD3	1	EurAmr	3	33.33333333333333
FRMPD1	1	EurAmr	3	33.33333333333333
FSTL5	1	EurAmr	3	33.33333333333333
GAD2	1	EurAmr	2	50
GARNL3	1	EurAmr	1	100
GBF1	1	EurAmr	2	50
HOXC4	1	EurAmr	2	50
HOXD10	1	EurAmr	1	100
IGDCC4	1	EurAmr	3	33.33333333333333
IGHMBP2	1	EurAmr	2	50
JADE2	1	EurAmr	2	50
KIAA0556	1	EurAmr	5	20
KIAA2022	1	EurAmr	2	50
KRAS	1	EurAmr	118	0.847457627118644
LPXN	1	EurAmr	1	100
MEFV	1	EurAmr	5	20
MOS	1	EurAmr	2	50
NYAP2	1	EurAmr	3	33.33333333333333
OPRK1	1	EurAmr	1	100
PAK7	1	EurAmr	2	50
PCDH12	1	EurAmr	3	33.33333333333333
PIWIL3	1	EurAmr	2	50
PLCB3	1	EurAmr	3	33.33333333333333
PPFIA2	1	EurAmr	3	33.33333333333333
PPP2CA	1	EurAmr	1	100
PTCHD3	1	EurAmr	3	33.33333333333333
PTPRF	1	EurAmr	3	33.33333333333333
RBP3	1	EurAmr	3	33.33333333333333
RGS2	1	EurAmr	1	100
SCN11A	1	EurAmr	2	50
SCN8A	1	EurAmr	2	50
SEPT8	1	EurAmr	2	50
SLC9C2	1	EurAmr	2	50
SLIT1	1	EurAmr	4	25
SNTG1	1	EurAmr	1	100
SORCS1	1	EurAmr	3	33.33333333333333
SQSTM1	1	EurAmr	3	33.33333333333333
TIAM1	1	EurAmr	4	25
TOMM40L	1	EurAmr	1	100
TP53	1	EurAmr	80	1.25
TSHZ3	1	EurAmr	4	25
TUBA3C	1	EurAmr	4	25
ZAN	1	EurAmr	4	25
ZFP64	1	EurAmr	2	50
ZNF750	1	EurAmr	2	50
ACAN	1	EurAmr	3	33.33333333333333
ADAMTS12	1	EurAmr	5	20
ADRA1A	1	EurAmr	2	50
AHNAK	1	EurAmr	4	25
ANKRD30A	1	EurAmr	4	25
CCDC108	1	EurAmr	2	50
CHRNB2	1	EurAmr	2	50
CNTRL	1	EurAmr	2	50
COL22A1	1	EurAmr	6	16.666666666666664
COL27A1	1	EurAmr	2	50
COL6A1	1	EurAmr	3	33.33333333333333
DEPDC1	1	EurAmr	2	50
DIO3	1	EurAmr	3	33.33333333333333
DSC1	1	EurAmr	3	33.33333333333333
DSCAM	1	EurAmr	7	14.285714285714285
EPHA8	1	EurAmr	5	20
FBXL7	1	EurAmr	2	50
FLT4	1	EurAmr	5	20
FMNL3	1	EurAmr	3	33.33333333333333
FZD3	1	EurAmr	2	50
GNAZ	1	EurAmr	2	50
GRIA1	1	EurAmr	3	33.33333333333333
GYS2	1	EurAmr	3	33.33333333333333
HECW2	1	EurAmr	7	14.285714285714285
HPS1	1	EurAmr	2	50
ISLR2	1	EurAmr	3	33.33333333333333
KIAA1407	1	EurAmr	2	50
KIF1A	1	EurAmr	6	16.666666666666664
KIF4B	1	EurAmr	3	33.33333333333333
KIF6	1	EurAmr	2	50
KLK15	1	EurAmr	4	25
KRAS	1	EurAmr	118	0.847457627118644
MERTK	1	EurAmr	2	50
NACA	1	EurAmr	1	100
NOS1	1	EurAmr	5	20
OR10G9	1	EurAmr	4	25
OR2AG2	1	EurAmr	1	100
PCDHA10	1	EurAmr	2	50
PDZRN3	2	EurAmr	5	40
PIAS4	1	EurAmr	2	50
POMC	1	EurAmr	3	33.33333333333333
PRAMEF19	1	EurAmr	1	100
PTPRE	1	EurAmr	4	25
RAVER1	1	EurAmr	1	100
RIC1	1	EurAmr	3	33.33333333333333
RIN2	1	EurAmr	3	33.33333333333333
RPL10L	1	EurAmr	2	50
RPS6KB2	1	EurAmr	3	33.33333333333333
SBNO2	1	EurAmr	2	50
SCN2A	1	EurAmr	3	33.33333333333333
SEC24D	1	EurAmr	2	50
SFXN4	1	EurAmr	1	100
SHROOM4	1	EurAmr	4	25
SIGLEC5	1	EurAmr	2	50
SPHKAP	1	EurAmr	3	33.33333333333333
SUSD4	1	EurAmr	3	33.33333333333333
TENM3	1	EurAmr	6	16.666666666666664
TMEM132D	1	EurAmr	7	14.285714285714285
TMEM198	1	EurAmr	4	25
TMEM52	1	EurAmr	1	100
TNR	1	EurAmr	4	25
TP53	1	EurAmr	80	1.25
TRIM58	1	EurAmr	4	25
TRPC3	1	EurAmr	1	100
TRPM1	1	EurAmr	4	25
TTC19	1	EurAmr	1	100
ZNF473	1	EurAmr	2	50
ZNF480	1	EurAmr	2	50
ABCA4	1	EurAmr	5	20
ADAMTSL3	1	EurAmr	4	25
AKAP6	1	EurAmr	4	25
ANKRD24	1	EurAmr	3	33.33333333333333
ANXA8	1	EurAmr	2	50
AP2B1	1	EurAmr	2	50
ATIC	1	EurAmr	1	100
BATF	1	EurAmr	2	50
BDP1	1	EurAmr	3	33.33333333333333
C11orf30	1	EurAmr	2	50
CACNG2	1	EurAmr	3	33.33333333333333
CD99	1	EurAmr	1	100
CHD3	1	EurAmr	3	33.33333333333333
CHST10	1	EurAmr	2	50
CP	1	EurAmr	2	50
CPNE4	1	EurAmr	2	50
DDX4	1	EurAmr	2	50
DIDO1	1	EurAmr	6	16.666666666666664
DNAH6	1	EurAmr	2	50
DNHD1	1	EurAmr	2	50
DSG2	1	EurAmr	3	33.33333333333333
DYNC1I1	1	EurAmr	2	50
ERICH6	1	EurAmr	2	50
FAT4	1	EurAmr	5	20
FCGBP	1	EurAmr	5	20
GABRE	1	EurAmr	2	50
JPH1	1	EurAmr	2	50
KRAS	1	EurAmr	118	0.847457627118644
KRT28	1	EurAmr	2	50
LAMB4	1	EurAmr	2	50
LGALS1	1	EurAmr	1	100
MAP3K5	1	EurAmr	2	50
MYOT	1	EurAmr	3	33.33333333333333
NOX4	1	EurAmr	2	50
OR4C15	2	EurAmr	1	200
PCDH17	1	EurAmr	5	20
PNPT1	1	EurAmr	2	50
PRC1	1	EurAmr	2	50
PREX2	1	EurAmr	3	33.33333333333333
PTCHD2	1	EurAmr	4	25
RPL35A	1	EurAmr	1	100
RPS13	1	EurAmr	1	100
RPS3A	1	EurAmr	1	100
RTKN	1	EurAmr	2	50
RYR2	1	EurAmr	5	20
SDCCAG8	1	EurAmr	2	50
SF3B1	2	EurAmr	3	66.66666666666666
SPAG17	1	EurAmr	4	25
STK38L	1	EurAmr	2	50
SVIL	1	EurAmr	3	33.33333333333333
TAF1D	1	EurAmr	2	50
TBC1D1	1	EurAmr	2	50
TEP1	1	EurAmr	3	33.33333333333333
TMPRSS11D	1	EurAmr	2	50
TRIM29	1	EurAmr	1	100
UBBP4	1	EurAmr	1	100
ZNF761	1	EurAmr	2	50
ZNF99	1	EurAmr	3	33.33333333333333
ACOT12	1	EurAmr	2	50
ADAMTS5	1	EurAmr	4	25
AGL	1	EurAmr	3	33.33333333333333
ANKRD13C	1	EurAmr	2	50
BMP2	1	EurAmr	2	50
BRINP2	1	EurAmr	2	50
CIAO1	1	EurAmr	1	100
CLTC	1	EurAmr	2	50
CNTNAP5	1	EurAmr	3	33.33333333333333
COL6A3	1	EurAmr	2	50
CPNE5	1	EurAmr	2	50
CSMD3	1	EurAmr	7	14.285714285714285
CSPG4	1	EurAmr	3	33.33333333333333
CUL1	1	EurAmr	3	33.33333333333333
DMXL1	1	EurAmr	2	50
DPY19L3	1	EurAmr	2	50
DST	1	EurAmr	2	50
ELMO1	1	EurAmr	3	33.33333333333333
ETV6	1	EurAmr	2	50
FAM133A	1	EurAmr	1	100
FTMT	1	EurAmr	3	33.33333333333333
HM13	1	EurAmr	1	100
IGSF9B	1	EurAmr	2	50
IVL	1	EurAmr	1	100
KCNQ5	1	EurAmr	3	33.33333333333333
KIF26B	1	EurAmr	3	33.33333333333333
KRAS	1	EurAmr	118	0.847457627118644
LOX	1	EurAmr	1	100
MEGF6	1	EurAmr	4	25
MTUS2	1	EurAmr	6	16.666666666666664
MYO7B	1	EurAmr	2	50
NHS	1	EurAmr	1	100
NPHP3	1	EurAmr	3	33.33333333333333
OR5B17	1	EurAmr	1	100
OR6C6	1	EurAmr	2	50
PCDHGA2	1	EurAmr	4	25
PER1	1	EurAmr	2	50
PHACTR1	1	EurAmr	3	33.33333333333333
PITPNM2	1	EurAmr	3	33.33333333333333
PKD1	1	EurAmr	5	20
PLEC	1	EurAmr	6	16.666666666666664
PLXNA2	1	EurAmr	3	33.33333333333333
PPIAL4A	1	EurAmr	1	100
PTPDC1	1	EurAmr	2	50
PWP1	1	EurAmr	2	50
RASGRF2	1	EurAmr	2	50
RPL14	1	EurAmr	1	100
RPL15	1	EurAmr	1	100
SCRIB	1	EurAmr	5	20
SEMA6A	1	EurAmr	2	50
SMCR8	1	EurAmr	2	50
STIL	1	EurAmr	2	50
TANGO6	1	EurAmr	1	100
TBX15	1	EurAmr	2	50
TENM3	1	EurAmr	6	16.666666666666664
TMTC3	1	EurAmr	1	100
TNXB	1	EurAmr	5	20
TP53	1	EurAmr	80	1.25
TRIM39-RPP21	1	EurAmr	1	100
VDAC2	1	EurAmr	1	100
WASF3	1	EurAmr	1	100
WIPF1	1	EurAmr	2	50
ZNF28	1	EurAmr	4	25
ZNF521	1	EurAmr	2	50
ZNF569	1	EurAmr	2	50
ZNF773	1	EurAmr	3	33.33333333333333
ADGRL2	1	EurAmr	5	20
CDON	1	EurAmr	2	50
FLG	1	EurAmr	7	14.285714285714285
GORASP2	1	EurAmr	2	50
HMGXB4	1	EurAmr	2	50
ITFG1	1	EurAmr	1	100
IZUMO1	1	EurAmr	1	100
JAM2	1	EurAmr	2	50
KANSL1	1	EurAmr	3	33.33333333333333
KCNB2	1	EurAmr	7	14.285714285714285
KLHL25	1	EurAmr	1	100
KRAS	1	EurAmr	118	0.847457627118644
KRI1	1	EurAmr	2	50
PI16	1	EurAmr	1	100
RB1CC1	1	EurAmr	3	33.33333333333333
RPP40	1	EurAmr	2	50
SMAD4	1	EurAmr	27	3.7037037037037033
SNRPE	1	EurAmr	1	100
XIRP1	1	EurAmr	2	50
ZAP70	1	EurAmr	2	50
ZNF781	1	EurAmr	1	100
ACPT	1	EurAmr	1	100
ATRX	1	EurAmr	4	25
BANP	1	EurAmr	2	50
CCNA1	1	EurAmr	2	50
CHML	1	EurAmr	4	25
CSF2RB	1	EurAmr	3	33.33333333333333
DBF4B	1	EurAmr	2	50
DTL	2	EurAmr	2	100
HKDC1	1	EurAmr	1	100
HOXA3	1	EurAmr	3	33.33333333333333
INF2	1	EurAmr	3	33.33333333333333
KDM4C	1	EurAmr	3	33.33333333333333
KIAA0586	1	EurAmr	3	33.33333333333333
KRAS	1	EurAmr	118	0.847457627118644
LRRC7	1	EurAmr	4	25
MAPK13	1	EurAmr	1	100
OR10G7	1	EurAmr	1	100
OR10G9	1	EurAmr	4	25
PCDHA1	1	EurAmr	5	20
PEG3	1	EurAmr	6	16.666666666666664
PMEPA1	1	EurAmr	4	25
RNF43	1	EurAmr	9	11.11111111111111
SLC12A7	1	EurAmr	3	33.33333333333333
SLIT1	1	EurAmr	4	25
SMAD4	1	EurAmr	27	3.7037037037037033
TCF4	1	EurAmr	4	25
TDRD1	1	EurAmr	2	50
TP53	1	EurAmr	80	1.25
UGT8	1	EurAmr	1	100
ZSCAN18	1	EurAmr	4	25
ADAMTS12	1	EurAmr	5	20
ADAMTSL4	1	EurAmr	5	20
ADGRD1	1	EurAmr	5	20
AHCTF1	1	EurAmr	2	50
ALOX5	1	EurAmr	2	50
ARHGAP20	1	EurAmr	3	33.33333333333333
ARID3C	1	EurAmr	2	50
BRCA1	1	EurAmr	2	50
C10orf82	1	EurAmr	1	100
C11orf70	1	EurAmr	2	50
CDHR3	1	EurAmr	2	50
CHGA	1	EurAmr	2	50
COL5A1	1	EurAmr	7	14.285714285714285
COQ3	1	EurAmr	1	100
DIP2C	1	EurAmr	2	50
DYSF	1	EurAmr	5	20
EFTUD2	1	EurAmr	4	25
ERCC6L	1	EurAmr	1	100
FAT1	1	EurAmr	5	20
FLNC	1	EurAmr	6	16.666666666666664
GRID2	1	EurAmr	3	33.33333333333333
KIRREL3	1	EurAmr	2	50
KRAS	1	EurAmr	118	0.847457627118644
KRT24	1	EurAmr	2	50
LPO	1	EurAmr	2	50
MAP4K4	1	EurAmr	2	50
MBD3L1	1	EurAmr	2	50
MRPS33	1	EurAmr	1	100
NFKBIZ	1	EurAmr	3	33.33333333333333
PHLDB2	1	EurAmr	3	33.33333333333333
PKD2L1	1	EurAmr	2	50
PLXNA2	1	EurAmr	3	33.33333333333333
PREPL	1	EurAmr	1	100
PSG3	1	EurAmr	3	33.33333333333333
RECQL	1	EurAmr	2	50
SEL1L	1	EurAmr	1	100
SERPINB10	1	EurAmr	2	50
SLC47A1	1	EurAmr	1	100
SNAPC4	1	EurAmr	2	50
TDRD5	1	EurAmr	2	50
TMEM132B	1	EurAmr	3	33.33333333333333
VPS25	1	EurAmr	2	50
WDR48	1	EurAmr	3	33.33333333333333
WSCD1	1	EurAmr	1	100
ZDBF2	1	EurAmr	4	25
ADGRL2	1	EurAmr	5	20
ANKRD30A	1	EurAmr	4	25
ARHGEF35	1	EurAmr	1	100
ATRX	1	EurAmr	4	25
BCAN	1	EurAmr	3	33.33333333333333
CBLN1	1	EurAmr	1	100
CNTN1	1	EurAmr	3	33.33333333333333
DIP2A	1	EurAmr	2	50
EFTUD2	1	EurAmr	4	25
F7	1	EurAmr	1	100
FER1L6	1	EurAmr	2	50
FREM2	1	EurAmr	3	33.33333333333333
GALNT1	1	EurAmr	3	33.33333333333333
GRIN3A	1	EurAmr	2	50
HERC2	1	EurAmr	4	25
KPNA4	1	EurAmr	1	100
KRAS	1	EurAmr	118	0.847457627118644
LCE2B	1	EurAmr	1	100
MOK	1	EurAmr	3	33.33333333333333
MUC16	1	EurAmr	15	6.666666666666667
MXRA5	1	EurAmr	2	50
MYO18B	1	EurAmr	7	14.285714285714285
NOBOX	1	EurAmr	2	50
NRK	1	EurAmr	3	33.33333333333333
OFD1	1	EurAmr	2	50
PAPOLB	1	EurAmr	2	50
PCDHB5	1	EurAmr	3	33.33333333333333
PIGO	2	EurAmr	3	66.66666666666666
PITPNC1	1	EurAmr	1	100
PPAPDC1A	1	EurAmr	1	100
PPP2R2B	1	EurAmr	1	100
RNF213	1	EurAmr	10	10
RPS6KA6	1	EurAmr	2	50
RYR3	1	EurAmr	6	16.666666666666664
SLC6A2	1	EurAmr	3	33.33333333333333
SMPDL3B	1	EurAmr	1	100
SPHKAP	1	EurAmr	3	33.33333333333333
STARD7	1	EurAmr	1	100
TENM2	1	EurAmr	4	25
TP53	1	EurAmr	80	1.25
ARHGAP18	1	EurAmr	2	50
ARHGEF11	1	EurAmr	3	33.33333333333333
BIRC6	1	EurAmr	4	25
CACNG3	1	EurAmr	1	100
CCDC80	1	EurAmr	2	50
CDH22	1	EurAmr	2	50
CNTNAP2	1	EurAmr	2	50
CR2	1	EurAmr	5	20
CSPP1	1	EurAmr	3	33.33333333333333
CYP1A2	1	EurAmr	2	50
CYP2A6	1	EurAmr	1	100
DLGAP5	1	EurAmr	1	100
DNAH5	1	EurAmr	4	25
DRD2	1	EurAmr	3	33.33333333333333
DTX2	1	EurAmr	2	50
DUS3L	1	EurAmr	2	50
EID2B	1	EurAmr	1	100
EPHB2	1	EurAmr	5	20
EVC	1	EurAmr	3	33.33333333333333
FADS3	1	EurAmr	2	50
FGF13	1	EurAmr	2	50
FOXI1	1	EurAmr	3	33.33333333333333
FRY	1	EurAmr	4	25
GBA2	1	EurAmr	2	50
GDPGP1	1	EurAmr	2	50
HERC2	1	EurAmr	4	25
KCNB2	1	EurAmr	7	14.285714285714285
KCNH2	1	EurAmr	1	100
KLRC3	1	EurAmr	2	50
KRAS	1	EurAmr	118	0.847457627118644
KRT78	1	EurAmr	1	100
KRTAP12-3	1	EurAmr	1	100
LIFR	1	EurAmr	2	50
LRIG1	1	EurAmr	2	50
MYOT	1	EurAmr	3	33.33333333333333
OAS2	1	EurAmr	1	100
OPA1	1	EurAmr	2	50
PAPPA	1	EurAmr	2	50
PCDHA11	1	EurAmr	2	50
PCDHA6	1	EurAmr	4	25
PCDHB6	1	EurAmr	3	33.33333333333333
PCDHGA4	1	EurAmr	2	50
PCLO	1	EurAmr	4	25
PDZRN4	1	EurAmr	3	33.33333333333333
PRSS38	1	EurAmr	1	100
PYCRL	1	EurAmr	1	100
RDH5	1	EurAmr	1	100
RUNX3	1	EurAmr	2	50
SLIT1	1	EurAmr	4	25
SPEF2	1	EurAmr	3	33.33333333333333
SPG11	1	EurAmr	2	50
TENM4	1	EurAmr	4	25
TMC5	1	EurAmr	2	50
TOMM22	1	EurAmr	1	100
TOP2B	1	EurAmr	2	50
TP53	1	EurAmr	80	1.25
TUBA3C	1	EurAmr	4	25
UBA2	1	EurAmr	2	50
VPS36	1	EurAmr	2	50
ZNF606	1	EurAmr	3	33.33333333333333
ACOT4	1	EurAmr	1	100
BPTF	1	EurAmr	5	20
GATAD2B	1	EurAmr	3	33.33333333333333
INMT	1	EurAmr	2	50
KRAS	1	EurAmr	118	0.847457627118644
SMAD4	1	EurAmr	27	3.7037037037037033
MAP2K4	1	EurAmr	3	33.33333333333333
SLC38A8	1	EurAmr	3	33.33333333333333
TTC31	1	EurAmr	1	100
CHD4	1	EurAmr	2	50
GNAS	1	EurAmr	9	11.11111111111111
ABCB5	1	EurAmr	5	20
ADAM2	1	EurAmr	2	50
ADORA3	1	EurAmr	2	50
BACH1	1	EurAmr	3	33.33333333333333
CHMP4C	1	EurAmr	1	100
CHRNA7	1	EurAmr	1	100
CLSTN2	1	EurAmr	4	25
CPVL	1	EurAmr	1	100
DHRS3	1	EurAmr	2	50
DHX8	1	EurAmr	3	33.33333333333333
DNAH2	1	EurAmr	2	50
ERCC2	1	EurAmr	3	33.33333333333333
FAM47C	1	EurAmr	2	50
GLMN	1	EurAmr	2	50
GRK7	1	EurAmr	2	50
GRM6	1	EurAmr	2	50
HECW2	1	EurAmr	7	14.285714285714285
HIST1H1B	1	EurAmr	2	50
HMG20B	1	EurAmr	2	50
HYDIN	1	EurAmr	5	20
IFNL1	1	EurAmr	2	50
KRAS	1	EurAmr	118	0.847457627118644
LHX3	1	EurAmr	2	50
LRRC55	1	EurAmr	2	50
LTB4R2	1	EurAmr	2	50
MROH2B	1	EurAmr	2	50
MUC5AC	1	EurAmr	4	25
MUS81	1	EurAmr	2	50
MYO16	1	EurAmr	6	16.666666666666664
PCDHB5	1	EurAmr	3	33.33333333333333
PDCD11	1	EurAmr	3	33.33333333333333
PDCD1LG2	1	EurAmr	1	100
PREX1	1	EurAmr	4	25
PRSS55	1	EurAmr	1	100
SLAIN2	1	EurAmr	1	100
SLC12A3	1	EurAmr	3	33.33333333333333
SLC18A3	1	EurAmr	2	50
STIP1	1	EurAmr	2	50
TBC1D1	1	EurAmr	2	50
TOX4	1	EurAmr	2	50
TP53	1	EurAmr	80	1.25
TTN	1	EurAmr	24	4.166666666666666
YLPM1	1	EurAmr	2	50
ZFP42	1	EurAmr	2	50
ZMAT4	1	EurAmr	1	100
ZNF566	1	EurAmr	1	100
ZNF700	1	EurAmr	2	50
DHX30	1	EurAmr	3	33.33333333333333
RQCD1	1	EurAmr	1	100
ABCA13	1	EurAmr	4	25
BEX4	1	EurAmr	1	100
CELSR2	1	EurAmr	3	33.33333333333333
CNNM4	1	EurAmr	2	50
DET1	1	EurAmr	2	50
KRAS	1	EurAmr	118	0.847457627118644
MLKL	1	EurAmr	2	50
NSRP1	1	EurAmr	2	50
OR10K1	1	EurAmr	1	100
PKD1	1	EurAmr	5	20
RHOC	1	EurAmr	1	100
ROBO4	1	EurAmr	2	50
SCN5A	1	EurAmr	9	11.11111111111111
SLC26A6	1	EurAmr	1	100
SMAD4	1	EurAmr	27	3.7037037037037033
TCP11	1	EurAmr	1	100
TEX15	1	EurAmr	2	50
TGFBR1	1	EurAmr	5	20
TPD52	1	EurAmr	1	100
ZNF513	1	EurAmr	2	50
ACRV1	1	EurAmr	2	50
ADGRG3	1	EurAmr	1	100
ADGRL1	1	EurAmr	2	50
ALG12	1	EurAmr	2	50
ANKRD30B	2	EurAmr	1	200
ANO6	1	EurAmr	1	100
ARF1	1	EurAmr	2	50
ARHGAP4	1	EurAmr	1	100
ATRNL1	1	EurAmr	5	20
CBFA2T2	1	EurAmr	2	50
CCDC180	1	EurAmr	2	50
CD33	1	EurAmr	2	50
CDKN2A	1	EurAmr	15	6.666666666666667
CELF3	1	EurAmr	2	50
CEP126	1	EurAmr	1	100
CEP63	2	EurAmr	2	100
CFAP58	1	EurAmr	1	100
COL6A2	1	EurAmr	8	12.5
CRYBB1	1	EurAmr	2	50
CXCR1	1	EurAmr	2	50
DDC	1	EurAmr	1	100
DGKQ	1	EurAmr	2	50
EGFLAM	1	EurAmr	3	33.33333333333333
F12	1	EurAmr	2	50
FBN3	1	EurAmr	7	14.285714285714285
FSTL5	1	EurAmr	3	33.33333333333333
GLTSCR1L	1	EurAmr	2	50
GRIK2	1	EurAmr	4	25
GRM8	1	EurAmr	3	33.33333333333333
HMCN1	1	EurAmr	7	14.285714285714285
KRAS	1	EurAmr	118	0.847457627118644
KRTAP4-11	1	EurAmr	1	100
L3MBTL2	1	EurAmr	2	50
LMAN1L	1	EurAmr	3	33.33333333333333
LRIG3	1	EurAmr	3	33.33333333333333
LRP6	1	EurAmr	2	50
LUZP1	1	EurAmr	2	50
MAST2	1	EurAmr	2	50
ME3	1	EurAmr	1	100
MECOM	1	EurAmr	3	33.33333333333333
MICU3	1	EurAmr	1	100
MOB1A	1	EurAmr	1	100
MOCS1	1	EurAmr	2	50
MPHOSPH8	1	EurAmr	1	100
MYLK3	1	EurAmr	1	100
MYT1L	1	EurAmr	4	25
NADSYN1	1	EurAmr	2	50
NCAPH	1	EurAmr	4	25
NELL2	1	EurAmr	4	25
NF1	1	EurAmr	4	25
NIPA2	1	EurAmr	1	100
NISCH	1	EurAmr	2	50
NLRP9	1	EurAmr	4	25
NOTCH1	1	EurAmr	3	33.33333333333333
NOTCH3	1	EurAmr	3	33.33333333333333
NTF3	1	EurAmr	3	33.33333333333333
OR10J1	1	EurAmr	2	50
OR51A2	1	EurAmr	2	50
PCDH15	1	EurAmr	7	14.285714285714285
PCDHB8	1	EurAmr	2	50
PGLYRP3	1	EurAmr	1	100
PRODH2	1	EurAmr	2	50
PTDSS2	1	EurAmr	2	50
RREB1	1	EurAmr	8	12.5
RYR1	1	EurAmr	8	12.5
SCN5A	1	EurAmr	9	11.11111111111111
SDK1	1	EurAmr	7	14.285714285714285
SIPA1L3	1	EurAmr	2	50
SLC25A36	1	EurAmr	3	33.33333333333333
SMARCE1	1	EurAmr	2	50
SOX14	1	EurAmr	1	100
SPATC1L	1	EurAmr	1	100
SPG20	1	EurAmr	2	50
SSPO	1	EurAmr	5	20
TASP1	1	EurAmr	2	50
TBX5	1	EurAmr	2	50
TENM2	1	EurAmr	4	25
TNFAIP8L1	1	EurAmr	1	100
TTN	2	EurAmr	24	8.333333333333332
VPS25	1	EurAmr	2	50
ZCCHC11	1	EurAmr	3	33.33333333333333
ZNF471	1	EurAmr	2	50
AARD	1	EurAmr	1	100
ABCB1	1	EurAmr	5	20
ABCB5	1	EurAmr	5	20
ACTL9	1	EurAmr	5	20
ANK1	1	EurAmr	4	25
ATP2B3	1	EurAmr	3	33.33333333333333
AZGP1	1	EurAmr	2	50
BTBD11	1	EurAmr	6	16.666666666666664
CCDC120	1	EurAmr	1	100
DCHS2	1	EurAmr	4	25
DLGAP2	1	EurAmr	4	25
DMBT1	1	EurAmr	3	33.33333333333333
DNAH7	1	EurAmr	2	50
DNAI2	1	EurAmr	2	50
FRMPD2	1	EurAmr	3	33.33333333333333
KRAS	2	EurAmr	118	1.694915254237288
LEPR	1	EurAmr	3	33.33333333333333
NBEAL2	1	EurAmr	3	33.33333333333333
PADI3	1	EurAmr	2	50
PCDHB10	1	EurAmr	1	100
PPP2R5C	1	EurAmr	1	100
RB1CC1	1	EurAmr	3	33.33333333333333
RUNX1T1	1	EurAmr	2	50
SHROOM4	1	EurAmr	4	25
SLC9A5	1	EurAmr	2	50
SMAD4	1	EurAmr	27	3.7037037037037033
SRC	1	EurAmr	2	50
SSBP4	1	EurAmr	2	50
TLR6	1	EurAmr	3	33.33333333333333
TP53	1	EurAmr	80	1.25
USH1C	1	EurAmr	2	50
UBR3	1	EurAmr	2	50
AMER2	1	EurAmr	1	100
BTBD11	1	EurAmr	6	16.666666666666664
CLTCL1	1	EurAmr	3	33.33333333333333
CNTN3	1	EurAmr	3	33.33333333333333
ELOVL4	1	EurAmr	1	100
FAM13C	1	EurAmr	1	100
GABRR3	1	EurAmr	2	50
HRASLS5	1	EurAmr	2	50
ITFG2	1	EurAmr	2	50
ITGB1BP1	1	EurAmr	1	100
KRAS	1	EurAmr	118	0.847457627118644
MOSPD3	1	EurAmr	2	50
MTUS2	1	EurAmr	6	16.666666666666664
OSMR	1	EurAmr	2	50
PCDHGA10	1	EurAmr	3	33.33333333333333
PPP1R3C	1	EurAmr	2	50
PRPF38A	1	EurAmr	1	100
PTPRF	1	EurAmr	3	33.33333333333333
TFDP1	1	EurAmr	2	50
TTI1	1	EurAmr	3	33.33333333333333
UROC1	1	EurAmr	2	50
ZFAND2A	1	EurAmr	1	100
ADAMTS20	1	EurAmr	3	33.33333333333333
ALX3	1	EurAmr	1	100
ANXA1	1	EurAmr	3	33.33333333333333
ARMCX3	1	EurAmr	1	100
ASCC3	1	EurAmr	2	50
ATP11B	1	EurAmr	3	33.33333333333333
CACNA1E	1	EurAmr	2	50
CACNG2	1	EurAmr	3	33.33333333333333
CCDC88B	1	EurAmr	2	50
CCDC88C	1	EurAmr	2	50
CDH2	1	EurAmr	3	33.33333333333333
CKAP2L	1	EurAmr	3	33.33333333333333
COL11A1	1	EurAmr	5	20
D2HGDH	1	EurAmr	2	50
DCAF4L1	1	EurAmr	2	50
DENND5B	1	EurAmr	2	50
EIF4EBP2	1	EurAmr	1	100
EPHB4	1	EurAmr	4	25
FLG	1	EurAmr	7	14.285714285714285
GNAS	1	EurAmr	9	11.11111111111111
GOLGA6C	1	EurAmr	1	100
GOLGA6L6	1	EurAmr	1	100
GPR78	1	EurAmr	1	100
IGHA1	1	EurAmr	2	50
IGHA2	1	EurAmr	3	33.33333333333333
ITGA4	1	EurAmr	2	50
JAG1	1	EurAmr	3	33.33333333333333
KRAS	1	EurAmr	118	0.847457627118644
MAGEC2	1	EurAmr	1	100
MELK	1	EurAmr	2	50
NFE2L1	1	EurAmr	2	50
NUP160	1	EurAmr	2	50
NXPE2	1	EurAmr	2	50
OPA1	1	EurAmr	2	50
OR51A2	1	EurAmr	2	50
PALM2-AKAP2	1	EurAmr	2	50
PCDH17	1	EurAmr	5	20
PCDHA12	1	EurAmr	3	33.33333333333333
PCDHB11	1	EurAmr	2	50
PGA3	1	EurAmr	1	100
PGAM5	1	EurAmr	1	100
PHACTR1	1	EurAmr	3	33.33333333333333
PIK3CA	1	EurAmr	4	25
POSTN	1	EurAmr	2	50
RNF126	1	EurAmr	2	50
RRAGD	1	EurAmr	1	100
SCN3B	1	EurAmr	1	100
SLC22A23	1	EurAmr	1	100
SLC6A9	1	EurAmr	1	100
STXBP5	1	EurAmr	2	50
TMEM132D	1	EurAmr	7	14.285714285714285
VPS37D	1	EurAmr	1	100
ZBTB38	1	EurAmr	2	50
ZNF606	1	EurAmr	3	33.33333333333333
ZNF658	1	EurAmr	3	33.33333333333333
C10orf90	1	EurAmr	1	100
CDKN2A	1	EurAmr	15	6.666666666666667
CMYA5	1	EurAmr	5	20
CNTN4	1	EurAmr	3	33.33333333333333
FCN1	1	EurAmr	3	33.33333333333333
FLT4	1	EurAmr	5	20
FYB	1	EurAmr	1	100
GRIK2	1	EurAmr	4	25
IGDCC3	2	EurAmr	4	50
INO80	1	EurAmr	2	50
KIAA0556	1	EurAmr	5	20
KIAA0895	1	EurAmr	3	33.33333333333333
KIF4B	1	EurAmr	3	33.33333333333333
KRAS	1	EurAmr	118	0.847457627118644
MAP2	1	EurAmr	3	33.33333333333333
MUC17	1	EurAmr	7	14.285714285714285
PCNT	1	EurAmr	2	50
PRB1	1	EurAmr	1	100
PRKACB	1	EurAmr	1	100
RNF17	1	EurAmr	3	33.33333333333333
SDCBP	1	EurAmr	1	100
SEMA6D	1	EurAmr	3	33.33333333333333
SLC45A4	1	EurAmr	4	25
TTN	2	EurAmr	24	8.333333333333332
ZBTB47	1	EurAmr	2	50
ZNF70	1	EurAmr	2	50
ZNF773	1	EurAmr	3	33.33333333333333
ZNF831	1	EurAmr	2	50
A4GNT	1	EurAmr	1	100
ADAMTSL1	1	EurAmr	3	33.33333333333333
ARHGEF12	1	EurAmr	2	50
C14orf169	1	EurAmr	1	100
CCDC38	1	EurAmr	1	100
CENPC	1	EurAmr	2	50
CHD3	1	EurAmr	3	33.33333333333333
COL5A2	1	EurAmr	5	20
CSMD3	1	EurAmr	7	14.285714285714285
CYP21A2	1	EurAmr	1	100
CYP3A43	1	EurAmr	2	50
DIDO1	1	EurAmr	6	16.666666666666664
EML5	1	EurAmr	2	50
FAM153B	1	EurAmr	1	100
FOXR2	1	EurAmr	1	100
GDF3	1	EurAmr	1	100
GP2	1	EurAmr	2	50
HDAC4	1	EurAmr	2	50
KANSL2	1	EurAmr	1	100
KCNA4	1	EurAmr	5	20
KLHL4	1	EurAmr	1	100
KRAS	1	EurAmr	118	0.847457627118644
LMLN	1	EurAmr	2	50
LRMP	1	EurAmr	2	50
M1AP	1	EurAmr	2	50
NAV3	1	EurAmr	2	50
NRXN1	1	EurAmr	3	33.33333333333333
OCA2	1	EurAmr	2	50
P2RX1	1	EurAmr	1	100
PAPLN	1	EurAmr	2	50
PCDHB7	1	EurAmr	7	14.285714285714285
PTPRN2	1	EurAmr	3	33.33333333333333
RNF213	1	EurAmr	10	10
RNF43	1	EurAmr	9	11.11111111111111
RPS6KA2	1	EurAmr	2	50
SCN9A	1	EurAmr	5	20
SEMA3F	1	EurAmr	2	50
SIAH2	1	EurAmr	3	33.33333333333333
SLC44A4	1	EurAmr	3	33.33333333333333
SPDYE6	1	EurAmr	1	100
TMEM176A	1	EurAmr	1	100
TNFSF9	1	EurAmr	2	50
TRPM4	1	EurAmr	3	33.33333333333333
VPS13B	1	EurAmr	4	25
ZNF407	1	EurAmr	2	50
ZNF468	1	EurAmr	1	100
ADGRA3	1	EurAmr	4	25
AGXT	1	EurAmr	2	50
ANGPTL5	1	EurAmr	1	100
ANKRD34A	1	EurAmr	2	50
ANKRD35	2	EurAmr	3	66.66666666666666
AP3B1	1	EurAmr	2	50
ATP2B1	1	EurAmr	2	50
BCL6	1	EurAmr	3	33.33333333333333
BCORL1	1	EurAmr	2	50
C6orf118	1	EurAmr	3	33.33333333333333
DAAM2	1	EurAmr	2	50
DNAH10	1	EurAmr	6	16.666666666666664
DSC3	1	EurAmr	2	50
FMN2	1	EurAmr	4	25
FXYD3	1	EurAmr	1	100
GALC	1	EurAmr	2	50
GDI1	1	EurAmr	2	50
HAUS5	1	EurAmr	3	33.33333333333333
IFT140	1	EurAmr	2	50
IGLV5-37	1	EurAmr	1	100
IRX2	1	EurAmr	2	50
KBTBD4	1	EurAmr	1	100
KCNA5	1	EurAmr	5	20
KEAP1	1	EurAmr	2	50
KLF5	1	EurAmr	2	50
KRAS	1	EurAmr	118	0.847457627118644
KRT1	1	EurAmr	2	50
KRT34	1	EurAmr	1	100
LILRA1	1	EurAmr	1	100
LOXL2	1	EurAmr	2	50
LRP1B	1	EurAmr	6	16.666666666666664
MED12L	1	EurAmr	4	25
MYT1L	1	EurAmr	4	25
NRN1L	1	EurAmr	1	100
NUDT21	1	EurAmr	1	100
OR13C3	1	EurAmr	1	100
OR51G1	1	EurAmr	1	100
PCDH1	1	EurAmr	3	33.33333333333333
PCDHB7	1	EurAmr	7	14.285714285714285
PDCD6	1	EurAmr	1	100
PDZRN4	1	EurAmr	3	33.33333333333333
POTEM	1	EurAmr	2	50
PPP1R16B	1	EurAmr	3	33.33333333333333
PSG7	1	EurAmr	4	25
PTRF	1	EurAmr	2	50
RAMP3	1	EurAmr	1	100
RBM24	1	EurAmr	1	100
RIMS4	1	EurAmr	3	33.33333333333333
RPS6KB2	1	EurAmr	3	33.33333333333333
SLC25A48	1	EurAmr	1	100
SLCO4A1	1	EurAmr	2	50
SORBS1	1	EurAmr	2	50
SYCP2L	1	EurAmr	2	50
SYT10	1	EurAmr	2	50
TMIGD2	1	EurAmr	1	100
TP53	1	EurAmr	80	1.25
TPTE	1	EurAmr	3	33.33333333333333
TUBA3C	1	EurAmr	4	25
WNT6	1	EurAmr	2	50
ZFYVE26	1	EurAmr	4	25
CELF3	1	EurAmr	2	50
CELSR2	1	EurAmr	3	33.33333333333333
CHIT1	1	EurAmr	2	50
CLSTN3	1	EurAmr	2	50
DCTN1	1	EurAmr	2	50
DDX55	1	EurAmr	1	100
FTSJ3	1	EurAmr	3	33.33333333333333
GAS7	1	EurAmr	3	33.33333333333333
GOLGA3	1	EurAmr	2	50
GTPBP4	1	EurAmr	1	100
HTR1A	1	EurAmr	3	33.33333333333333
JAGN1	1	EurAmr	1	100
KRAS	1	EurAmr	118	0.847457627118644
LRRC4B	1	EurAmr	3	33.33333333333333
MACF1	1	EurAmr	7	14.285714285714285
MBD6	1	EurAmr	2	50
MCTP2	1	EurAmr	2	50
NFKBIB	1	EurAmr	1	100
NONO	1	EurAmr	2	50
NUB1	1	EurAmr	1	100
PCDHB7	1	EurAmr	7	14.285714285714285
PRAMEF1	1	EurAmr	2	50
RELN	1	EurAmr	7	14.285714285714285
SCRIB	1	EurAmr	5	20
SETMAR	1	EurAmr	1	100
SLCO1B3	1	EurAmr	4	25
SRL	1	EurAmr	1	100
TM6SF1	1	EurAmr	1	100
WNT2B	1	EurAmr	1	100
ZNF451	1	EurAmr	2	50
ZNF516	1	EurAmr	2	50
ACVR2A	1	EurAmr	3	33.33333333333333
CEBPZ	1	EurAmr	3	33.33333333333333
CHD7	1	EurAmr	2	50
DCLRE1C	1	EurAmr	1	100
DPP4	1	EurAmr	2	50
EIF2D	1	EurAmr	2	50
HIST1H3I	1	EurAmr	1	100
HMCN1	1	EurAmr	7	14.285714285714285
INF2	1	EurAmr	3	33.33333333333333
KRAS	1	EurAmr	118	0.847457627118644
LPP	1	EurAmr	2	50
MUC17	1	EurAmr	7	14.285714285714285
MYO18B	1	EurAmr	7	14.285714285714285
PRKCB	1	EurAmr	2	50
PRKCG	1	EurAmr	2	50
RBM6	1	EurAmr	2	50
RBMXL2	1	EurAmr	1	100
ST18	1	EurAmr	4	25
TLK2	1	EurAmr	2	50
TNFRSF19	1	EurAmr	2	50
TPO	1	EurAmr	7	14.285714285714285
TTC17	1	EurAmr	2	50
ZP2	1	EurAmr	1	100
ADH1A	1	EurAmr	2	50
ADSSL1	1	EurAmr	2	50
AIM1	1	EurAmr	2	50
AKAP6	1	EurAmr	4	25
ANO4	1	EurAmr	1	100
ARHGEF3	1	EurAmr	1	100
ATP12A	2	EurAmr	5	40
ATP1B4	1	EurAmr	1	100
BECN1	1	EurAmr	1	100
C6	1	EurAmr	2	50
CARD9	1	EurAmr	3	33.33333333333333
CASQ2	1	EurAmr	1	100
CENPJ	1	EurAmr	4	25
CKMT1B	1	EurAmr	1	100
CNIH3	1	EurAmr	3	33.33333333333333
CNOT1	1	EurAmr	2	50
CYB5R1	1	EurAmr	3	33.33333333333333
CYP4B1	1	EurAmr	1	100
DARS	1	EurAmr	2	50
DHX33	1	EurAmr	2	50
DMBT1	1	EurAmr	3	33.33333333333333
EFCAB13	1	EurAmr	1	100
EPHB2	1	EurAmr	5	20
FBXO10	1	EurAmr	1	100
FDXACB1	1	EurAmr	1	100
FHIT	1	EurAmr	1	100
GALNT10	1	EurAmr	2	50
GLRA1	1	EurAmr	3	33.33333333333333
GNAS	1	EurAmr	9	11.11111111111111
GNB3	1	EurAmr	2	50
GRM1	1	EurAmr	4	25
GYS2	1	EurAmr	3	33.33333333333333
HCN4	1	EurAmr	3	33.33333333333333
HLA-DRB5	1	EurAmr	1	100
IL3RA	1	EurAmr	1	100
IMP3	1	EurAmr	1	100
KCNH4	1	EurAmr	3	33.33333333333333
KDM2B	1	EurAmr	2	50
KLHL34	1	EurAmr	2	50
LRRC32	1	EurAmr	1	100
LRRC4B	1	EurAmr	3	33.33333333333333
LRRC8D	1	EurAmr	2	50
MAGEA8	1	EurAmr	2	50
MARCO	1	EurAmr	2	50
MLH3	1	EurAmr	2	50
MPP2	1	EurAmr	2	50
NFE2L3	1	EurAmr	2	50
NLRP10	1	EurAmr	2	50
NLRP8	1	EurAmr	4	25
NUP210L	1	EurAmr	3	33.33333333333333
OR52E4	1	EurAmr	1	100
OR8G5	1	EurAmr	2	50
ORC3	1	EurAmr	1	100
PAPPA2	1	EurAmr	3	33.33333333333333
PAQR6	1	EurAmr	1	100
PARS2	1	EurAmr	2	50
PCBP3	1	EurAmr	3	33.33333333333333
PCDHB13	1	EurAmr	4	25
PDE10A	1	EurAmr	4	25
PDGFC	1	EurAmr	2	50
PFKL	1	EurAmr	2	50
PLD4	1	EurAmr	1	100
PPP1R9B	1	EurAmr	2	50
PPRC1	1	EurAmr	2	50
PROM2	1	EurAmr	2	50
PRR16	1	EurAmr	2	50
RAD51AP1	1	EurAmr	1	100
RADIL	1	EurAmr	2	50
RGS6	1	EurAmr	1	100
RP11-385D13.1	1	EurAmr	1	100
RYR1	1	EurAmr	8	12.5
SERPINE1	1	EurAmr	2	50
SF3B1	1	EurAmr	3	33.33333333333333
SIGLEC1	1	EurAmr	4	25
SIGLECL1	1	EurAmr	1	100
SLTM	1	EurAmr	1	100
SMCHD1	1	EurAmr	3	33.33333333333333
SPTA1	1	EurAmr	5	20
STEAP4	1	EurAmr	1	100
SURF4	1	EurAmr	2	50
SYT3	1	EurAmr	3	33.33333333333333
TAF7L	1	EurAmr	1	100
TBKBP1	1	EurAmr	1	100
TGFB2	1	EurAmr	2	50
TIGD5	1	EurAmr	2	50
TMEM120B	1	EurAmr	1	100
TMEM175	1	EurAmr	2	50
TPSD1	1	EurAmr	2	50
TRPA1	1	EurAmr	2	50
TRPV3	1	EurAmr	2	50
TSNAXIP1	1	EurAmr	1	100
TSR3	1	EurAmr	1	100
TTN	1	EurAmr	24	4.166666666666666
VTA1	1	EurAmr	1	100
WWC3	1	EurAmr	2	50
ZBED8	1	EurAmr	2	50
ZC3H7A	2	EurAmr	2	100
ZNF180	1	EurAmr	2	50
ADRA2B	1	EurAmr	2	50
BEND2	1	EurAmr	4	25
BMP1	1	EurAmr	3	33.33333333333333
BRSK1	1	EurAmr	2	50
BYSL	1	EurAmr	2	50
CFH	1	EurAmr	3	33.33333333333333
CSMD3	1	EurAmr	7	14.285714285714285
FAM3C	1	EurAmr	1	100
FAT3	1	EurAmr	8	12.5
HIF3A	1	EurAmr	3	33.33333333333333
IL22RA1	1	EurAmr	1	100
KDM6A	1	EurAmr	2	50
KRAS	1	EurAmr	118	0.847457627118644
LRRC10	1	EurAmr	1	100
LTBP2	1	EurAmr	3	33.33333333333333
MEFV	1	EurAmr	5	20
MMRN1	1	EurAmr	2	50
MRPL34	1	EurAmr	1	100
NYNRIN	1	EurAmr	2	50
PDZRN3	1	EurAmr	5	20
PLXNB2	1	EurAmr	4	25
RAD21	1	EurAmr	2	50
RBMS1	1	EurAmr	2	50
RGS12	1	EurAmr	2	50
SUSD4	1	EurAmr	3	33.33333333333333
TP53	1	EurAmr	80	1.25
VWC2	1	EurAmr	2	50
ZC3H7B	1	EurAmr	3	33.33333333333333
ZNF148	1	EurAmr	1	100
ZNF184	1	EurAmr	2	50
ADAMTS8	1	EurAmr	2	50
ALS2CL	1	EurAmr	3	33.33333333333333
APOA4	1	EurAmr	2	50
ARMC7	1	EurAmr	2	50
ATP2C1	1	EurAmr	2	50
ATP7A	1	EurAmr	2	50
BRAF	1	EurAmr	3	33.33333333333333
C5AR1	1	EurAmr	1	100
C7	1	EurAmr	2	50
CAMSAP3	1	EurAmr	3	33.33333333333333
CARD11	1	EurAmr	3	33.33333333333333
CDH11	1	EurAmr	5	20
CNIH3	1	EurAmr	3	33.33333333333333
COL12A1	1	EurAmr	2	50
COL5A2	1	EurAmr	5	20
COL6A2	1	EurAmr	8	12.5
DNAH1	1	EurAmr	4	25
DNAJC13	1	EurAmr	3	33.33333333333333
DOCK10	1	EurAmr	3	33.33333333333333
DPP6	1	EurAmr	4	25
ELAVL2	1	EurAmr	2	50
ENGASE	1	EurAmr	1	100
ESRRA	1	EurAmr	2	50
FBLN2	1	EurAmr	4	25
FHOD1	1	EurAmr	1	100
FIBIN	1	EurAmr	1	100
FOXI1	1	EurAmr	3	33.33333333333333
FOXN4	1	EurAmr	2	50
GAA	1	EurAmr	2	50
GABRD	1	EurAmr	3	33.33333333333333
GBA3	1	EurAmr	3	33.33333333333333
GNAS	1	EurAmr	9	11.11111111111111
IDO1	1	EurAmr	2	50
IFT46	1	EurAmr	2	50
INSM1	1	EurAmr	1	100
KIAA1549	1	EurAmr	2	50
KIF27	1	EurAmr	2	50
KIFC3	1	EurAmr	2	50
KLF4	1	EurAmr	3	33.33333333333333
KMT2A	1	EurAmr	4	25
KRT36	1	EurAmr	1	100
L3MBTL1	1	EurAmr	2	50
MAP3K7CL	1	EurAmr	2	50
MCM3AP	1	EurAmr	3	33.33333333333333
MYO3A	1	EurAmr	3	33.33333333333333
NES	1	EurAmr	2	50
NKX2-8	1	EurAmr	1	100
NLRP4	1	EurAmr	2	50
NLRP8	1	EurAmr	4	25
NNAT	1	EurAmr	1	100
OR4A47	1	EurAmr	2	50
OR4S2	1	EurAmr	2	50
OR5H1	1	EurAmr	1	100
PLCB3	1	EurAmr	3	33.33333333333333
POLR1B	1	EurAmr	2	50
POMC	1	EurAmr	3	33.33333333333333
PREX1	1	EurAmr	4	25
PSG6	1	EurAmr	4	25
PVRL3	1	EurAmr	1	100
SERINC1	1	EurAmr	1	100
SHKBP1	1	EurAmr	2	50
SOX17	1	EurAmr	2	50
ST6GAL2	1	EurAmr	1	100
STC2	1	EurAmr	1	100
TBC1D9	1	EurAmr	4	25
TECPR1	1	EurAmr	2	50
TPM1	1	EurAmr	2	50
TRAC	1	EurAmr	1	100
TRAV17	1	EurAmr	1	100
TRBJ2-2P	1	EurAmr	1	100
TRBV3-1	1	EurAmr	1	100
TRDN	1	EurAmr	2	50
TTN	1	EurAmr	24	4.166666666666666
VCAN	1	EurAmr	4	25
XYLT1	1	EurAmr	4	25
ZBTB4	1	EurAmr	2	50
ZEB2	1	EurAmr	2	50
ZNF212	1	EurAmr	1	100
ZNF728	1	EurAmr	1	100
ATG9A	1	EurAmr	2	50
ATP2B2	1	EurAmr	3	33.33333333333333
CYTH4	1	EurAmr	1	100
DIAPH3	1	EurAmr	2	50
DNAH1	1	EurAmr	4	25
DSCAML1	1	EurAmr	6	16.666666666666664
ENC1	1	EurAmr	3	33.33333333333333
FANCM	1	EurAmr	2	50
FGFR4	1	EurAmr	2	50
GLI3	1	EurAmr	8	12.5
GNS	1	EurAmr	1	100
KIAA0556	1	EurAmr	5	20
KMT2B	1	EurAmr	3	33.33333333333333
KRAS	1	EurAmr	118	0.847457627118644
MYO1D	1	EurAmr	2	50
OXNAD1	1	EurAmr	2	50
PCDH18	1	EurAmr	4	25
PCDHA7	1	EurAmr	4	25
PCDHA8	1	EurAmr	3	33.33333333333333
PCDHGA8	1	EurAmr	2	50
PKD2L1	1	EurAmr	2	50
PREX1	1	EurAmr	4	25
PRRG3	1	EurAmr	1	100
PSG7	1	EurAmr	4	25
PTPN23	1	EurAmr	2	50
SCN5A	1	EurAmr	9	11.11111111111111
SCRIB	1	EurAmr	5	20
SMAD4	1	EurAmr	27	3.7037037037037033
SPEF2	1	EurAmr	3	33.33333333333333
SRPK3	1	EurAmr	2	50
TMPRSS11E	1	EurAmr	2	50
TRIM67	1	EurAmr	3	33.33333333333333
TRPC6	1	EurAmr	3	33.33333333333333
ZFP57	1	EurAmr	2	50
ZMIZ2	1	EurAmr	3	33.33333333333333
AKAP12	1	EurAmr	2	50
ATP5J2-PTCD1	1	EurAmr	1	100
BNC2	1	EurAmr	2	50
C4A	1	EurAmr	1	100
COL1A1	1	EurAmr	5	20
COL5A2	1	EurAmr	5	20
DCAF12L1	1	EurAmr	1	100
ENTPD4	1	EurAmr	3	33.33333333333333
FOXS1	1	EurAmr	2	50
FPR1	1	EurAmr	3	33.33333333333333
GNA13	1	EurAmr	2	50
KMT2D	1	EurAmr	6	16.666666666666664
KRAS	1	EurAmr	118	0.847457627118644
ME2	2	EurAmr	2	100
MGME1	1	EurAmr	1	100
OR5P3	1	EurAmr	2	50
PLEKHA5	1	EurAmr	2	50
POTEF	1	EurAmr	2	50
PRKCD	1	EurAmr	2	50
TBC1D8	1	EurAmr	2	50
TP53	1	EurAmr	80	1.25
TUBAL3	1	EurAmr	2	50
ALX1	1	EurAmr	2	50
ATP2A1	1	EurAmr	3	33.33333333333333
CPT1A	1	EurAmr	2	50
DNAH11	1	EurAmr	8	12.5
DYRK1A	1	EurAmr	3	33.33333333333333
JAK3	1	EurAmr	3	33.33333333333333
MAP3K6	1	EurAmr	2	50
MYH11	1	EurAmr	3	33.33333333333333
PLEKHH2	1	EurAmr	4	25
PTPRG	1	EurAmr	3	33.33333333333333
SETD1A	1	EurAmr	2	50
SMC5	1	EurAmr	2	50
SPESP1	1	EurAmr	2	50
SRGAP3	1	EurAmr	3	33.33333333333333
THBS2	1	EurAmr	2	50
TLN2	1	EurAmr	6	16.666666666666664
TMEM132D	1	EurAmr	7	14.285714285714285
ACAP3	1	EurAmr	1	100
ALS2CR12	1	EurAmr	1	100
BPTF	1	EurAmr	5	20
CASC3	1	EurAmr	1	100
CDH18	1	EurAmr	3	33.33333333333333
COL14A1	1	EurAmr	3	33.33333333333333
CYSLTR1	1	EurAmr	1	100
DDX43	1	EurAmr	2	50
DSC1	1	EurAmr	3	33.33333333333333
FBXO11	1	EurAmr	2	50
FRMD4A	1	EurAmr	2	50
GPC6	1	EurAmr	1	100
IL17C	1	EurAmr	1	100
ITFG2	1	EurAmr	2	50
KIAA1045	1	EurAmr	3	33.33333333333333
KRAS	1	EurAmr	118	0.847457627118644
LRP1B	1	EurAmr	6	16.666666666666664
LRRC37B	1	EurAmr	2	50
MLXIP	1	EurAmr	2	50
MOK	1	EurAmr	3	33.33333333333333
MTOR	1	EurAmr	3	33.33333333333333
MYCN	1	EurAmr	2	50
NUP98	1	EurAmr	3	33.33333333333333
PKD1	1	EurAmr	5	20
PLEKHG3	1	EurAmr	1	100
PLXNC1	1	EurAmr	2	50
PYGL	1	EurAmr	2	50
RYR3	2	EurAmr	6	33.33333333333333
SAMD11	1	EurAmr	2	50
SCN9A	1	EurAmr	5	20
SIX2	1	EurAmr	1	100
SRSF1	1	EurAmr	1	100
STK4	1	EurAmr	1	100
TP53	1	EurAmr	80	1.25
XIRP2	1	EurAmr	4	25
AQP9	1	EurAmr	1	100
ARHGEF17	1	EurAmr	4	25
ASIC1	1	EurAmr	3	33.33333333333333
BCL6	1	EurAmr	3	33.33333333333333
CDH18	1	EurAmr	3	33.33333333333333
CNPY4	1	EurAmr	1	100
CNTN4	1	EurAmr	3	33.33333333333333
COG8	1	EurAmr	1	100
COL6A5	1	EurAmr	3	33.33333333333333
CYLC1	1	EurAmr	4	25
DOCK1	1	EurAmr	3	33.33333333333333
DPY19L2	1	EurAmr	2	50
FAM208B	1	EurAmr	3	33.33333333333333
FNDC7	1	EurAmr	1	100
FUBP1	1	EurAmr	1	100
HS3ST4	1	EurAmr	1	100
IGHM	1	EurAmr	1	100
KMT2D	1	EurAmr	6	16.666666666666664
KRAS	1	EurAmr	118	0.847457627118644
LAMP2	1	EurAmr	1	100
MAP2	1	EurAmr	3	33.33333333333333
MUTYH	1	EurAmr	1	100
PAQR3	1	EurAmr	1	100
PLCE1	1	EurAmr	4	25
PRDM16	1	EurAmr	2	50
PTPN14	1	EurAmr	2	50
RIMBP3	1	EurAmr	2	50
SDS	1	EurAmr	1	100
SGOL2	1	EurAmr	2	50
SORCS2	1	EurAmr	5	20
TGM4	1	EurAmr	2	50
TNPO2	1	EurAmr	2	50
TP53	1	EurAmr	80	1.25
TRAPPC12	1	EurAmr	1	100
TRIP12	1	EurAmr	3	33.33333333333333
TTLL8	1	EurAmr	2	50
ZNF718	1	EurAmr	2	50
ADAMTS9	1	EurAmr	2	50
ADGRA3	1	EurAmr	4	25
ALOX5AP	1	EurAmr	1	100
AMER3	1	EurAmr	2	50
ARHGEF10L	1	EurAmr	2	50
ATP7B	1	EurAmr	2	50
BTAF1	1	EurAmr	2	50
BTBD9	1	EurAmr	2	50
C8orf34	1	EurAmr	2	50
CCDC157	1	EurAmr	1	100
CMYA5	1	EurAmr	5	20
CRNN	1	EurAmr	4	25
CSF2RB	1	EurAmr	3	33.33333333333333
CYB5R3	1	EurAmr	3	33.33333333333333
DDX46	1	EurAmr	3	33.33333333333333
DIMT1	1	EurAmr	1	100
DNAJB14	1	EurAmr	1	100
DOPEY1	1	EurAmr	3	33.33333333333333
EIF4A2	1	EurAmr	2	50
FAM183B	1	EurAmr	2	50
FAM73A	1	EurAmr	1	100
FASTK	1	EurAmr	2	50
FDCSP	1	EurAmr	1	100
FGD6	1	EurAmr	2	50
FLOT2	1	EurAmr	2	50
GABRA5	1	EurAmr	3	33.33333333333333
HTR2A	1	EurAmr	2	50
IGKV1D-42	1	EurAmr	1	100
IGLV2-11	1	EurAmr	1	100
KIAA1841	1	EurAmr	2	50
KRAS	1	EurAmr	118	0.847457627118644
LILRB1	1	EurAmr	4	25
LUZP4	1	EurAmr	1	100
MOB3A	1	EurAmr	2	50
MYADM	1	EurAmr	2	50
NLGN1	1	EurAmr	2	50
NT5C1B	1	EurAmr	1	100
OBSCN	1	EurAmr	7	14.285714285714285
OR2M2	1	EurAmr	2	50
OR2T4	1	EurAmr	2	50
OSTF1	1	EurAmr	2	50
PAQR9	1	EurAmr	1	100
PCNXL3	1	EurAmr	2	50
PDZRN3	1	EurAmr	5	20
PHF11	1	EurAmr	2	50
PROZ	1	EurAmr	2	50
PUS1	1	EurAmr	2	50
REPS2	1	EurAmr	1	100
RIMS2	1	EurAmr	6	16.666666666666664
RITA1	1	EurAmr	1	100
RNF38	1	EurAmr	2	50
RYR3	1	EurAmr	6	16.666666666666664
SAMD8	1	EurAmr	1	100
SCAI	1	EurAmr	1	100
SHANK1	1	EurAmr	2	50
SSUH2	1	EurAmr	2	50
STAT1	1	EurAmr	2	50
STK16	1	EurAmr	1	100
STS	1	EurAmr	3	33.33333333333333
THUMPD3	1	EurAmr	1	100
TNC	1	EurAmr	4	25
TP53	1	EurAmr	80	1.25
TRAJ42	1	EurAmr	1	100
TRIM38	1	EurAmr	2	50
TTN	1	EurAmr	24	4.166666666666666
TUBA8	1	EurAmr	2	50
ZNF280A	1	EurAmr	3	33.33333333333333
ZNF367	1	EurAmr	1	100
ZNF772	1	EurAmr	2	50
ZNF789	1	EurAmr	1	100
ANKRD35	1	EurAmr	3	33.33333333333333
ARHGAP15	1	EurAmr	3	33.33333333333333
ARHGAP9	1	EurAmr	2	50
BDP1	1	EurAmr	3	33.33333333333333
BICC1	1	EurAmr	2	50
CD1D	1	EurAmr	2	50
GABRQ	1	EurAmr	1	100
GPC5	1	EurAmr	2	50
GSE1	1	EurAmr	2	50
ITPR1	1	EurAmr	4	25
KRAS	1	EurAmr	118	0.847457627118644
MUC16	1	EurAmr	15	6.666666666666667
NCKIPSD	1	EurAmr	2	50
PANK3	1	EurAmr	1	100
PLEKHG2	1	EurAmr	3	33.33333333333333
PLXNB2	1	EurAmr	4	25
RBFOX1	1	EurAmr	2	50
RNF13	1	EurAmr	2	50
RREB1	1	EurAmr	8	12.5
ZBED4	1	EurAmr	3	33.33333333333333
ADAMTS2	1	EurAmr	3	33.33333333333333
AP1AR	1	EurAmr	1	100
CALB2	1	EurAmr	1	100
CATSPERD	1	EurAmr	3	33.33333333333333
CC2D2A	1	EurAmr	3	33.33333333333333
CCDC63	1	EurAmr	2	50
CDKN2A	1	EurAmr	15	6.666666666666667
CNTNAP1	1	EurAmr	2	50
CSMD3	1	EurAmr	7	14.285714285714285
CTCF	1	EurAmr	2	50
CTSC	1	EurAmr	2	50
CYP2B6	1	EurAmr	2	50
DDHD1	1	EurAmr	2	50
ECT2	1	EurAmr	2	50
GRHPR	2	EurAmr	1	200
IQGAP3	1	EurAmr	2	50
IRF4	1	EurAmr	2	50
ITGB8	1	EurAmr	2	50
KCNJ15	1	EurAmr	2	50
KRAS	1	EurAmr	118	0.847457627118644
MGAT3	3	EurAmr	2	150
MTERF3	1	EurAmr	1	100
MYO18B	1	EurAmr	7	14.285714285714285
NAPRT	1	EurAmr	1	100
NEK1	1	EurAmr	1	100
NGLY1	1	EurAmr	2	50
NKPD1	1	EurAmr	2	50
NUGGC	1	EurAmr	1	100
PIK3CG	1	EurAmr	4	25
PPP1R9A	1	EurAmr	4	25
PTPRG	1	EurAmr	3	33.33333333333333
RABGAP1	1	EurAmr	2	50
RP1	1	EurAmr	6	16.666666666666664
RPL34	1	EurAmr	2	50
S100A10	1	EurAmr	1	100
SLC25A13	2	EurAmr	2	100
SLIT2	1	EurAmr	2	50
SMAD4	1	EurAmr	27	3.7037037037037033
SPATA18	1	EurAmr	1	100
SPTBN5	1	EurAmr	5	20
TAF5	1	EurAmr	1	100
TCP1	1	EurAmr	1	100
TNRC6B	1	EurAmr	2	50
TRAPPC9	1	EurAmr	3	33.33333333333333
WDR78	1	EurAmr	3	33.33333333333333
WEE2	1	EurAmr	2	50
ZC3H15	1	EurAmr	2	50
ZC3H18	2	EurAmr	2	100
ACHE	1	EurAmr	2	50
ADAM30	1	EurAmr	2	50
ADGRD1	1	EurAmr	5	20
AFF3	1	EurAmr	3	33.33333333333333
AMER1	1	EurAmr	2	50
ANKRD11	1	EurAmr	4	25
ATP11B	1	EurAmr	3	33.33333333333333
ATP1A3	1	EurAmr	3	33.33333333333333
CANX	1	EurAmr	1	100
CAPN3	1	EurAmr	2	50
CASKIN1	1	EurAmr	3	33.33333333333333
CIRH1A	1	EurAmr	2	50
CLSTN2	1	EurAmr	4	25
COL28A1	1	EurAmr	3	33.33333333333333
CREBBP	1	EurAmr	2	50
DOPEY2	1	EurAmr	4	25
DPYSL5	1	EurAmr	3	33.33333333333333
EPHA5	1	EurAmr	2	50
FGFR1	1	EurAmr	1	100
FLNA	1	EurAmr	5	20
FOXQ1	1	EurAmr	2	50
GFPT2	1	EurAmr	2	50
HFM1	1	EurAmr	2	50
HK3	1	EurAmr	3	33.33333333333333
HOXB5	1	EurAmr	2	50
HTR1A	1	EurAmr	3	33.33333333333333
KCNC1	1	EurAmr	2	50
KRAS	1	EurAmr	118	0.847457627118644
KRTAP11-1	1	EurAmr	3	33.33333333333333
KRTAP8-1	1	EurAmr	1	100
MUC5B	1	EurAmr	3	33.33333333333333
NDST3	1	EurAmr	2	50
OGDHL	1	EurAmr	3	33.33333333333333
OR51E1	1	EurAmr	2	50
PCDH17	1	EurAmr	5	20
PCDH8	1	EurAmr	3	33.33333333333333
PCDHB3	1	EurAmr	4	25
PCDHGA1	1	EurAmr	3	33.33333333333333
PLEC	1	EurAmr	6	16.666666666666664
PXDN	1	EurAmr	5	20
RYR3	1	EurAmr	6	16.666666666666664
SEMA3E	1	EurAmr	1	100
SPPL3	1	EurAmr	2	50
STK40	1	EurAmr	1	100
SYT2	1	EurAmr	1	100
TFDP3	1	EurAmr	2	50
TIGD4	1	EurAmr	1	100
TLX2	1	EurAmr	1	100
TP53	1	EurAmr	80	1.25
UPK1B	1	EurAmr	1	100
USH2A	1	EurAmr	8	12.5
UTP20	1	EurAmr	2	50
VWA2	1	EurAmr	1	100
ZFHX4	1	EurAmr	7	14.285714285714285
ABCA13	1	EurAmr	4	25
ANGPT1	1	EurAmr	1	100
ANKRD2	1	EurAmr	1	100
APRT	1	EurAmr	1	100
ARHGAP36	1	EurAmr	4	25
ARHGEF15	1	EurAmr	2	50
ATRNL1	1	EurAmr	5	20
BCOR	2	EurAmr	3	66.66666666666666
BMP1	1	EurAmr	3	33.33333333333333
BRCC3	1	EurAmr	1	100
CCDC178	1	EurAmr	1	100
COL11A1	1	EurAmr	5	20
COL1A2	1	EurAmr	5	20
COL4A1	1	EurAmr	2	50
CTNND2	1	EurAmr	3	33.33333333333333
CYP11B1	1	EurAmr	2	50
DNAAF3	1	EurAmr	3	33.33333333333333
DNER	1	EurAmr	3	33.33333333333333
FARSA	1	EurAmr	1	100
FBN2	1	EurAmr	5	20
FGF13	1	EurAmr	2	50
FZD10	1	EurAmr	4	25
GATAD2B	1	EurAmr	3	33.33333333333333
GNB1L	1	EurAmr	1	100
GNB2	1	EurAmr	1	100
GPC4	1	EurAmr	2	50
GPR4	1	EurAmr	2	50
GRIK2	2	EurAmr	4	50
HERC5	1	EurAmr	2	50
HNF1B	1	EurAmr	1	100
HSF5	1	EurAmr	2	50
INA	1	EurAmr	2	50
INSRR	1	EurAmr	2	50
KIAA0825	1	EurAmr	1	100
KRAS	1	EurAmr	118	0.847457627118644
LARP4	1	EurAmr	2	50
LLGL2	1	EurAmr	2	50
LMNA	1	EurAmr	1	100
LRRFIP2	1	EurAmr	1	100
MAGEB6	1	EurAmr	3	33.33333333333333
MAGEE2	1	EurAmr	3	33.33333333333333
MAP1A	1	EurAmr	2	50
MECP2	1	EurAmr	1	100
MUC16	1	EurAmr	15	6.666666666666667
MYH4	1	EurAmr	4	25
NANOS2	1	EurAmr	1	100
NIPA1	1	EurAmr	1	100
NKX2-5	1	EurAmr	1	100
OR2K2	1	EurAmr	2	50
OSBPL11	1	EurAmr	2	50
PASD1	1	EurAmr	2	50
PCDHA9	1	EurAmr	3	33.33333333333333
PHIP	1	EurAmr	3	33.33333333333333
POLR2A	1	EurAmr	2	50
POP1	1	EurAmr	2	50
RBP3	1	EurAmr	3	33.33333333333333
RELN	1	EurAmr	7	14.285714285714285
RIMBP2	1	EurAmr	5	20
RNF41	1	EurAmr	1	100
RNF43	3	EurAmr	9	33.33333333333333
RPS6KA6	1	EurAmr	2	50
SAMD9L	1	EurAmr	3	33.33333333333333
SGSM3	1	EurAmr	2	50
SPATA6L	1	EurAmr	1	100
SPOCD1	1	EurAmr	2	50
SPON1	1	EurAmr	2	50
SSPO	1	EurAmr	5	20
STX3	1	EurAmr	2	50
TCEB3B	1	EurAmr	2	50
TMEM132D	1	EurAmr	7	14.285714285714285
TRANK1	1	EurAmr	3	33.33333333333333
TRIM67	1	EurAmr	3	33.33333333333333
TRPC7	1	EurAmr	3	33.33333333333333
TTN	1	EurAmr	24	4.166666666666666
UGDH	1	EurAmr	2	50
VAX2	1	EurAmr	1	100
VRK1	1	EurAmr	1	100
ZNF208	1	EurAmr	2	50
ZNF536	1	EurAmr	3	33.33333333333333
ZNF709	1	EurAmr	2	50
ZXDB	1	EurAmr	3	33.33333333333333
DIDO1	1	EurAmr	6	16.666666666666664
ERICH3	1	EurAmr	5	20
FAT1	1	EurAmr	5	20
PAOX	1	EurAmr	1	100
RAPGEF2	1	EurAmr	3	33.33333333333333
SOGA3	1	EurAmr	3	33.33333333333333
TP53	1	EurAmr	80	1.25
NAPSA	0	EurAmr	0	0
OXSM	0	EurAmr	0	0
PTHLH	0	EurAmr	0	0
ADGRG5	0	EurAmr	0	0
AP5B1	0	EurAmr	0	0
BIN2	0	EurAmr	0	0
CAMK4	0	EurAmr	0	0
FBXO16	0	EurAmr	0	0
HIST1H4B	0	EurAmr	0	0
IL27	0	EurAmr	0	0
KRTAP26-1	0	EurAmr	0	0
MAPK10	0	EurAmr	0	0
OR6F1	0	EurAmr	0	0
RBM5	0	EurAmr	0	0
SPATA20	0	EurAmr	0	0
TMEM130	0	EurAmr	0	0
TUSC3	0	EurAmr	0	0
WBSCR27	0	EurAmr	0	0
CABP5	0	EurAmr	0	0
CSK	0	EurAmr	0	0
HIST1H4E	0	EurAmr	0	0
IP6K2	0	EurAmr	0	0
MTTP	0	EurAmr	0	0
TRMT1	0	EurAmr	0	0
ZNF75A	0	EurAmr	0	0
CHST1	0	EurAmr	0	0
PTK2B	0	EurAmr	0	0
PYGO1	0	EurAmr	0	0
RCBTB2	0	EurAmr	0	0
SRF	0	EurAmr	0	0
TYROBP	0	EurAmr	0	0
WDR59	0	EurAmr	0	0
ZBTB3	0	EurAmr	0	0
ALOXE3	0	EurAmr	0	0
ARMC9	0	EurAmr	0	0
ASRGL1	0	EurAmr	0	0
B3GALT5	0	EurAmr	0	0
CADM4	0	EurAmr	0	0
CD96	0	EurAmr	0	0
CTAGE1	0	EurAmr	0	0
DBT	0	EurAmr	0	0
EEF2KMT	0	EurAmr	0	0
EFCAB1	0	EurAmr	0	0
FFAR2	0	EurAmr	0	0
GRINA	0	EurAmr	0	0
HADH	0	EurAmr	0	0
HCAR1	0	EurAmr	0	0
HIST1H2AL	0	EurAmr	0	0
ITPRIPL2	0	EurAmr	0	0
KIAA1429	0	EurAmr	0	0
LOXL1	0	EurAmr	0	0
MEGF11	0	EurAmr	0	0
OR2M7	0	EurAmr	0	0
OR51B2	0	EurAmr	0	0
OR6X1	0	EurAmr	0	0
PNKD	0	EurAmr	0	0
POPDC3	0	EurAmr	0	0
PRSS57	0	EurAmr	0	0
R3HCC1L	0	EurAmr	0	0
RNF26	0	EurAmr	0	0
SC5D	0	EurAmr	0	0
SRSF4	0	EurAmr	0	0
TRAF3	0	EurAmr	0	0
ZNF645	0	EurAmr	0	0
AMFR	0	EurAmr	0	0
CALCA	0	EurAmr	0	0
CCSER2	0	EurAmr	0	0
FAM171B	0	EurAmr	0	0
MFSD8	0	EurAmr	0	0
OR8K1	0	EurAmr	0	0
SLC6A19	0	EurAmr	0	0
TMEM104	0	EurAmr	0	0
WBSCR28	0	EurAmr	0	0
